App,Package,Start Time,Duration,Filename
"System",,"May 11, 2020 @ 11:33:36 PM","7 min 19 sec","myfile.db"

Time  [ms],"Battery Remaining (%) [%]",Time  [ms],"Battery Status",Time  [ms],"Memory Usage [KB]",Time  [ms],"Screen Brightness",Time  [ms],"Battery Power* [uW]",Time  [ms],"GPU Frequency [KHz]",Time  [ms],"GPU Load [%]",Time  [ms],"CPU Load [%]",Time  [ms],"CPU Load (Normalized) [%]",Time  [ms],"CPU1 Frequency [kHz]",Time  [ms],"CPU2 Frequency [kHz]",Time  [ms],"CPU3 Frequency [kHz]",Time  [ms],"CPU4 Frequency [kHz]",Time  [ms],"CPU1 Load [%]",Time  [ms],"CPU2 Load [%]",Time  [ms],"CPU3 Load [%]",Time  [ms],"CPU4 Load [%]",Time  [ms],"Application State",Description,
0,100,0,1,55,1007312,56,1,57,328716,57,320000,58,0,58,26,61,0,53,960000,55,2265600,56,0,57,0,54,33,56,16,56,0,57,0,57,0,,
57,100,57,1,155,1007760,158,1,159,582840,160,320000,160,0,161,21,163,7,154,2265600,156,1958400,157,0,158,0,155,22,157,20,158,0,159,0,159,0,,
159,100,159,1,255,1004832,257,1,257,582840,258,320000,258,0,259,21,261,9,254,2265600,255,1958400,256,0,257,0,255,22,256,20,257,0,257,0,257,0,,
258,100,258,1,356,1005204,359,1,362,351686,363,320000,363,0,364,15,367,7,354,2265600,357,1958400,358,0,360,0,355,22,358,0,359,0,360,0,362,0,,
362,100,362,1,456,1005772,459,1,460,681609,461,320000,461,0,462,25,464,14,455,2265600,457,960000,458,0,459,0,456,40,458,20,459,0,459,0,460,0,,
460,100,460,1,556,1005896,559,1,560,1035040,560,320000,561,0,561,36,564,14,555,2265600,557,2265600,558,0,559,0,556,20,558,45,558,0,559,0,559,0,,
560,100,560,1,656,1006144,658,1,658,907905,659,320000,659,0,660,31,662,10,655,2265600,657,2265600,657,0,658,0,656,12,657,45,658,0,658,0,658,0,,
659,100,659,1,757,1006392,758,1,759,462930,759,320000,760,0,760,13,763,6,755,2265600,757,2265600,758,0,759,0,756,9,757,20,758,0,759,0,759,0,,
759,100,759,1,857,1006516,859,1,860,402207,860,320000,861,0,861,19,864,8,856,1497600,858,2265600,859,0,859,0,857,18,858,18,859,0,860,0,860,0,,
860,100,860,1,960,1006764,964,1,967,84159,968,320000,970,0,971,31,977,9,956,960000,960,422400,963,0,965,0,958,36,962,22,964,0,966,0,966,0,,
967,100,967,1,1059,1007008,1061,1,1062,308478,1063,320000,1064,0,1065,36,1068,8,1057,960000,1059,2265600,1061,0,1062,0,1058,60,1060,11,1061,0,1062,0,1062,0,,
1062,100,1063,1,1163,1007256,1165,1,1166,23997,1166,320000,1167,0,1168,5,1170,1,1157,960000,1163,2265600,1164,0,1165,0,1161,10,1164,0,1165,0,1165,0,1166,0,,
1166,100,1166,1,1258,1006708,1260,1,1260,1352880,1261,320000,1261,0,1262,40,1264,20,1257,2265600,1259,2265600,1259,0,1260,0,1258,63,1259,22,1260,0,1260,0,1260,0,,
1261,100,1261,1,1359,1006652,1361,1,1362,202135,1362,320000,1363,0,1363,13,1366,4,1357,1497600,1359,2265600,1360,0,1361,0,1358,9,1360,9,1360,0,1361,0,1361,0,,
1362,100,1362,1,1459,1006736,1461,1,1462,701309,1463,320000,1463,0,1464,22,1466,10,1458,2265600,1460,2265600,1461,0,1461,0,1459,33,1460,11,1461,0,1462,0,1462,0,,
1462,100,1462,1,1561,1006736,1565,1,1567,134706,1569,320000,1570,0,1571,25,1576,9,1559,1190400,1562,960000,1564,0,1566,0,1560,18,1564,30,1565,0,1567,0,1567,0,,
1568,100,1568,1,1662,1006860,1666,1,1668,183999,1669,320000,1670,0,1671,25,1676,6,1659,1190400,1663,960000,1665,0,1667,0,1661,36,1664,22,1665,0,1667,0,1668,0,,
1668,100,1668,1,1761,1006860,1765,1,1766,105152,1767,320000,1767,0,1769,25,1773,6,1759,960000,1762,960000,1764,0,1765,0,1761,11,1763,36,1764,0,1766,0,1766,0,,
1766,100,1766,1,1862,1006860,1866,1,1867,26190,1869,320000,1870,0,1871,10,1875,2,1859,960000,1863,960000,1865,0,1866,0,1861,0,1864,11,1865,0,1867,0,1867,0,,
1868,100,1868,1,1961,1006860,1963,1,1963,514649,1964,320000,1964,0,1965,42,1967,13,1960,1958400,1961,960000,1962,0,1963,0,1961,36,1962,44,1963,0,1963,0,1963,0,,
1963,100,1964,1,2065,1006860,2071,1,2076,58318,2078,320000,2078,0,2080,17,2084,4,2061,729600,2066,960000,2068,0,2072,0,2064,20,2067,16,2070,0,2075,0,2076,0,,
2077,100,2077,1,2163,1006860,2170,1,2171,450389,2172,320000,2173,0,2173,38,2176,8,2161,960000,2164,2265600,2169,0,2170,0,2162,45,2165,22,2170,0,2171,0,2171,0,,
2171,100,2171,1,2262,1006860,2264,1,2264,637741,2265,320000,2265,0,2266,15,2268,8,2261,2265600,2263,2265600,2264,0,2264,0,2262,30,2263,10,2264,0,2264,0,2264,0,,
2265,100,2265,1,2363,1006868,2365,1,2366,81782,2367,320000,2367,0,2368,10,2373,4,2361,1036800,2363,2265600,2365,0,2366,0,2363,30,2364,0,2365,0,2366,0,2366,0,,
2366,100,2367,1,2463,1006868,2465,1,2466,210892,2467,320000,2467,0,2468,20,2470,5,2462,960000,2463,2265600,2464,0,2465,0,2462,30,2464,9,2465,0,2466,0,2466,0,,
2466,100,2466,1,2564,1006992,2566,1,2567,664062,2568,320000,2569,0,2570,26,2573,8,2562,2265600,2564,960000,2566,0,2567,0,2563,40,2565,12,2566,0,2567,0,2567,0,,
2568,100,2568,1,2664,1006992,2667,1,2668,61284,2669,320000,2671,0,2672,14,2677,5,2662,2265600,2665,960000,2666,0,2667,0,2664,0,2666,27,2666,0,2667,0,2668,0,,
2668,100,2668,1,2764,1007116,2765,1,2766,637741,2766,320000,2766,0,2767,21,2769,5,2762,2265600,2764,2265600,2765,0,2765,0,2763,18,2764,22,2765,0,2765,0,2765,0,,
2766,100,2766,1,2865,1007116,2867,1,2869,169218,2870,320000,2870,0,2871,10,2875,5,2863,2265600,2865,960000,2866,0,2867,0,2864,9,2866,11,2867,0,2868,0,2868,0,,
2869,100,2869,1,2972,1007240,2984,1,2989,1427,2993,320000,2995,0,2999,27,3011,4,2965,652800,2975,300000,2981,0,2986,0,2970,0,2979,20,2983,0,2988,0,2989,0,,
2990,100,2991,1,3066,1007240,3069,1,3071,1111312,3072,320000,3073,0,3074,57,3079,14,3064,2265600,3067,960000,3068,0,3070,0,3066,60,3068,71,3069,0,3070,0,3070,0,,
3071,100,3071,1,3167,1007240,3171,1,3172,341836,3173,320000,3174,0,3175,15,3179,6,3165,2265600,3168,960000,3170,0,3171,0,3166,20,3169,10,3170,0,3172,0,3172,0,,
3172,100,3173,1,3267,1007896,3270,1,3271,479400,3272,320000,3273,0,3274,30,3278,11,3265,2265600,3268,960000,3269,0,3271,0,3267,27,3269,22,3270,0,3271,0,3271,0,,
3272,100,3272,1,3368,1008600,3372,1,3374,660020,3375,320000,3376,0,3377,57,3381,21,3366,1497600,3369,960000,3371,0,3373,0,3367,100,3370,11,3372,0,3373,0,3374,0,,
3374,100,3374,1,3467,1008952,3468,1,3469,2354074,3470,320000,3470,0,3471,70,3473,31,3466,2265600,3467,2265600,3468,0,3469,0,3467,88,3468,60,3468,0,3469,0,3469,0,,
3469,100,3469,1,3571,1009320,3578,1,3581,1705349,3584,320000,3585,0,3588,62,3597,29,3567,2265600,3571,1497600,3576,0,3578,0,3569,100,3574,18,3576,0,3580,0,3580,0,,
3581,100,3583,1,3668,1009692,3669,1,3670,2290506,3671,320000,3671,0,3672,68,3674,32,3666,2265600,3668,2265600,3669,0,3669,0,3667,100,3668,44,3669,0,3670,0,3670,0,,
3670,100,3670,1,3769,1009816,3772,1,3773,1657061,3775,320000,3775,0,3776,68,3780,31,3767,2265600,3769,960000,3771,0,3773,0,3768,100,3771,30,3772,0,3773,0,3773,0,,
3774,100,3774,1,3868,1010684,3870,1,3871,2068018,3872,320000,3872,0,3873,65,3875,32,3867,2265600,3868,2265600,3869,0,3870,0,3868,100,3869,30,3870,0,3871,0,3871,0,,
3871,100,3871,1,4009,1011940,4010,1,4011,1494892,4012,320000,4012,0,4013,53,4015,24,4007,2265600,4009,1728000,4010,0,4011,0,4008,73,4010,38,4010,0,4011,0,3917,1,started,
4011,100,4011,1,4059,1011940,4061,1,4061,177176,4062,320000,4062,0,4063,11,4067,3,4057,2265600,4059,1728000,4060,0,4061,0,4058,0,4060,20,4060,0,4061,0,4011,1,started,
4061,100,4061,1,4159,1008472,4160,1,4161,680796,4161,320000,4162,0,4162,28,4164,9,4158,1267200,4159,2265600,4160,0,4161,0,4159,10,4160,40,4160,0,4161,0,4061,1,started,
4161,100,4161,1,4259,1009028,4261,1,4261,2179262,4262,320000,4262,0,4263,63,4265,28,4258,2265600,4260,2265600,4260,0,4261,0,4259,60,4260,77,4261,0,4261,0,4161,1,started,
4261,100,4261,1,4360,1009464,4363,1,4364,1503353,4365,320000,4365,0,4366,55,4369,27,4358,2265600,4360,1574400,4362,0,4363,0,4359,90,4361,10,4362,0,4363,0,4261,1,started,
4364,100,4364,1,4461,1009588,4464,1,4465,1325564,4465,320000,4466,0,4467,64,4471,25,4459,2265600,4462,960000,4463,0,4464,0,4461,75,4463,60,4463,0,4464,0,4363,1,started,
4465,100,4465,1,4560,1008696,4562,1,4572,2592453,4573,320000,4573,0,4574,77,4576,32,4559,2265600,4561,2265600,4561,0,4562,0,4560,63,4561,100,4562,0,4572,0,4465,1,started,
4572,100,4572,1,4661,1008696,4662,1,4663,1909098,4663,320000,4663,0,4664,61,4666,30,4659,2265600,4661,2265600,4662,0,4662,0,4660,100,4661,20,4662,0,4662,0,4572,1,started,
4663,100,4663,1,4762,1008820,4764,1,4765,1657061,4766,320000,4766,0,4767,59,4771,30,4760,2265600,4762,960000,4764,0,4765,0,4761,100,4763,30,4764,0,4765,0,4662,1,started,
4765,100,4765,1,4862,1009412,4866,1,4867,1646094,4868,320000,4869,0,4870,66,4874,27,4860,2265600,4863,960000,4865,0,4866,0,4862,100,4864,25,4865,0,4867,0,4765,1,started,
4868,100,4868,1,4962,1011004,4964,1,4965,1637482,4966,320000,4967,0,4967,65,4970,30,4960,2265600,4962,1958400,4963,0,4964,0,4961,44,4963,81,4964,0,4965,0,4867,1,started,
4965,100,4965,1,5062,1013884,5064,1,5069,2417641,5070,320000,5071,0,5071,75,5074,37,5061,2265600,5062,2265600,5063,0,5065,0,5062,77,5063,75,5064,0,5069,0,4965,1,started,
5070,100,5070,1,5162,1014160,5164,1,5165,2544777,5165,320000,5165,0,5166,75,5168,37,5161,2265600,5162,2265600,5164,0,5164,0,5162,100,5163,60,5164,0,5164,0,5069,1,started,
5165,100,5165,1,5263,1014160,5264,1,5265,605957,5265,320000,5265,0,5266,20,5268,10,5261,2265600,5263,2265600,5264,0,5264,0,5262,18,5263,20,5264,0,5264,0,5164,1,started,
5265,100,5265,1,5363,1011256,5364,1,5365,348008,5366,320000,5366,0,5367,20,5369,8,5362,1497600,5363,2265600,5364,0,5365,0,5362,27,5364,11,5364,0,5365,0,5265,1,started,
5365,100,5366,1,5463,1011484,5465,1,5465,2052126,5466,320000,5466,0,5466,61,5468,27,5462,2265600,5463,2265600,5464,0,5465,0,5463,66,5464,63,5464,0,5465,0,5365,1,started,
5465,100,5465,1,5563,1011980,5565,1,5566,1677369,5567,320000,5567,0,5568,63,5570,30,5562,1267200,5564,2265600,5565,0,5565,0,5563,20,5564,100,5565,0,5566,0,5465,1,started,
5566,100,5566,1,5664,1012104,5665,1,5666,2068018,5666,320000,5666,0,5667,65,5669,32,5662,2265600,5664,2265600,5665,0,5665,0,5663,40,5664,90,5665,0,5665,0,5566,1,started,
5666,100,5666,1,5764,1012608,5765,1,5766,1669374,5766,320000,5767,0,5767,57,5769,27,5763,1574400,5764,2265600,5765,0,5766,0,5764,11,5765,100,5765,0,5766,0,5666,1,started,
5766,100,5766,1,5864,1012732,5866,1,5866,1634314,5867,320000,5867,0,5868,55,5873,26,5863,1267200,5865,2265600,5865,0,5866,0,5864,10,5865,100,5866,0,5866,0,5766,1,started,
5867,100,5867,1,5965,1013272,5966,1,5967,2290506,5967,320000,5967,0,5968,70,5970,31,5963,2265600,5965,2265600,5966,0,5966,0,5964,44,5966,100,5966,0,5967,0,5866,1,started,
5967,100,5967,1,6065,1014888,6067,1,6072,1909098,6074,320000,6074,0,6075,65,6078,32,6064,2265600,6065,2265600,6066,0,6067,0,6065,20,6066,100,6066,0,6067,0,5967,1,started,
6073,100,6073,1,6165,1014928,6167,1,6167,859283,6168,320000,6169,0,6169,36,6171,16,6164,1267200,6166,2265600,6166,0,6167,0,6165,33,6166,45,6167,0,6167,0,6070,1,started,
6167,100,6168,1,6266,1010200,6267,1,6268,397401,6268,320000,6269,0,6269,18,6271,7,6264,1267200,6266,2265600,6267,0,6267,0,6265,18,6267,20,6267,0,6268,0,6167,1,started,
6268,100,6268,1,6366,1006660,6368,1,6369,894673,6370,320000,6370,0,6371,41,6374,15,6365,2265600,6367,1497600,6368,0,6369,0,6366,45,6368,28,6368,0,6369,0,6268,1,started,
6369,100,6369,1,6470,1007360,6476,1,6478,1698897,6478,320000,6479,0,6480,60,6484,29,6466,2265600,6471,1267200,6474,0,6476,0,6469,100,6474,25,6475,0,6477,0,6369,1,started,
6478,100,6478,1,6567,1007732,6570,1,6571,1880201,6573,320000,6574,0,6574,68,6577,33,6566,2265600,6568,1958400,6569,0,6570,0,6567,100,6568,25,6569,0,6570,0,6477,1,started,
6571,100,6572,1,6667,1008080,6669,1,6670,1489322,6670,320000,6673,0,6674,66,6676,28,6666,2265600,6668,1728000,6669,0,6669,0,6667,44,6668,90,6669,0,6670,0,6571,1,started,
6670,100,6670,1,6768,1008696,6769,1,6770,1678816,6770,320000,6771,0,6771,52,6775,26,6766,2265600,6768,1728000,6769,0,6769,0,6767,100,6769,10,6769,0,6770,0,6670,1,started,
6770,100,6770,1,6868,1008944,6870,1,6871,1720425,6872,320000,6872,0,6874,68,6877,30,6867,2265600,6869,1267200,6870,0,6871,0,6868,100,6870,30,6870,0,6871,0,6770,1,started,
6871,100,6871,1,6969,1010216,6971,1,6972,1677369,6973,320000,6973,0,6975,60,6981,27,6967,2265600,6969,1267200,6970,0,6971,0,6968,100,6970,20,6971,0,6971,0,6871,1,started,
6972,100,6972,1,7071,1011384,7075,1,7082,1742336,7083,320000,7084,0,7085,81,7091,33,7068,2265600,7071,1267200,7075,0,7075,0,7069,90,7074,72,7075,0,7082,0,6972,1,started,
7082,100,7082,1,7173,1011880,7179,1,7180,2211046,7181,320000,7182,0,7184,68,7190,32,7168,2265600,7174,2265600,7178,2265600,7179,0,7171,75,7177,55,7179,9,7180,0,7082,1,started,
7180,100,7181,1,7269,1012416,7271,1,7272,2338182,7272,200000,7273,0,7273,40,7276,30,7268,2265600,7270,2265600,7270,2265600,7272,0,7269,55,7270,50,7271,42,7272,0,7180,1,started,
7272,100,7272,1,7370,1012752,7373,1,7374,369950,7375,320000,7375,0,7376,12,7380,8,7368,1958400,7370,1267200,7372,2265600,7373,0,7370,10,7371,18,7373,11,7374,0,7272,1,started,
7374,100,7374,1,7470,1010416,7474,1,7475,303448,7476,320000,7477,0,7477,30,7480,10,7469,1267200,7471,1267200,7473,2265600,7474,0,7470,30,7472,40,7474,0,7475,0,7374,1,started,
7475,100,7476,1,7571,1010092,7573,1,7575,1518450,7576,320000,7576,0,7577,60,7580,28,7569,2265600,7571,1267200,7573,0,7574,0,7570,90,7572,20,7573,0,7574,0,7475,1,started,
7575,100,7575,1,7671,1010588,7674,1,7675,1685980,7676,320000,7677,0,7678,63,7682,28,7669,2265600,7671,1267200,7673,0,7674,0,7670,100,7672,22,7673,0,7674,0,7574,1,started,
7675,100,7675,1,7771,1009768,7773,1,7773,2449425,7774,320000,7775,0,7775,75,7778,33,7770,2265600,7771,2265600,7772,0,7773,0,7770,54,7772,100,7772,0,7773,0,7675,1,started,
7774,100,7774,1,7871,1010264,7873,1,7874,2226938,7874,320000,7875,0,7875,68,7878,33,7870,2265600,7871,2265600,7872,0,7873,0,7871,50,7872,90,7873,0,7873,0,7773,1,started,
7874,100,7874,1,7972,1010264,7973,1,7974,1107914,7974,320000,7975,0,7975,55,7978,22,7970,1728000,7972,2265600,7973,0,7973,0,7971,90,7973,20,7973,0,7974,0,7874,1,started,
7974,100,7974,1,8072,1010264,8074,1,8075,1750179,8076,320000,8076,0,8078,55,8080,27,8071,2265600,8072,2265600,8073,0,8074,0,8072,100,8073,10,8074,0,8075,0,7974,1,started,
8075,100,8075,1,8173,1011508,8174,1,8175,1940882,8175,320000,8176,0,8176,58,8179,25,8171,2265600,8173,2265600,8174,0,8174,0,8172,62,8174,60,8174,0,8175,0,8075,1,started,
8175,100,8175,1,8272,1011536,8276,1,8277,1162176,8277,320000,8278,0,8279,31,8281,15,8271,2265600,8273,2265600,8274,2265600,8276,0,8272,22,8274,33,8275,18,8276,0,8175,1,started,
8277,100,8277,1,8373,1011712,8376,1,8377,649315,8377,320000,8378,0,8379,16,8382,11,8371,1728000,8373,1267200,8375,2265600,8376,0,8373,20,8374,10,8376,27,8377,0,8276,1,started,
8377,100,8377,1,8474,1008928,8477,1,8478,746148,8478,320000,8479,0,8480,40,8483,18,8472,1267200,8474,1267200,8476,2265600,8477,0,8473,45,8475,54,8477,20,8478,0,8377,1,started,
8478,100,8478,1,8574,1009480,8576,1,8577,1986598,8578,320000,8578,0,8579,45,8582,27,8572,2265600,8574,1267200,8575,2265600,8577,0,8573,100,8575,18,8576,20,8577,0,8478,1,started,
8577,100,8578,1,8675,1009696,8677,1,8678,1591259,8678,320000,8679,0,8680,52,8683,25,8673,2265600,8675,1267200,8676,0,8677,0,8674,100,8676,0,8677,0,8677,0,8577,1,started,
8678,100,8678,1,8774,1009696,8776,1,8776,1750179,8776,320000,8777,0,8777,52,8779,18,8773,2265600,8774,2265600,8775,0,8776,0,8774,30,8775,80,8775,0,8776,0,8678,1,started,
8776,100,8776,1,8874,1010272,8876,1,8876,1940882,8877,320000,8877,0,8878,63,8880,33,8873,2265600,8875,2265600,8876,0,8876,0,8874,77,8875,45,8876,0,8876,0,8776,1,started,
8877,100,8877,1,8975,1010272,8977,1,8977,1718025,8978,320000,8978,0,8979,60,8981,29,8974,2265600,8975,1497600,8976,0,8977,0,8975,100,8976,20,8977,0,8977,0,8876,1,started,
8978,100,8978,1,9079,1011032,9084,1,9085,1638620,9086,320000,9087,0,9088,60,9091,26,9074,2265600,9079,1267200,9083,0,9085,0,9077,100,9083,11,9084,0,9085,0,8977,1,started,
9086,100,9086,1,9175,1012444,9177,1,9178,2401749,9178,320000,9178,0,9179,73,9181,32,9174,2265600,9176,2265600,9176,0,9177,0,9175,63,9176,88,9177,0,9177,0,9085,1,started,
9178,100,9178,1,9275,1012568,9277,1,9278,1003256,9278,320000,9278,0,9279,31,9281,15,9274,2265600,9276,2265600,9277,0,9277,0,9275,33,9276,30,9277,0,9277,0,9177,1,started,
9278,100,9278,1,9376,1012544,9378,1,9379,348793,9380,320000,9380,0,9381,15,9383,6,9375,1958400,9376,2265600,9377,0,9378,0,9376,30,9377,0,9378,0,9379,0,9277,1,started,
9379,100,9379,1,9476,1009288,9478,1,9478,1269499,9479,320000,9480,0,9480,52,9483,23,9475,1267200,9476,2265600,9477,0,9478,0,9476,36,9477,70,9477,0,9478,0,9379,1,started,
9479,100,9479,1,9576,1009820,9578,1,9579,1988558,9579,320000,9579,0,9580,66,9582,29,9575,2265600,9577,2265600,9578,0,9578,0,9576,25,9577,100,9578,0,9578,0,9478,1,started,
9579,100,9579,1,9677,1010048,9679,1,9680,1750179,9681,320000,9681,0,9682,55,9684,29,9676,2265600,9677,2265600,9678,0,9679,0,9677,100,9678,10,9679,0,9680,0,9578,1,started,
9680,100,9680,1,9777,1010452,9779,1,9779,1909098,9779,320000,9780,0,9780,59,9783,23,9776,2265600,9777,2265600,9778,0,9779,0,9777,30,9778,90,9778,0,9779,0,9680,1,started,
9779,100,9779,1,9877,1010948,9879,1,9879,1750179,9880,320000,9880,0,9881,57,9893,28,9876,2265600,9878,2265600,9878,0,9879,0,9877,50,9878,60,9879,0,9879,0,9779,1,started,
9879,100,9879,1,9978,1010948,9981,1,9985,1591259,9987,320000,9988,0,9990,60,9999,29,9976,2265600,9978,2265600,9979,0,9981,0,9977,0,9979,100,9981,0,9983,0,9879,1,started,
9985,100,9985,1,10078,1012288,10079,1,10080,2385857,10080,320000,10081,0,10081,72,10084,32,10077,2265600,10078,2265600,10079,0,10080,0,10077,50,10079,100,10079,0,10080,0,9984,1,started,
10080,100,10080,1,10179,1013088,10181,1,10181,1043577,10182,320000,10183,0,10183,50,10193,21,10177,1497600,10179,2265600,10180,0,10181,0,10178,54,10180,44,10180,0,10181,0,10080,1,started,
10181,100,10182,1,10279,1012512,10280,1,10281,812553,10281,320000,10281,0,10282,23,10284,13,10277,2265600,10279,2265600,10280,0,10280,0,10278,40,10280,11,10280,0,10281,0,10181,1,started,
10281,100,10281,1,10379,1008912,10382,1,10383,354730,10383,320000,10384,0,10385,31,10388,11,10378,1267200,10380,2265600,10381,0,10382,0,10379,45,10381,10,10381,0,10383,0,10281,1,started,
10383,100,10383,1,10486,1009548,10489,1,10490,1638620,10491,320000,10492,0,10493,61,10496,27,10480,1267200,10487,2265600,10488,0,10489,0,10481,11,10488,100,10489,0,10490,0,10383,1,started,
10491,100,10491,1,10580,1009920,10581,1,10582,2560669,10582,320000,10583,0,10584,76,10586,37,10578,2265600,10580,2265600,10581,0,10581,0,10579,61,10580,100,10581,0,10581,0,10490,1,started,
10582,100,10582,1,10681,1010168,10683,1,10684,1972666,10685,320000,10686,0,10687,60,10700,31,10680,2265600,10681,2265600,10682,0,10683,0,10680,36,10682,88,10683,0,10683,0,10581,1,started,
10684,100,10684,1,10781,1010540,10783,1,10784,2111355,10784,320000,10785,0,10785,71,10787,35,10780,1958400,10781,2265600,10783,0,10783,0,10781,45,10782,100,10783,0,10783,0,10684,1,started,
10784,100,10784,1,10884,1010540,10889,1,10893,1677369,10895,320000,10897,0,10901,63,10911,30,10880,1267200,10885,2265600,10887,0,10890,0,10882,20,10886,100,10888,0,10892,0,10784,1,started,
10893,100,10895,1,10982,1012064,10984,1,10985,2465317,10985,320000,10986,0,10986,76,10988,36,10980,2265600,10982,2265600,10983,0,10984,0,10981,55,10983,100,10984,0,10984,0,10892,1,started,
10985,100,10985,1,11082,1012916,11085,1,11086,2068018,11087,320000,11088,0,11088,65,11092,32,11081,2265600,11083,2265600,11085,0,11086,0,11082,80,11084,50,11085,0,11086,0,10985,1,started,
11087,100,11087,1,11182,1013288,11185,1,11186,2433533,11186,320000,11187,0,11187,77,11190,38,11181,2265600,11183,2265600,11183,0,11185,0,11182,83,11183,70,11184,0,11185,0,11086,1,started,
11186,100,11186,1,11283,1013412,11285,1,11286,2068018,11287,200000,11287,0,11288,64,11290,31,11281,2265600,11283,2265600,11284,0,11285,0,11282,88,11284,42,11285,0,11286,0,11185,1,started,
11286,100,11286,1,11383,1013460,11385,1,11386,685417,11387,320000,11387,0,11388,19,11390,9,11382,2265600,11384,2265600,11385,0,11386,0,11383,25,11384,18,11385,0,11386,0,11286,1,started,
11386,100,11387,1,11483,1010556,11485,1,11486,1114500,11486,320000,11487,0,11488,35,11490,17,11482,2265600,11484,2265600,11485,0,11486,0,11483,40,11485,30,11485,0,11486,0,11386,1,started,
11486,100,11486,1,11583,1010984,11585,1,11586,1669374,11586,320000,11586,0,11587,57,11589,23,11582,2265600,11584,1574400,11585,0,11585,0,11583,100,11584,11,11585,0,11585,0,11486,1,started,
11586,100,11586,1,11684,1011108,11686,1,11687,1591259,11687,320000,11688,0,11688,55,11691,20,11683,2265600,11684,2265600,11685,0,11686,0,11684,0,11685,100,11686,0,11687,0,11585,1,started,
11687,100,11687,1,11789,1011480,11796,1,11799,1677369,11801,320000,11809,0,11813,69,11816,32,11784,1267200,11791,2265600,11794,0,11796,0,11787,20,11793,100,11794,0,11798,0,11687,1,started,
11800,100,11800,1,11886,1011852,11888,1,11889,2385857,11889,320000,11890,0,11890,64,11892,31,11884,2265600,11886,2265600,11887,0,11888,0,11885,50,11887,100,11888,0,11888,0,11798,1,started,
11889,100,11889,1,11987,1011852,11994,1,11998,1720425,12000,320000,12002,0,12004,70,12013,34,11985,1267200,11989,2265600,11992,0,11996,0,11986,30,11991,100,11993,0,11996,0,11889,1,started,
11998,100,11998,1,12086,1012944,12088,1,12088,2179262,12089,320000,12089,0,12089,64,12092,28,12085,2265600,12086,2265600,12087,0,12088,0,12086,37,12087,100,12088,0,12088,0,11998,1,started,
12088,100,12088,1,12188,1014000,12191,1,12192,1383403,12193,320000,12194,0,12195,60,12198,26,12186,1267200,12188,2265600,12190,0,12191,0,12188,44,12189,75,12190,0,12192,0,12088,1,started,
12192,100,12192,1,12288,1014000,12291,1,12293,442417,12293,320000,12294,0,12295,14,12298,5,12286,1267200,12289,2265600,12290,0,12291,0,12288,10,12290,25,12291,0,12292,0,12192,1,started,
12293,100,12293,1,12388,1010636,12389,1,12390,558666,12390,320000,12391,0,12391,26,12394,9,12387,2265600,12388,1267200,12389,0,12390,0,12387,25,12389,37,12389,0,12390,0,12292,1,started,
12390,100,12390,1,12489,1011244,12491,1,12492,1432339,12493,320000,12493,0,12494,57,12497,24,12487,2265600,12489,1267200,12490,0,12491,0,12488,90,12490,0,12491,0,12491,0,12390,1,started,
12492,100,12492,1,12589,1011616,12592,1,12594,1668758,12594,320000,12595,0,12596,57,12599,27,12588,2265600,12590,1267200,12591,0,12593,0,12589,100,12591,18,12592,0,12593,0,12492,1,started,
12594,100,12594,1,12689,1011740,12692,1,12693,1510223,12693,320000,12694,0,12695,68,12698,27,12688,2265600,12690,1267200,12691,0,12692,0,12689,80,12691,55,12691,0,12693,0,12593,1,started,
12693,100,12693,1,12789,1004940,12791,1,12791,2195154,12792,320000,12792,0,12793,66,12795,26,12788,2265600,12790,2265600,12790,0,12791,0,12789,58,12790,80,12791,0,12791,0,12693,1,started,
12791,100,12791,1,12890,1005312,12891,1,12892,1940882,12892,320000,12892,0,12893,63,12895,30,12888,2265600,12890,2265600,12891,0,12891,0,12889,22,12890,100,12891,0,12892,0,12791,1,started,
12892,100,12892,1,12990,1005436,12991,1,12992,1630009,12993,320000,12993,0,12994,54,12996,29,12989,1267200,12990,2265600,12991,0,12992,0,12990,9,12991,100,12991,0,12992,0,12892,1,started,
12992,100,12992,1,13090,1005612,13091,1,13092,1909098,13092,320000,13093,0,13093,60,13095,26,13089,2265600,13090,2265600,13091,0,13092,0,13090,100,13091,20,13091,0,13092,0,12992,1,started,
13092,100,13092,1,13191,1007380,13193,1,13194,1782567,13196,320000,13208,0,13209,68,13220,32,13189,2265600,13191,1728000,13192,0,13193,0,13190,90,13192,40,13193,0,13194,0,13092,1,started,
13195,100,13196,1,13291,1007984,13295,1,13295,2817985,13296,320000,13297,0,13303,75,13307,37,13289,2265600,13291,2265600,13293,1267200,13295,0,13290,75,13292,90,13294,45,13295,0,13194,1,started,
13295,100,13296,1,13393,1008380,13396,1,13397,2491720,13398,200000,13402,0,13410,73,13425,45,13390,2265600,13393,2265600,13394,960000,13396,0,13392,66,13394,81,13396,70,13397,0,13295,1,started,
13397,100,13398,1,13491,1008516,13494,1,13495,1900986,13495,200000,13496,0,13496,42,13499,30,13490,2265600,13492,2265600,13493,960000,13494,960000,13491,54,13492,55,13493,54,13494,22,13397,1,started,
13495,100,13495,1,13592,1008516,13594,1,13595,605957,13595,320000,13595,0,13596,7,13599,6,13590,2265600,13592,2265600,13593,960000,13594,960000,13591,11,13593,27,13593,0,13594,0,13495,1,started,
13595,100,13595,1,13692,1006196,13694,1,13695,636168,13696,320000,13696,0,13697,21,13700,13,13691,2265600,13692,2265600,13693,960000,13695,960000,13692,0,13693,33,13694,20,13695,30,13595,1,started,
13695,100,13696,1,13794,1006136,13802,1,13803,1495277,13804,320000,13805,0,13806,60,13809,23,13791,2265600,13795,1267200,13798,0,13802,0,13792,88,13798,22,13799,0,13803,0,13695,1,started,
13803,100,13804,1,13892,1006436,13894,1,13894,2306398,13895,320000,13895,0,13896,68,13898,34,13891,2265600,13893,2265600,13894,0,13894,0,13892,100,13893,45,13894,0,13894,0,13803,1,started,
13894,100,13895,1,13993,1006560,13995,1,13996,1378782,13997,320000,13998,0,13998,59,14001,26,13992,2265600,13994,1267200,13995,0,13996,0,13993,72,13995,54,13995,0,13996,0,13894,1,started,
13996,100,13996,1,14093,1006684,14095,1,14095,1940882,14096,320000,14096,0,14097,66,14099,27,14092,2265600,14093,2265600,14094,0,14095,0,14093,22,14094,100,14094,0,14095,0,13996,1,started,
14095,100,14095,1,14193,1006668,14195,1,14195,1909098,14196,320000,14196,0,14197,60,14199,28,14192,2265600,14194,2265600,14194,0,14195,0,14193,70,14194,50,14195,0,14195,0,14095,1,started,
14196,100,14196,1,14294,1007432,14295,1,14296,1591259,14296,320000,14297,0,14297,50,14299,25,14292,2265600,14294,2265600,14295,0,14295,0,14293,0,14295,100,14295,0,14296,0,14195,1,started,
14296,100,14296,1,14394,1008860,14395,1,14396,2687805,14396,320000,14397,0,14398,85,14400,39,14393,2265600,14394,2265600,14395,0,14396,0,14394,69,14395,100,14395,0,14396,0,14296,1,started,
14396,100,14396,1,14495,1008860,14497,1,14498,637741,14499,320000,14499,0,14500,20,14502,10,14493,2265600,14495,2265600,14496,0,14497,0,14495,22,14496,18,14497,0,14498,0,14396,1,started,
14498,100,14498,1,14595,1008860,14597,1,14597,491036,14598,320000,14598,0,14599,23,14601,10,14593,2265600,14595,1497600,14596,0,14597,0,14594,20,14596,27,14596,0,14597,0,14498,1,started,
14597,100,14597,1,14695,1005772,14696,1,14697,1448231,14697,320000,14698,0,14698,42,14700,21,14694,2265600,14695,2265600,14696,0,14697,0,14695,25,14696,66,14696,0,14697,0,14597,1,started,
14697,100,14697,1,14795,1006316,14797,1,14798,1591259,14798,320000,14798,0,14799,50,14801,25,14794,2265600,14795,2265600,14796,0,14797,0,14795,0,14796,100,14796,0,14798,0,14697,1,started,
14798,100,14798,1,14895,1006676,14897,1,14897,2179262,14898,320000,14898,0,14899,72,14902,32,14894,2265600,14896,2265600,14896,0,14897,0,14895,37,14896,100,14897,0,14897,0,14798,1,started,
14897,100,14898,1,14996,1006924,14997,1,14998,1698897,14998,320000,14998,0,14999,59,15001,29,14994,1267200,14996,2265600,14997,0,14997,0,14995,25,14997,100,14997,0,14998,0,14897,1,started,
14998,100,14998,1,15096,1007296,15098,1,15098,1813747,15098,320000,15099,0,15099,64,15115,32,15095,2265600,15096,2265600,15097,0,15098,0,15096,14,15097,100,15097,0,15098,0,14998,1,started,
15098,100,15098,1,15196,1006868,15198,1,15199,1767785,15199,320000,15199,0,15200,68,15202,30,15195,1267200,15197,2265600,15198,0,15198,0,15196,41,15197,100,15198,0,15198,0,15098,1,started,
15199,100,15199,1,15297,1007712,15298,1,15299,2195154,15299,320000,15300,0,15300,70,15303,33,15295,2265600,15297,2265600,15298,0,15298,0,15296,50,15298,88,15298,0,15299,0,15198,1,started,
15299,100,15299,1,15397,1008184,15399,1,15402,2354074,15404,320000,15405,0,15407,75,15413,35,15396,2265600,15397,2265600,15398,0,15399,0,15397,90,15398,58,15399,0,15400,0,15299,1,started,
15402,100,15403,1,15497,1008320,15500,1,15502,2163370,15504,320000,15504,0,15505,68,15508,32,15496,2265600,15498,2265600,15498,0,15502,0,15497,81,15498,55,15499,0,15502,0,15402,1,started,
15503,100,15503,1,15598,1008320,15599,1,15600,653633,15600,320000,15601,0,15601,16,15603,6,15597,2265600,15598,2265600,15599,0,15600,0,15598,11,15599,30,15599,0,15600,0,15502,1,started,
15600,100,15600,1,15698,1005072,15700,1,15700,669525,15700,320000,15701,0,15701,21,15704,11,15697,2265600,15698,2265600,15699,0,15700,0,15698,20,15699,22,15699,0,15700,0,15600,1,started,
15700,100,15700,1,15799,1005616,15800,1,15801,1800423,15802,320000,15802,0,15803,71,15806,26,15797,1497600,15799,2265600,15800,0,15801,0,15798,33,15800,100,15800,0,15801,0,15700,1,started,
15801,100,15801,1,15899,1005988,15900,1,15901,2115694,15901,320000,15901,0,15902,60,15904,31,15897,2265600,15899,2265600,15900,0,15900,0,15898,33,15899,100,15900,0,15900,0,15801,1,started,
15901,100,15901,1,15949,1006112,15951,1,15952,1909098,15953,320000,15953,0,15954,66,15958,30,15948,2265600,15949,2265600,15950,0,15951,0,15949,20,15950,100,15951,0,15952,0,15900,1,started,
15952,100,15952,1,16050,1006484,16052,1,16053,1828062,16053,320000,16054,0,16054,78,16058,32,16048,1267200,16050,2265600,16051,0,16052,0,16049,55,16051,100,16051,0,16052,0,15952,1,started,
16053,100,16053,1,16149,1006732,16151,1,16151,2306398,16152,320000,16152,0,16153,71,16155,35,16148,2265600,16150,2265600,16150,0,16151,0,16149,45,16150,100,16151,0,16151,0,16052,1,started,
16152,100,16152,1,16250,1007408,16252,1,16252,1909098,16253,320000,16253,0,16254,60,16256,30,16248,2265600,16250,2265600,16251,0,16252,0,16250,20,16251,100,16251,0,16252,0,16151,1,started,
16252,100,16252,1,16350,1008876,16352,1,16353,1637918,16355,320000,16356,0,16359,70,16363,32,16349,1497600,16351,2265600,16352,0,16353,0,16350,55,16351,81,16352,0,16353,0,16252,1,started,
16353,100,16354,1,16451,1008792,16453,1,16455,529066,16455,320000,16456,0,16457,22,16460,8,16449,1497600,16451,2265600,16452,0,16454,0,16450,33,16452,20,16453,0,16454,0,16353,1,started,
16455,100,16455,1,16555,1008792,16560,1,16562,49423,16563,320000,16564,0,16565,13,16570,4,16550,1267200,16558,2265600,16560,0,16561,0,16554,11,16559,0,16560,0,16561,0,16454,1,started,
16562,100,16562,1,16651,1005864,16653,1,16653,1940882,16654,320000,16654,0,16655,58,16657,27,16650,2265600,16651,2265600,16652,0,16653,0,16651,77,16652,45,16652,0,16653,0,16561,1,started,
16653,100,16653,1,16753,1006436,16756,1,16756,1819438,16757,320000,16757,0,16758,65,16761,31,16750,1497600,16754,2265600,16755,0,16756,0,16753,36,16755,100,16756,0,16756,0,16653,1,started,
16757,100,16757,1,16851,1006684,16853,1,16854,1781963,16855,320000,16856,0,16859,63,16861,30,16850,2265600,16852,2265600,16853,0,16853,0,16851,12,16853,100,16853,0,16854,0,16756,1,started,
16854,100,16854,1,16952,1006740,16953,1,16954,1909098,16954,320000,16955,0,16955,60,16957,30,16950,2265600,16952,2265600,16953,0,16953,0,16951,90,16953,30,16953,0,16954,0,16854,1,started,
16954,100,16954,1,17052,1007112,17054,1,17054,2020342,17055,320000,17055,0,17056,61,17058,31,17051,2265600,17052,2265600,17053,0,17054,0,17052,27,17053,100,17054,0,17054,0,16954,1,started,
17054,100,17054,1,17153,1007604,17155,1,17156,1676476,17157,320000,17157,0,17158,61,17160,27,17151,1574400,17153,2265600,17154,0,17155,0,17152,12,17154,100,17155,0,17156,0,17054,1,started,
17156,100,17156,1,17253,1009112,17255,1,17256,2115694,17256,320000,17258,0,17261,68,17263,32,17251,2265600,17253,2265600,17254,0,17255,0,17253,33,17254,100,17254,0,17255,0,17156,1,started,
17256,100,17256,1,17354,1009652,17362,1,17366,1862851,17367,320000,17368,0,17370,82,17393,40,17352,1958400,17354,1958400,17358,0,17363,0,17354,91,17357,70,17360,0,17365,0,17255,1,started,
17366,100,17366,1,17453,1009848,17455,1,17457,2783157,17457,320000,17457,0,17458,42,17461,22,17452,2265600,17454,2265600,17455,960000,17456,2265600,17453,70,17454,55,17455,0,17456,50,17365,1,started,
17457,100,17457,1,17554,1010096,17557,1,17559,218549,17561,320000,17561,0,17562,7,17567,12,17553,2265600,17555,2265600,17556,960000,17558,960000,17554,11,17556,0,17557,9,17559,10,17456,1,started,
17560,100,17560,1,17655,1006440,17657,1,17658,1314018,17658,320000,17659,0,17659,37,17662,20,17654,2265600,17655,2265600,17656,960000,17657,0,17655,45,17656,33,17657,33,17658,0,17559,1,started,
17658,100,17658,1,17755,1006912,17757,1,17758,2083910,17759,320000,17760,0,17760,44,17763,23,17754,2265600,17755,2265600,17756,2265600,17757,0,17755,20,17756,11,17757,100,17758,0,17658,1,started,
17758,100,17758,1,17862,1002960,17864,1,17865,558281,17865,320000,17866,0,17866,42,17868,8,17854,2265600,17863,2265600,17864,0,17864,0,17855,10,17863,25,17864,0,17865,0,17758,1,started,
17865,100,17865,1,17957,1002820,17959,1,17960,617611,17960,320000,17961,0,17962,62,17965,28,17956,1497600,17957,1267200,17959,0,17959,0,17957,55,17958,62,17959,0,17960,0,17865,1,started,
17960,100,17960,1,18062,1003168,18069,1,18073,1677369,18075,320000,18076,0,18079,66,18088,28,18056,1267200,18064,2265600,18067,0,18071,0,18060,20,18066,100,18069,0,18071,0,17960,1,started,
18073,100,18073,1,18157,1003292,18159,1,18159,2640129,18160,320000,18160,0,18161,77,18163,36,18156,2265600,18158,2265600,18158,0,18159,0,18157,66,18158,100,18159,0,18159,0,18073,1,started,
18159,100,18160,1,18258,1004180,18263,1,18265,1909098,18267,320000,18268,0,18270,63,18276,31,18257,2265600,18259,2265600,18263,0,18264,0,18257,20,18261,100,18263,0,18265,0,18159,1,started,
18265,100,18265,1,18359,1005524,18364,1,18365,3112563,18365,320000,18366,0,18366,65,18369,33,18358,1497600,18362,2265600,18363,2265600,18364,0,18359,62,18363,81,18364,90,18365,0,18265,1,started,
18365,100,18365,1,18459,1005732,18461,1,18462,131228,18463,320000,18463,0,18464,11,18467,6,18457,1267200,18459,2265600,18460,2265600,18461,0,18458,30,18460,0,18461,0,18462,0,18365,1,started,
18462,100,18462,1,18560,1002512,18563,1,18564,319440,18565,320000,18566,0,18567,10,18571,7,18558,1497600,18560,2265600,18561,2265600,18563,0,18559,25,18561,10,18562,0,18564,0,18462,1,started,
18564,100,18564,1,18660,1003012,18663,1,18664,489532,18673,320000,18674,0,18676,48,18684,15,18658,1497600,18660,1267200,18662,0,18663,0,18659,28,18661,72,18663,0,18664,0,18564,1,started,
18664,100,18664,1,18760,1003608,18762,1,18763,1766071,18763,320000,18764,0,18764,64,18767,30,18758,2265600,18760,2265600,18761,0,18762,0,18759,11,18761,100,18761,0,18762,0,18664,1,started,
18763,100,18763,1,18860,1003968,18862,1,18863,2226938,18864,320000,18864,0,18865,70,18870,35,18858,2265600,18861,2265600,18862,0,18862,0,18860,40,18861,100,18862,0,18863,0,18762,1,started,
18863,100,18863,1,18960,1004448,18962,1,18963,1718025,18964,320000,18964,0,18965,60,18967,29,18959,1497600,18961,2265600,18962,0,18963,0,18960,20,18962,100,18962,0,18963,0,18863,1,started,
18963,100,18963,1,19061,1004820,19063,1,19064,1823757,19064,320000,19065,0,19066,76,19069,32,19059,1267200,19061,2265600,19062,0,19063,0,19060,54,19062,100,19063,0,19063,0,18963,1,started,
19064,100,19064,1,19164,1005596,19171,1,19173,1634314,19175,320000,19177,0,19179,59,19184,27,19159,1267200,19166,2265600,19169,0,19172,0,19162,10,19169,100,19171,0,19173,0,19064,1,started,
19175,100,19175,1,19263,1007432,19270,1,19271,2385857,19272,320000,19272,0,19273,75,19279,37,19261,2265600,19263,2265600,19268,0,19270,0,19262,60,19266,90,19268,0,19271,0,19173,1,started,
19271,100,19271,1,19363,1007492,19365,1,19365,1432339,19366,320000,19366,0,19367,35,19370,17,19361,2265600,19363,2265600,19364,0,19365,0,19363,40,19364,50,19365,0,19365,0,19271,1,started,
19365,100,19366,1,19463,1007740,19465,1,19466,367578,19467,320000,19467,0,19468,11,19470,5,19462,2265600,19464,2265600,19465,0,19465,0,19463,12,19464,11,19465,0,19466,0,19365,1,started,
19466,100,19466,1,19565,1004812,19567,1,19568,393864,19569,320000,19569,0,19570,45,19574,18,19563,1267200,19565,1267200,19567,0,19568,0,19564,55,19566,36,19567,0,19568,0,19466,1,started,
19568,100,19568,1,19664,1005360,19666,1,19667,2020342,19667,320000,19668,0,19669,61,19671,25,19663,2265600,19664,2265600,19665,0,19666,0,19664,27,19665,100,19666,0,19666,0,19568,1,started,
19667,100,19667,1,19765,1005608,19768,1,19769,1685980,19770,320000,19771,0,19772,63,19775,30,19763,1267200,19765,2265600,19767,0,19768,0,19764,22,19766,100,19767,0,19769,0,19667,1,started,
19770,100,19770,1,19865,1006184,19867,1,19868,1012321,19868,320000,19869,0,19874,61,19878,22,19863,1267200,19865,2265600,19866,0,19867,0,19864,87,19866,40,19867,0,19867,0,19769,1,started,
19868,100,19868,1,19965,1006800,19966,1,19967,2512993,19967,320000,19967,0,19968,77,19970,38,19963,2265600,19965,2265600,19966,0,19966,0,19964,58,19965,100,19966,0,19966,0,19868,1,started,
19967,100,19967,1,20065,1007048,20070,1,20071,1750179,20073,320000,20074,0,20077,59,20095,29,20064,2265600,20066,2265600,20069,0,20071,0,20065,10,20069,100,20069,0,20071,0,19966,1,started,
20072,100,20072,1,20165,1007288,20167,1,20168,2034940,20168,320000,20169,0,20170,83,20173,39,20164,1497600,20166,2265600,20167,0,20168,0,20165,70,20167,100,20167,0,20168,0,20071,1,started,
20168,100,20168,1,20266,1008080,20268,1,20268,2068018,20269,320000,20270,0,20270,61,20272,26,20265,2265600,20266,2265600,20267,0,20268,0,20266,90,20267,40,20267,0,20268,0,20168,1,started,
20268,100,20269,1,20366,1008068,20368,1,20369,510605,20370,320000,20370,0,20371,16,20374,8,20365,2265600,20367,2265600,20368,0,20369,0,20366,22,20368,10,20368,0,20369,0,20268,1,started,
20369,100,20370,1,20467,1007896,20469,1,20470,131228,20471,320000,20471,0,20472,15,20474,5,20465,2265600,20467,1267200,20469,0,20469,0,20467,0,20468,30,20469,0,20470,0,20369,1,started,
20470,100,20470,1,20567,1005392,20569,1,20569,768260,20570,320000,20570,0,20571,45,20573,18,20566,1267200,20567,1958400,20568,0,20569,0,20567,33,20568,54,20569,0,20569,0,20470,1,started,
20570,100,20570,1,20668,1005392,20670,1,20671,1685980,20671,320000,20672,0,20673,65,20676,24,20666,2265600,20668,1267200,20669,0,20670,0,20667,100,20669,22,20670,0,20670,0,20569,1,started,
20671,100,20671,1,20768,1005624,20770,1,20771,1418477,20772,320000,20772,0,20773,57,20778,24,20766,2265600,20768,1267200,20770,0,20771,0,20768,81,20769,30,20770,0,20771,0,20670,1,started,
20771,100,20771,1,20868,1005940,20869,1,20870,2226938,20870,320000,20871,0,20871,66,20873,33,20867,2265600,20868,2265600,20869,0,20870,0,20867,40,20869,100,20869,0,20870,0,20771,1,started,
20870,100,20870,1,20968,1006436,20970,1,20970,1504574,20971,320000,20971,0,20972,50,20975,26,20967,2265600,20968,1958400,20969,0,20970,0,20968,80,20969,20,20970,0,20970,0,20870,1,started,
20971,100,20971,1,21068,1006436,21070,1,21070,1766071,21071,320000,21071,0,21072,55,21074,21,21067,2265600,21069,2265600,21069,0,21070,0,21068,11,21069,100,21070,0,21070,0,20970,1,started,
21070,100,21071,1,21169,1006932,21171,1,21172,1220866,21172,320000,21173,0,21173,66,21175,29,21167,1958400,21169,1728000,21171,0,21171,0,21168,60,21170,60,21171,0,21172,0,21070,1,started,
21172,100,21172,1,21270,1008552,21272,1,21273,2068018,21273,320000,21274,0,21274,57,21276,28,21269,2265600,21270,2265600,21271,0,21272,0,21270,100,21271,30,21271,0,21273,0,21172,1,started,
21273,100,21273,1,21371,1008660,21374,1,21375,655663,21376,320000,21376,0,21378,33,21381,14,21369,2265600,21371,1267200,21373,0,21374,0,21370,33,21372,30,21373,0,21375,0,21273,1,started,
21375,100,21375,1,21471,1008660,21473,1,21474,118311,21475,320000,21476,0,21477,10,21480,2,21469,2265600,21471,1267200,21473,0,21474,0,21471,0,21472,27,21473,0,21474,0,21375,1,started,
21475,100,21475,1,21572,1005628,21574,1,21575,458447,21576,320000,21576,0,21577,57,21580,18,21570,1267200,21572,1267200,21574,0,21574,0,21571,36,21573,70,21574,0,21575,0,21474,1,started,
21575,100,21575,1,21672,1006004,21675,1,21676,1638620,21677,320000,21678,0,21679,57,21682,21,21670,2265600,21673,1267200,21674,0,21675,0,21672,100,21674,11,21675,0,21676,0,21575,1,started,
21676,100,21677,1,21782,1006364,21786,1,21787,1698897,21788,320000,21789,0,21790,56,21794,26,21771,2265600,21782,1267200,21785,0,21786,0,21781,100,21784,25,21785,0,21787,0,21676,1,started,
21787,100,21788,1,21872,1006612,21874,1,21875,2163370,21875,320000,21875,0,21876,66,21878,29,21871,2265600,21873,2265600,21874,0,21874,0,21872,36,21873,100,21874,0,21874,0,21787,1,started,
21875,100,21875,1,21973,1006984,21975,1,21976,1924990,21976,320000,21977,0,21977,63,21979,30,21971,2265600,21973,2265600,21974,0,21975,0,21972,88,21974,33,21974,0,21975,0,21875,1,started,
21976,100,21976,1,22073,1007232,22074,1,22075,2020342,22075,320000,22076,0,22076,61,22078,31,22071,2265600,22073,2265600,22074,0,22074,0,22072,100,22074,27,22074,0,22075,0,21975,1,started,
22075,100,22075,1,22173,1007776,22176,1,22176,1638620,22177,320000,22177,0,22178,57,22181,27,22172,2265600,22174,1267200,22175,0,22176,0,22173,100,22175,11,22175,0,22176,0,22075,1,started,
22176,100,22176,1,22274,1009648,22276,1,22277,1572776,22277,320000,22278,0,22278,63,22297,28,22272,2265600,22274,1267200,22275,0,22276,0,22273,88,22275,40,22276,0,22276,0,22176,1,started,
22277,100,22277,1,22376,1010208,22383,1,22385,2507530,22386,320000,22387,0,22388,68,22393,30,22373,2265600,22377,2265600,22380,960000,22383,0,22375,90,22379,66,22382,12,22384,0,22277,1,started,
22385,100,22385,1,22475,1010420,22478,1,22480,2682423,22481,320000,22483,0,22485,63,22492,41,22473,2265600,22475,2265600,22477,960000,22478,2265600,22474,62,22476,72,22478,70,22480,25,22384,1,started,
22480,100,22481,1,22576,1010856,22581,1,22583,1585796,22584,320000,22585,0,22586,25,22592,22,22573,2265600,22577,2265600,22579,960000,22581,2265600,22575,18,22578,60,22580,12,22583,20,22480,1,started,
22583,100,22584,1,22676,1011216,22681,1,22685,220742,22686,320000,22687,0,22688,9,22704,7,22674,2265600,22677,2265600,22679,960000,22682,2265600,22675,11,22678,0,22680,20,22684,0,22583,1,started,
22685,100,22685,1,22776,1006516,22780,1,22782,315542,22784,320000,22785,0,22786,29,22789,7,22774,1497600,22777,1267200,22778,960000,22781,0,22776,37,22778,0,22779,36,22781,0,22684,1,started,
22782,100,22782,1,22876,1006304,22878,1,22887,1479700,22888,320000,22888,0,22889,57,22893,22,22874,2265600,22876,1267200,22878,0,22878,0,22875,90,22877,11,22878,0,22887,0,22781,1,started,
22887,100,22887,1,22976,1006664,22977,1,22978,2306398,22978,320000,22978,0,22979,68,22981,30,22974,2265600,22976,2265600,22977,0,22977,0,22975,45,22976,100,22977,0,22977,0,22887,1,started,
22978,100,22978,1,23076,1006640,23077,1,23078,2068018,23078,320000,23079,0,23079,65,23081,32,23075,2265600,23076,2265600,23077,0,23078,0,23076,30,23077,100,23077,0,23078,0,22977,1,started,
23078,100,23078,1,23177,1007136,23178,1,23179,1950243,23179,320000,23180,0,23180,68,23184,34,23175,1728000,23177,2265600,23178,0,23178,0,23176,41,23178,100,23178,0,23179,0,23078,1,started,
23179,100,23179,1,23277,1007260,23279,1,23280,1763480,23280,320000,23281,0,23282,70,23289,31,23276,1267200,23278,2265600,23279,0,23279,0,23277,40,23278,100,23279,0,23280,0,23179,1,started,
23280,100,23280,1,23377,1008072,23378,1,23379,2068018,23379,320000,23380,0,23380,65,23383,29,23376,2265600,23377,2265600,23378,0,23379,0,23377,30,23378,100,23378,0,23379,0,23280,1,started,
23379,100,23379,1,23477,1009368,23479,1,23479,2226938,23480,320000,23480,0,23481,68,23484,34,23476,2265600,23478,2265600,23478,0,23479,0,23477,100,23478,40,23479,0,23479,0,23379,1,started,
23479,100,23479,1,23578,1009368,23579,1,23580,605957,23580,320000,23580,0,23581,22,23583,9,23576,2265600,23578,1574400,23579,0,23579,0,23577,38,23578,0,23579,0,23579,0,23479,1,started,
23580,100,23580,1,23678,1006292,23680,1,23681,1575367,23683,320000,23684,0,23685,55,23688,24,23677,2265600,23678,2265600,23679,0,23680,0,23678,33,23679,66,23680,0,23681,0,23579,1,started,
23681,100,23682,1,23779,1006576,23780,1,23780,1940882,23781,320000,23781,0,23782,55,23784,27,23777,2265600,23779,2265600,23780,0,23780,0,23778,77,23779,45,23780,0,23780,0,23681,1,started,
23781,100,23781,1,23879,1006920,23881,1,23882,1766071,23883,320000,23883,0,23884,60,23886,27,23878,2265600,23879,2265600,23880,0,23881,0,23878,11,23880,100,23881,0,23881,0,23780,1,started,
23882,100,23882,1,23980,1007460,23982,1,23984,1366181,23985,320000,23986,0,23987,59,23991,26,23978,1267200,23980,2265600,23981,0,23983,0,23979,40,23981,75,23982,0,23983,0,23882,1,started,
23984,100,23985,1,24079,1007696,24081,1,24081,2306398,24082,320000,24082,0,24083,71,24085,33,24078,2265600,24079,2265600,24080,0,24081,0,24079,45,24080,100,24080,0,24081,0,23984,1,started,
24081,100,24081,1,24180,1008068,24183,1,24184,1677369,24185,320000,24187,0,24188,60,24193,28,24178,1267200,24180,2265600,24182,0,24183,0,24180,20,24181,100,24182,0,24184,0,24081,1,started,
24184,100,24185,1,24280,1008168,24282,1,24283,2385857,24283,320000,24284,0,24285,72,24287,35,24279,2265600,24280,2265600,24281,0,24282,0,24280,50,24281,100,24281,0,24282,0,24184,1,started,
24283,100,24283,1,24381,1009984,24383,1,24386,1720425,24387,320000,24392,0,24395,68,24404,31,24379,1267200,24381,2265600,24383,0,24384,0,24380,30,24382,100,24383,0,24385,0,24283,1,started,
24386,100,24386,1,24480,1010064,24482,1,24483,1273420,24483,320000,24484,0,24484,31,24486,14,24479,2265600,24481,2265600,24481,0,24482,0,24480,50,24481,30,24482,0,24482,0,24385,1,started,
24483,100,24483,1,24581,1010156,24583,1,24584,335479,24585,320000,24586,0,24586,15,24588,7,24580,1267200,24582,2265600,24583,0,24584,0,24581,11,24582,18,24583,0,24584,0,24483,1,started,
24585,100,24585,1,24681,1007528,24683,1,24683,1750179,24683,320000,24684,0,24684,57,24686,25,24680,2265600,24681,2265600,24682,0,24683,0,24681,88,24682,22,24682,0,24683,0,24584,1,started,
24683,100,24683,1,24782,1008088,24785,1,24786,1746258,24787,320000,24788,0,24789,65,24792,31,24780,2265600,24783,1267200,24784,0,24785,0,24782,100,24784,36,24785,0,24786,0,24683,1,started,
24786,100,24787,1,24886,1008336,24892,1,24895,1668758,24896,320000,24897,0,24900,60,24908,28,24882,2265600,24887,1267200,24890,0,24893,0,24884,100,24890,18,24891,0,24893,0,24786,1,started,
24895,100,24895,1,24982,1008436,24984,1,24984,2306398,24985,320000,24985,0,24985,68,24987,32,24981,2265600,24982,2265600,24983,0,24984,0,24982,45,24983,100,24983,0,24984,0,24895,1,started,
24984,100,24984,1,25082,1008560,25084,1,25084,1607151,25085,320000,25085,0,25086,52,25088,25,25081,2265600,25083,2265600,25083,0,25084,0,25082,90,25083,11,25084,0,25084,0,24984,1,started,
25085,100,25085,1,25183,1008552,25184,1,25185,1813747,25186,320000,25186,0,25187,62,25189,25,25182,2265600,25183,2265600,25184,0,25185,0,25182,14,25184,100,25184,0,25185,0,25084,1,started,
25185,100,25185,1,25283,1010568,25285,1,25286,1845531,25286,320000,25286,0,25287,59,25303,27,25282,2265600,25284,2265600,25285,0,25285,0,25283,66,25284,50,25285,0,25285,0,25185,1,started,
25286,100,25286,1,25386,1009960,25389,1,25391,2169751,25391,320000,25392,0,25393,92,25401,39,25383,1728000,25386,1958400,25388,960000,25389,960000,25385,80,25387,100,25389,100,25390,42,25285,1,started,
25391,100,25391,1,25485,1010448,25488,1,25490,816281,25491,320000,25491,0,25493,11,25498,9,25483,2265600,25485,1958400,25487,960000,25489,960000,25484,25,25486,30,25488,22,25490,10,25390,1,started,
25490,100,25490,1,25586,1010448,25590,1,25593,344029,25594,320000,25595,0,25596,11,25602,7,25583,2265600,25586,1267200,25588,960000,25591,960000,25585,20,25588,0,25590,11,25592,0,25490,1,started,
25593,100,25593,1,25686,1007772,25689,1,25690,726899,25691,320000,25692,0,25693,30,25698,16,25684,2265600,25686,1267200,25688,960000,25690,0,25685,36,25687,10,25689,50,25690,0,25592,1,started,
25690,100,25691,1,25794,1007344,25796,1,25797,2004450,25797,320000,25798,0,25798,61,25800,28,25792,2265600,25794,2265600,25795,0,25796,0,25793,81,25795,45,25796,0,25796,0,25690,1,started,
25797,100,25797,1,25886,1007572,25889,1,25890,1766071,25891,320000,25892,0,25893,60,25897,30,25884,2265600,25887,2265600,25888,0,25890,0,25886,100,25888,11,25889,0,25890,0,25797,1,started,
25891,100,25891,1,25985,1007572,25987,1,25988,2306398,25988,320000,25988,0,25989,70,25991,29,25984,2265600,25986,2265600,25987,0,25987,0,25985,55,25986,90,25987,0,25987,0,25890,1,started,
25988,100,25988,1,26086,1008100,26087,1,26088,1634314,26088,320000,26089,0,26089,55,26092,26,26085,1267200,26086,2265600,26087,0,26088,0,26085,10,26087,100,26087,0,26088,0,25987,1,started,
26088,100,26088,1,26186,1008100,26188,1,26188,2115694,26189,320000,26189,0,26190,68,26192,31,26185,2265600,26187,2265600,26187,0,26188,0,26186,33,26187,100,26188,0,26188,0,26088,1,started,
26188,100,26189,1,26287,1008864,26289,1,26290,1591259,26291,320000,26291,0,26292,50,26294,27,26285,2265600,26287,2265600,26288,0,26289,0,26286,90,26288,10,26289,0,26289,0,26188,1,started,
26290,100,26290,1,26387,1010320,26395,1,26396,2258722,26396,320000,26397,0,26400,72,26408,32,26386,2265600,26387,2265600,26391,0,26395,0,26386,54,26390,88,26394,0,26395,0,26290,1,started,
26396,100,26396,1,26487,1010368,26489,1,26490,844337,26491,320000,26491,0,26492,17,26494,11,26486,2265600,26488,2265600,26489,0,26489,0,26487,33,26488,20,26489,0,26490,0,26395,1,started,
26490,100,26490,1,26588,1010488,26590,1,26591,304010,26591,320000,26592,0,26593,17,26596,6,26586,2265600,26588,2265600,26589,0,26590,0,26587,9,26589,10,26589,0,26590,0,26490,1,started,
26591,100,26591,1,26688,1007412,26690,1,26691,1383403,26692,320000,26692,0,26693,61,26697,22,26687,2265600,26689,1267200,26690,0,26691,0,26688,75,26689,44,26690,0,26691,0,26590,1,started,
26691,100,26691,1,26789,1007904,26792,1,26793,1634314,26794,320000,26795,0,26796,55,26799,26,26787,2265600,26789,1267200,26791,0,26792,0,26788,100,26790,10,26791,0,26793,0,26691,1,started,
26793,100,26794,1,26889,1008152,26891,1,26893,2115694,26893,320000,26894,0,26894,66,26896,24,26887,2265600,26889,2265600,26890,0,26891,0,26889,33,26890,100,26890,0,26892,0,26793,1,started,
26893,100,26893,1,26989,1008364,26990,1,26991,1729951,26991,320000,26992,0,26993,56,26995,27,26987,1958400,26989,2265600,26990,0,26990,0,26988,12,26990,100,26990,0,26991,0,26892,1,started,
26991,100,26991,1,27090,1008736,27095,1,27097,1698897,27098,320000,27100,0,27102,62,27110,31,27088,1267200,27090,2265600,27093,0,27095,0,27089,25,27092,100,27094,0,27097,0,26991,1,started,
27097,100,27097,1,27189,1008860,27191,1,27191,2290506,27192,320000,27192,0,27193,73,27195,33,27188,2265600,27190,2265600,27190,0,27191,0,27189,44,27190,100,27191,0,27191,0,27097,1,started,
27191,100,27191,1,27290,1010256,27291,1,27292,1940882,27293,320000,27294,0,27296,63,27300,30,27288,2265600,27290,2265600,27291,0,27291,0,27289,22,27291,100,27291,0,27292,0,27191,1,started,
27292,100,27292,1,27390,1010980,27393,1,27394,2417641,27395,320000,27396,0,27396,77,27399,34,27389,2265600,27391,2265600,27393,0,27394,0,27390,90,27392,62,27393,0,27394,0,27292,1,started,
27394,100,27395,1,27491,1011272,27493,1,27495,2465317,27496,320000,27496,0,27498,76,27500,38,27490,2265600,27491,2265600,27492,0,27494,0,27491,75,27492,80,27493,0,27494,0,27394,1,started,
27495,100,27495,1,27591,1011396,27593,1,27593,1068267,27594,320000,27594,0,27595,34,27597,17,27590,2265600,27591,1958400,27593,0,27593,0,27591,54,27592,18,27593,0,27593,0,27495,1,started,
27594,100,27594,1,27691,1008228,27694,1,27694,617228,27695,320000,27696,0,27697,25,27701,10,27690,2265600,27692,1267200,27693,0,27694,0,27691,36,27693,10,27693,0,27694,0,27593,1,started,
27695,100,27695,1,27792,1008332,27794,1,27794,1670719,27794,320000,27795,0,27796,55,27798,22,27791,2265600,27792,2265600,27793,0,27794,0,27791,72,27793,33,27793,0,27794,0,27694,1,started,
27794,100,27794,1,27892,1007760,27894,1,27894,2385857,27895,320000,27895,0,27895,71,27897,37,27891,2265600,27892,2265600,27893,0,27894,0,27892,100,27893,50,27893,0,27894,0,27794,1,started,
27894,100,27894,1,27996,1007760,28001,1,28003,1909098,28005,320000,28005,0,28007,61,28011,27,27992,2265600,27997,2265600,28000,0,28002,0,27996,20,28000,100,28000,0,28002,0,27894,1,started,
28004,100,28004,1,28093,1007760,28095,1,28096,2242830,28096,320000,28097,0,28097,65,28099,34,28092,2265600,28093,2265600,28094,0,28095,0,28093,41,28094,100,28095,0,28095,0,28002,1,started,
28096,100,28096,1,28194,1008112,28196,1,28197,1785007,28197,320000,28198,0,28198,71,28201,32,28192,1267200,28194,2265600,28195,0,28196,0,28193,45,28195,100,28195,0,28196,0,28096,1,started,
28197,100,28197,1,28293,1008484,28295,1,28296,2163370,28296,320000,28296,0,28297,66,28299,32,28292,2265600,28294,2265600,28295,0,28295,0,28293,36,28294,100,28295,0,28295,0,28196,1,started,
28296,100,28296,1,28394,1009928,28396,1,28397,1388723,28398,320000,28398,0,28399,61,28402,25,28393,1267200,28395,2265600,28396,0,28397,0,28394,60,28395,71,28396,0,28397,0,28295,1,started,
28397,100,28397,1,28494,1010132,28496,1,28497,1432339,28498,320000,28498,0,28499,47,28501,21,28493,2265600,28494,2265600,28495,0,28496,0,28494,60,28495,30,28496,0,28497,0,28397,1,started,
28497,100,28497,1,28595,1010132,28597,1,28598,351988,28599,320000,28600,0,28600,15,28603,6,28593,1728000,28595,2265600,28596,0,28597,0,28594,20,28596,11,28597,0,28598,0,28497,1,started,
28598,100,28598,1,28695,1007032,28697,1,28698,625839,28699,320000,28699,0,28701,26,28707,10,28694,1267200,28696,2265600,28697,0,28698,0,28695,12,28697,36,28697,0,28698,0,28598,1,started,
28698,100,28698,1,28795,1007524,28797,1,28797,1685872,28798,320000,28798,0,28798,65,28800,22,28794,2265600,28795,1497600,28796,0,28797,0,28795,90,28796,40,28796,0,28797,0,28698,1,started,
28797,100,28797,1,28896,1008020,28897,1,28898,1750179,28898,320000,28898,0,28899,55,28901,26,28894,2265600,28896,2265600,28897,0,28897,0,28895,100,28896,10,28897,0,28897,0,28797,1,started,
28898,100,28898,1,28996,1008144,28997,1,28998,1677369,28998,320000,28999,0,28999,60,29002,28,28995,2265600,28996,1267200,28997,0,28998,0,28995,100,28997,20,28997,0,28998,0,28898,1,started,
28998,100,28998,1,29096,1008640,29098,1,29098,2290506,29099,320000,29099,0,29100,70,29102,31,29095,2265600,29096,2265600,29097,0,29098,0,29096,100,29097,44,29098,0,29098,0,28998,1,started,
29098,100,29098,1,29196,1008764,29198,1,29198,1634314,29199,320000,29199,0,29200,55,29210,27,29195,2265600,29197,1267200,29197,0,29198,0,29196,100,29197,10,29198,0,29198,0,29098,1,started,
29199,100,29199,1,29297,1009240,29298,1,29299,2242830,29299,320000,29299,0,29300,71,29302,34,29295,2265600,29297,2265600,29298,0,29298,0,29296,100,29297,41,29298,0,29299,0,29198,1,started,
29299,100,29299,1,29397,1010720,29399,1,29400,1877315,29401,320000,29401,0,29402,52,29405,29,29396,2265600,29397,2265600,29399,0,29400,0,29397,18,29398,100,29399,0,29400,0,29299,1,started,
29400,100,29401,1,29497,1010760,29499,1,29499,2052126,29500,320000,29500,0,29500,65,29503,30,29496,2265600,29498,2265600,29498,0,29499,0,29497,66,29498,63,29499,0,29499,0,29400,1,started,
29499,100,29499,1,29598,1010760,29600,1,29601,176874,29602,320000,29602,0,29603,10,29606,5,29596,2265600,29598,1497600,29599,0,29600,0,29597,11,29599,0,29599,0,29600,0,29499,1,started,
29601,100,29601,1,29698,1007768,29699,1,29700,763616,29700,320000,29700,0,29701,36,29703,14,29696,2265600,29698,1267200,29699,0,29699,0,29697,36,29699,44,29699,0,29700,0,29600,1,started,
29700,100,29700,1,29801,1008224,29805,1,29807,1718025,29809,320000,29809,0,29813,63,29819,24,29798,1497600,29801,2265600,29805,0,29807,0,29800,20,29805,100,29805,0,29807,0,29700,1,started,
29807,100,29807,1,29898,1008596,29900,1,29900,2115694,29901,320000,29901,0,29902,64,29904,30,29897,2265600,29899,2265600,29899,0,29900,0,29898,33,29899,100,29900,0,29900,0,29807,1,started,
29900,100,29901,1,29999,1008808,30002,1,30004,1239744,30006,320000,30006,0,30009,66,30017,25,29998,1267200,30000,2265600,30001,0,30002,0,29999,66,30001,60,30001,0,30004,0,29900,1,started,
30004,100,30004,1,30099,1009300,30101,1,30101,2068018,30102,320000,30102,0,30103,65,30105,32,30098,2265600,30099,2265600,30100,0,30101,0,30099,30,30100,100,30101,0,30101,0,30004,1,started,
30101,100,30101,1,30200,1009300,30204,1,30206,1685980,30208,320000,30209,0,30210,63,30218,30,30198,1267200,30201,2265600,30202,0,30204,0,30200,22,30202,100,30204,0,30206,0,30101,1,started,
30206,100,30206,1,30300,1009952,30301,1,30302,2226938,30303,320000,30303,0,30304,70,30306,32,30299,2265600,30300,2265600,30301,0,30302,0,30299,40,30301,100,30301,0,30302,0,30206,1,started,
30302,100,30303,1,30401,1011328,30404,1,30406,1664837,30406,320000,30407,0,30408,68,30412,29,30399,1267200,30401,2265600,30403,0,30405,0,30400,54,30403,90,30404,0,30405,0,30302,1,started,
30406,100,30406,1,30501,1010292,30503,1,30504,1495907,30504,320000,30505,0,30505,50,30507,18,30500,2265600,30501,2265600,30503,0,30503,0,30501,61,30503,33,30503,0,30504,0,30405,1,started,
30504,100,30504,1,30604,1009748,30609,1,30611,169978,30612,320000,30613,0,30615,23,30620,8,30601,1267200,30605,1267200,30607,0,30610,0,30602,30,30606,9,30608,0,30611,0,30504,1,started,
30611,100,30612,1,30702,1007176,30704,1,30704,834534,30704,320000,30705,0,30705,62,30707,16,30701,2265600,30702,1267200,30703,0,30704,0,30702,28,30703,90,30703,0,30704,0,30611,1,started,
30704,100,30704,1,30802,1007672,30804,1,30804,2020342,30805,320000,30805,0,30806,61,30808,29,30801,2265600,30803,2265600,30803,0,30804,0,30802,27,30803,100,30804,0,30804,0,30704,1,started,
30804,100,30804,1,30903,1007896,30904,1,30905,2226938,30905,320000,30906,0,30906,66,30908,33,30901,2265600,30903,2265600,30904,0,30904,0,30902,50,30903,90,30904,0,30905,0,30804,1,started,
30905,100,30905,1,31003,1008144,31005,1,31006,1733341,31007,320000,31007,0,31008,68,31011,30,31002,1267200,31004,2265600,31005,0,31006,0,31003,33,31005,100,31005,0,31006,0,30905,1,started,
31006,100,31006,1,31103,1008508,31105,1,31105,2163370,31106,320000,31106,0,31106,66,31108,33,31102,2265600,31103,2265600,31104,0,31105,0,31103,36,31104,100,31104,0,31105,0,31006,1,started,
31105,100,31105,1,31204,1009092,31206,1,31207,1733341,31208,320000,31208,0,31209,68,31213,30,31203,1267200,31205,2265600,31206,0,31207,0,31204,33,31205,100,31206,0,31207,0,31105,1,started,
31207,100,31207,1,31305,1010880,31307,1,31308,1720425,31308,320000,31309,0,31328,63,31349,31,31303,1267200,31305,2265600,31307,0,31307,0,31304,30,31306,100,31307,0,31308,0,31207,1,started,
31308,100,31308,1,31405,1011088,31407,1,31408,2390285,31408,320000,31409,0,31409,56,31413,30,31403,2265600,31405,2265600,31406,960000,31407,960000,31404,66,31406,80,31407,20,31408,11,31308,1,started,
31408,100,31408,1,31505,1011088,31509,1,31511,319902,31513,320000,31515,0,31516,6,31523,7,31504,2265600,31505,2265600,31507,960000,31509,960000,31505,11,31506,9,31507,0,31511,0,31408,1,started,
31511,100,31511,1,31606,1008320,31608,1,31610,1027384,31611,320000,31611,0,31612,18,31615,15,31604,2265600,31606,1267200,31607,960000,31609,960000,31605,63,31607,0,31608,0,31610,11,31511,1,started,
31610,100,31610,1,31706,1008564,31707,1,31708,1479700,31709,320000,31709,0,31709,40,31712,24,31704,2265600,31706,1267200,31707,0,31708,0,31705,90,31707,11,31707,0,31708,0,31610,1,started,
31708,100,31708,1,31806,1009056,31807,1,31808,2115694,31808,320000,31809,0,31809,68,31811,30,31805,2265600,31806,2265600,31807,0,31807,0,31805,100,31807,33,31807,0,31808,0,31708,1,started,
31808,100,31808,1,31906,1008960,31908,1,31909,2020342,31909,320000,31913,0,31913,63,31915,31,31905,2265600,31907,2265600,31908,0,31908,0,31906,100,31907,27,31908,0,31908,0,31808,1,started,
31909,100,31909,1,32007,1009084,32009,1,32009,1909098,32010,320000,32010,0,32011,55,32014,22,32005,2265600,32007,2265600,32008,0,32009,0,32006,20,32008,100,32008,0,32009,0,31908,1,started,
32010,100,32010,1,32107,1009200,32109,1,32110,1940882,32110,320000,32111,0,32112,63,32114,32,32105,2265600,32107,2265600,32108,0,32109,0,32106,22,32108,100,32109,0,32109,0,32009,1,started,
32110,100,32110,1,32212,1009984,32221,1,32225,1634314,32227,320000,32228,0,32232,62,32241,29,32207,1267200,32214,2265600,32219,0,32221,0,32211,10,32217,100,32219,0,32223,0,32109,1,started,
32225,100,32225,1,32307,1011492,32310,1,32311,2385857,32311,320000,32312,0,32313,75,32316,30,32306,2265600,32308,2265600,32309,0,32310,0,32307,100,32309,50,32309,0,32310,0,32223,1,started,
32311,100,32311,1,32408,1011528,32409,1,32410,1209852,32410,320000,32410,0,32411,31,32413,15,32406,2265600,32408,2265600,32409,0,32409,0,32407,36,32408,40,32409,0,32409,0,32310,1,started,
32410,100,32410,1,32508,1011528,32509,1,32510,605957,32510,320000,32511,0,32511,20,32514,9,32507,2265600,32508,2265600,32509,0,32510,0,32507,11,32509,27,32509,0,32510,0,32409,1,started,
32510,100,32510,1,32609,1008472,32611,1,32612,698718,32613,320000,32613,0,32614,42,32618,17,32607,1267200,32609,2265600,32610,0,32611,0,32608,40,32610,33,32611,0,32611,0,32510,1,started,
32612,100,32612,1,32708,1008984,32710,1,32710,2163370,32711,320000,32711,0,32712,63,32714,33,32707,2265600,32709,2265600,32710,0,32710,0,32708,36,32709,100,32710,0,32710,0,32612,1,started,
32710,100,32711,1,32810,1009356,32812,1,32813,1685980,32814,320000,32815,0,32817,66,32839,28,32808,1267200,32810,2265600,32811,0,32812,0,32809,22,32811,100,32811,0,32813,0,32710,1,started,
32813,100,32813,1,32909,1008536,32911,1,32911,2703697,32912,320000,32913,0,32914,85,32916,42,32908,2265600,32910,2265600,32910,0,32911,0,32909,70,32910,100,32911,0,32911,0,32813,1,started,
32911,100,32911,1,33010,1008908,33013,1,33014,1707508,33014,320000,33015,0,33016,61,33019,30,33009,1267200,33011,2265600,33013,0,33013,0,33010,27,33012,100,33013,0,33014,0,32911,1,started,
33014,100,33014,1,33114,1008908,33121,1,33125,1638620,33126,320000,33128,0,33129,61,33136,27,33110,1267200,33116,2265600,33119,0,33123,0,33113,11,33118,100,33119,0,33123,0,33014,1,started,
33125,100,33125,1,33210,1010764,33212,1,33213,2592453,33213,320000,33213,0,33214,78,33216,36,33209,2265600,33211,2265600,33212,0,33212,0,33210,63,33211,100,33212,0,33212,0,33123,1,started,
33213,100,33213,1,33311,1011008,33313,1,33314,2433533,33315,320000,33320,0,33321,76,33325,38,33310,2265600,33311,2265600,33313,0,33314,0,33310,72,33312,81,33313,0,33314,0,33212,1,started,
33315,100,33315,1,33411,1011028,33413,1,33413,1336988,33413,320000,33414,0,33414,42,33416,20,33410,2265600,33411,2265600,33412,0,33413,0,33411,54,33412,30,33412,0,33413,0,33314,1,started,
33413,100,33413,1,33512,1010356,33514,1,33514,494713,33515,320000,33515,0,33515,15,33519,8,33510,2265600,33512,2265600,33513,0,33514,0,33511,22,33513,9,33513,0,33514,0,33413,1,started,
33514,100,33514,1,33612,1007920,33615,1,33615,1144393,33616,320000,33617,0,33617,57,33620,21,33610,2265600,33613,1267200,33614,0,33615,0,33612,54,33614,66,33614,0,33615,0,33514,1,started,
33615,100,33616,1,33713,1008484,33716,1,33717,1630009,33718,320000,33719,0,33720,52,33723,26,33711,2265600,33713,1267200,33715,0,33716,0,33712,100,33714,9,33715,0,33717,0,33615,1,started,
33717,100,33717,1,33812,1008608,33814,1,33814,1956774,33815,320000,33815,0,33816,61,33818,28,33811,2265600,33812,2265600,33813,0,33814,0,33812,33,33813,90,33814,0,33814,0,33717,1,started,
33814,100,33814,1,33913,1008856,33915,1,33915,1924990,33916,320000,33916,0,33917,61,33919,30,33911,2265600,33913,2265600,33914,0,33915,0,33913,66,33914,55,33914,0,33915,0,33814,1,started,
33915,100,33915,1,34014,1009228,34016,1,34017,1662273,34018,320000,34019,0,34019,55,34022,27,34012,2265600,34014,1574400,34015,0,34016,0,34013,100,34015,10,34016,0,34017,0,33915,1,started,
34017,100,34018,1,34114,1009228,34116,1,34117,1220562,34117,320000,34118,0,34118,65,34121,23,34112,2265600,34114,1267200,34115,0,34116,0,34113,55,34115,80,34116,0,34116,0,34017,1,started,
34117,100,34117,1,34214,1010144,34215,1,34216,1707508,34216,320000,34216,0,34217,65,34219,29,34212,1267200,34214,2265600,34215,0,34215,0,34213,27,34214,100,34215,0,34215,0,34117,1,started,
34216,100,34216,1,34314,1011456,34315,1,34316,2226938,34316,320000,34319,0,34320,70,34322,34,34313,2265600,34314,2265600,34315,0,34315,0,34313,60,34315,80,34315,0,34316,0,34216,1,started,
34316,100,34316,1,34415,1011472,34417,1,34417,335794,34418,320000,34418,0,34418,10,34421,5,34414,2265600,34415,2265600,34416,0,34417,0,34415,11,34416,10,34416,0,34417,0,34316,1,started,
34417,100,34417,1,34516,1008544,34517,1,34518,462930,34518,320000,34519,0,34519,15,34521,7,34514,2265600,34516,2265600,34517,0,34517,0,34515,18,34517,11,34517,0,34518,0,34417,1,started,
34518,100,34518,1,34616,1009040,34618,1,34619,1690670,34620,320000,34620,0,34621,75,34624,26,34615,2265600,34617,1267200,34618,0,34619,0,34616,90,34618,60,34618,0,34619,0,34518,1,started,
34619,100,34619,1,34720,1009536,34726,1,34727,1698897,34728,320000,34730,0,34731,60,34735,28,34716,2265600,34722,1267200,34724,0,34726,0,34720,100,34724,25,34725,0,34726,0,34619,1,started,
34728,100,34728,1,34817,1009784,34818,1,34819,2465317,34820,320000,34820,0,34821,77,34823,38,34815,2265600,34817,2265600,34818,0,34819,0,34816,100,34818,55,34818,0,34819,0,34727,1,started,
34819,100,34820,1,34918,1010156,34923,1,34925,1877315,34926,320000,34928,0,34928,60,34933,31,34916,2265600,34919,2265600,34922,0,34924,0,34917,100,34920,18,34922,0,34924,0,34819,1,started,
34926,100,34926,1,35017,1010156,35019,1,35019,2290506,35020,320000,35020,0,35021,70,35023,33,35016,2265600,35018,2265600,35018,0,35019,0,35017,100,35018,44,35019,0,35019,0,34924,1,started,
35019,100,35019,1,35118,1011044,35120,1,35123,1988558,35124,320000,35126,0,35128,62,35135,32,35116,2265600,35118,2265600,35119,0,35121,0,35117,100,35119,25,35120,0,35121,0,35019,1,started,
35123,100,35123,1,35218,1012424,35220,1,35221,2369965,35221,320000,35221,0,35222,72,35226,33,35217,2265600,35219,2265600,35220,0,35220,0,35218,72,35219,77,35220,0,35220,0,35121,1,started,
35221,100,35221,1,35318,1012412,35322,1,35323,2544777,35323,320000,35324,0,35324,77,35327,37,35317,2265600,35319,2265600,35321,0,35323,0,35318,80,35320,80,35322,0,35323,0,35220,1,started,
35323,100,35323,1,35419,1012396,35421,1,35422,192766,35423,320000,35423,0,35424,5,35427,2,35417,2265600,35420,1267200,35421,0,35422,0,35419,12,35421,0,35421,0,35422,0,35323,1,started,
35422,100,35422,1,35519,1009472,35523,1,35524,523906,35525,320000,35532,0,35534,42,35537,16,35518,2265600,35520,1267200,35522,0,35523,0,35519,22,35522,40,35523,0,35524,0,35422,1,started,
35525,100,35525,1,35620,1009240,35622,1,35623,1819438,35623,320000,35624,0,35625,63,35629,25,35618,1497600,35620,2265600,35621,0,35622,0,35619,36,35621,100,35621,0,35623,0,35524,1,started,
35623,100,35623,1,35720,1009608,35721,1,35722,2385857,35723,320000,35723,0,35724,77,35726,34,35718,2265600,35720,2265600,35721,0,35721,0,35719,50,35720,100,35721,0,35721,0,35623,1,started,
35722,100,35722,1,35820,1009856,35821,1,35822,1861423,35823,320000,35823,0,35824,57,35826,29,35819,2265600,35820,2265600,35821,0,35822,0,35820,27,35821,90,35821,0,35822,0,35721,1,started,
35822,100,35822,1,35920,1009856,35922,1,35923,1972666,35923,320000,35924,0,35924,57,35927,29,35919,2265600,35920,2265600,35921,0,35922,0,35920,88,35921,36,35922,0,35923,0,35822,1,started,
35923,100,35923,1,36021,1009856,36023,1,36024,1678816,36025,320000,36026,0,36027,57,36029,26,36019,2265600,36021,1728000,36023,0,36024,0,36020,100,36022,10,36023,0,36024,0,35923,1,started,
36025,100,36025,1,36124,1010104,36126,1,36126,1988558,36127,320000,36127,0,36128,57,36130,22,36123,2265600,36124,2265600,36125,0,36126,0,36124,45,36125,80,36125,0,36126,0,36024,1,started,
36126,100,36126,1,36224,1011484,36226,1,36226,1591259,36227,320000,36227,0,36227,55,36229,25,36223,2265600,36224,2265600,36225,0,36226,0,36224,100,36225,0,36225,0,36226,0,36126,1,started,
36226,100,36226,1,36324,1011812,36326,1,36327,1050932,36327,320000,36327,0,36328,35,36330,16,36323,2265600,36325,2265600,36326,0,36326,0,36324,41,36325,25,36326,0,36326,0,36226,1,started,
36327,100,36327,1,36425,1011916,36427,1,36428,569553,36429,320000,36429,0,36430,20,36433,9,36424,2265600,36426,1267200,36427,0,36428,0,36425,33,36427,10,36427,0,36428,0,36327,1,started,
36428,100,36428,1,36526,1008696,36528,1,36529,344104,36529,320000,36530,0,36531,36,36535,12,36524,1497600,36526,1267200,36527,0,36528,0,36525,20,36527,50,36528,0,36529,0,36428,1,started,
36529,100,36529,1,36626,1009168,36627,1,36628,2083910,36628,320000,36628,0,36629,63,36631,21,36624,2265600,36626,2265600,36627,0,36627,0,36625,41,36626,90,36627,0,36627,0,36529,1,started,
36628,100,36628,1,36726,1009644,36727,1,36728,1591259,36728,320000,36728,0,36729,55,36731,25,36724,2265600,36726,2265600,36727,0,36727,0,36725,0,36727,100,36727,0,36728,0,36627,1,started,
36728,100,36728,1,36826,1009768,36828,1,36828,1750179,36829,320000,36829,0,36829,55,36831,20,36825,2265600,36826,2265600,36827,0,36828,0,36826,77,36827,33,36827,0,36828,0,36728,1,started,
36828,100,36828,1,36926,1009892,36928,1,36929,1781963,36930,320000,36930,0,36931,61,36933,28,36925,2265600,36927,2265600,36928,0,36929,0,36926,100,36928,12,36928,0,36929,0,36828,1,started,
36929,100,36930,1,37031,1010388,37038,1,37041,1707508,37042,320000,37044,0,37046,66,37053,30,37026,2265600,37033,1267200,37036,0,37039,0,37029,100,37035,27,37037,0,37040,0,36929,1,started,
37041,100,37042,1,37127,1010388,37128,1,37129,2290506,37129,320000,37129,0,37130,64,37133,32,37126,2265600,37127,2265600,37128,0,37128,0,37126,100,37128,44,37128,0,37129,0,37040,1,started,
37129,100,37129,1,37227,1011808,37229,1,37229,1781963,37230,320000,37230,0,37230,61,37234,27,37226,2265600,37227,2265600,37228,0,37229,0,37227,22,37228,90,37228,0,37229,0,37129,1,started,
37229,100,37229,1,37329,1013316,37334,1,37336,2747606,37352,320000,37353,0,37354,86,37360,43,37327,2265600,37330,2265600,37332,960000,37334,960000,37329,76,37331,90,37333,16,37336,33,37229,1,started,
37337,100,37337,1,37428,1012164,37430,1,37431,4451813,37431,320000,37432,0,37432,63,37436,57,37427,2265600,37428,2265600,37429,2265600,37430,2265600,37427,80,37429,60,37430,77,37431,63,37336,1,started,
37431,100,37431,1,37528,1012164,37531,1,37532,876121,37533,320000,37534,0,37535,12,37540,12,37527,2265600,37529,2265600,37530,2265600,37531,2265600,37528,36,37529,9,37530,10,37532,0,37431,1,started,
37532,100,37533,1,37630,1008892,37633,1,37635,175015,37636,320000,37636,0,37637,12,37643,9,37628,1267200,37630,1267200,37632,960000,37634,2265600,37629,11,37631,20,37633,18,37635,0,37532,1,started,
37635,100,37635,1,37732,1009008,37741,1,37743,1638620,37746,320000,37748,0,37750,51,37759,20,37729,1267200,37734,2265600,37737,0,37741,0,37732,11,37737,100,37739,0,37743,0,37635,1,started,
37744,100,37745,1,37829,1009380,37831,1,37832,2385857,37833,320000,37834,0,37834,72,37836,34,37828,2265600,37830,2265600,37831,0,37832,0,37829,50,37830,100,37831,0,37832,0,37743,1,started,
37832,100,37833,1,37929,1009592,37931,1,37932,1353484,37932,320000,37933,0,37934,52,37937,25,37928,1728000,37930,2265600,37931,0,37931,0,37929,40,37930,63,37931,0,37931,0,37832,1,started,
37932,100,37932,1,38030,1008896,38031,1,38032,2544777,38032,320000,38033,0,38033,76,38035,37,38029,2265600,38030,2265600,38031,0,38031,0,38029,60,38031,100,38031,0,38032,0,37931,1,started,
38032,100,38032,1,38130,1008896,38132,1,38133,1471338,38134,320000,38134,0,38135,61,38139,31,38129,1958400,38130,2265600,38131,0,38132,0,38130,90,38131,27,38131,0,38133,0,38032,1,started,
38133,100,38133,1,38231,1009020,38233,1,38234,1940882,38234,320000,38235,0,38236,63,38238,29,38229,2265600,38231,2265600,38232,0,38233,0,38230,100,38232,22,38233,0,38233,0,38133,1,started,
38234,100,38234,1,38331,1010700,38337,1,38338,1730702,38342,320000,38342,0,38346,65,38352,32,38330,2265600,38331,1497600,38333,0,38337,0,38331,100,38332,22,38336,0,38338,0,38234,1,started,
38341,100,38341,1,38431,1010700,38433,1,38434,754676,38435,320000,38435,0,38436,27,38438,12,38430,2265600,38431,1497600,38432,0,38433,0,38431,33,38432,36,38433,0,38433,0,38338,1,started,
38434,100,38434,1,38531,1010700,38534,1,38535,669525,38536,320000,38536,0,38537,21,38540,9,38530,2265600,38532,2265600,38533,0,38534,0,38531,20,38533,22,38534,0,38535,0,38434,1,started,
38535,100,38535,1,38632,1007776,38635,1,38636,380948,38636,320000,38637,0,38638,44,38641,15,38631,1267200,38633,1267200,38634,0,38635,0,38632,55,38634,33,38635,0,38635,0,38535,1,started,
38636,100,38636,1,38732,1008172,38734,1,38734,2306398,38734,320000,38735,0,38735,71,38737,29,38731,2265600,38732,2265600,38733,0,38734,0,38732,45,38733,100,38733,0,38734,0,38636,1,started,
38734,100,38734,1,38833,1008544,38835,1,38836,1677369,38836,320000,38837,0,38839,60,38850,29,38831,1267200,38833,2265600,38834,0,38835,0,38832,20,38834,100,38835,0,38836,0,38734,1,started,
38836,100,38836,1,38933,1008700,38934,1,38935,2449425,38935,320000,38935,0,38936,75,38938,35,38931,2265600,38933,2265600,38934,0,38934,0,38932,54,38933,100,38934,0,38934,0,38836,1,started,
38935,100,38935,1,39033,1009072,39035,1,39036,1909098,39037,320000,39037,0,39038,60,39040,30,39032,2265600,39034,2265600,39035,0,39036,0,39033,20,39034,100,39035,0,39036,0,38935,1,started,
39036,100,39036,1,39134,1009072,39137,1,39138,1685980,39139,320000,39140,0,39141,63,39144,30,39132,1267200,39135,2265600,39136,0,39137,0,39133,22,39136,100,39137,0,39138,0,39036,1,started,
39138,100,39139,1,39234,1010420,39237,1,39238,1308248,39238,320000,39239,0,39240,57,39253,23,39232,1267200,39235,2265600,39236,0,39237,0,39234,45,39236,70,39236,0,39237,0,39138,1,started,
39238,100,39238,1,39334,1011416,39336,1,39337,2528885,39337,320000,39338,0,39338,78,39343,36,39333,2265600,39334,2265600,39335,0,39336,0,39334,87,39335,72,39335,0,39336,0,39238,1,started,
39337,100,39337,1,39434,1011664,39436,1,39437,2894400,39437,320000,39438,0,39438,67,39441,33,39433,2265600,39434,2265600,39435,2265600,39436,0,39434,70,39435,70,39436,42,39437,0,39336,1,started,
39437,100,39437,1,39534,1011664,39536,1,39537,319902,39537,320000,39538,0,39538,6,39541,5,39533,2265600,39535,2265600,39536,2265600,39537,0,39534,0,39535,0,39536,20,39537,0,39437,1,started,
39537,100,39537,1,39635,1008348,39637,1,39637,246595,39638,320000,39638,0,39639,7,39641,4,39634,1497600,39635,2265600,39636,1497600,39637,0,39634,0,39636,11,39637,11,39637,0,39537,1,started,
39637,100,39638,1,39735,1009052,39737,1,39738,1146284,39739,320000,39739,0,39740,39,39743,12,39734,2265600,39735,2265600,39737,0,39738,0,39735,72,39736,0,39737,0,39738,0,39637,1,started,
39738,100,39738,1,39836,1009292,39838,1,39839,1372831,39839,320000,39840,0,39841,61,39844,24,39834,2265600,39836,1267200,39837,0,39838,0,39835,70,39837,60,39838,0,39839,0,39738,1,started,
39839,100,39839,1,39936,1009540,39938,1,39939,1418477,39940,320000,39940,0,39941,60,39956,26,39935,2265600,39937,1267200,39938,0,39939,0,39936,81,39938,30,39938,0,39939,0,39839,1,started,
39939,100,39939,1,40036,1009664,40037,1,40038,1988558,40038,320000,40039,0,40039,66,40041,28,40035,2265600,40036,2265600,40037,0,40038,0,40036,25,40037,100,40037,0,40038,0,39939,1,started,
40038,100,40038,1,40137,1009900,40138,1,40139,1669374,40139,320000,40140,0,40141,57,40146,27,40135,1574400,40137,2265600,40138,0,40139,0,40136,11,40138,100,40138,0,40139,0,40038,1,started,
40139,100,40139,1,40237,1010024,40238,1,40238,2115694,40239,320000,40239,0,40240,68,40242,32,40235,2265600,40237,2265600,40238,0,40238,0,40236,33,40237,100,40238,0,40238,0,40139,1,started,
40239,100,40239,1,40337,1011448,40340,1,40340,1720425,40341,320000,40341,0,40344,65,40353,33,40336,1267200,40338,2265600,40339,0,40340,0,40337,30,40339,100,40339,0,40340,0,40238,1,started,
40340,100,40340,1,40438,1012076,40440,1,40440,1861423,40441,320000,40441,0,40441,59,40444,25,40437,2265600,40438,2265600,40439,0,40440,0,40438,54,40439,63,40440,0,40440,0,40340,1,started,
40440,100,40440,1,40488,1012076,40490,1,40491,319902,40492,320000,40504,0,40506,25,40510,10,40487,2265600,40488,2265600,40490,0,40491,0,40488,20,40489,0,40490,0,40491,0,40440,1,started,
40491,100,40491,1,40589,1007704,40591,1,40592,938672,40592,320000,40593,0,40593,43,40596,16,40587,1497600,40589,2265600,40590,0,40591,0,40588,55,40590,37,40591,0,40591,0,40491,1,started,
40592,100,40592,1,40690,1004592,40692,1,40693,1209221,40694,320000,40695,0,40696,50,40700,21,40688,1267200,40690,2265600,40691,0,40692,0,40689,22,40691,70,40692,0,40693,0,40591,1,started,
40694,100,40694,1,40789,1004956,40791,1,40791,2226938,40792,320000,40792,0,40793,70,40795,33,40788,2265600,40790,2265600,40790,0,40791,0,40789,40,40790,100,40791,0,40791,0,40693,1,started,
40791,100,40792,1,40890,1005328,40894,1,40909,1877315,40910,320000,40910,0,40911,60,40913,31,40889,2265600,40891,2265600,40893,0,40894,0,40890,18,40891,100,40893,0,40895,0,40791,1,started,
40909,100,40909,1,40991,1005696,40993,1,40994,2068018,40995,320000,40995,0,40996,58,40998,26,40989,2265600,40991,2265600,40992,0,40993,0,40990,100,40992,30,40993,0,40994,0,40895,1,started,
40994,100,40994,1,41090,1006192,41092,1,41093,1781963,41093,320000,41093,0,41094,57,41096,28,41089,2265600,41091,2265600,41092,0,41092,0,41090,90,41091,22,41092,0,41092,0,40994,1,started,
41093,100,41093,1,41191,1006316,41194,1,41195,1707508,41196,320000,41197,0,41198,60,41201,28,41189,2265600,41191,1267200,41193,0,41194,0,41191,100,41193,27,41194,0,41195,0,41092,1,started,
41195,100,41196,1,41292,1007932,41295,1,41296,1561505,41297,320000,41298,0,41299,61,41302,26,41290,2265600,41292,1267200,41294,0,41295,0,41291,90,41293,30,41294,0,41295,0,41195,1,started,
41296,100,41296,1,41392,1008724,41393,1,41394,2338182,41394,320000,41395,0,41395,73,41397,30,41390,2265600,41392,2265600,41393,0,41393,0,41391,70,41393,77,41393,0,41394,0,41296,1,started,
41394,100,41394,1,41492,1008820,41493,1,41494,1495907,41494,320000,41495,0,41495,45,41498,21,41490,2265600,41492,2265600,41493,0,41493,0,41491,40,41493,54,41493,0,41494,0,41394,1,started,
41494,100,41494,1,41592,1008944,41594,1,41595,224365,41595,320000,41596,0,41597,9,41599,4,41591,2265600,41593,1497600,41594,0,41594,0,41592,10,41593,10,41594,0,41595,0,41494,1,started,
41595,100,41595,1,41692,1006620,41694,1,41694,1638935,41695,320000,41695,0,41696,52,41698,24,41691,2265600,41693,2265600,41693,0,41694,0,41692,33,41693,70,41694,0,41694,0,41595,1,started,
41695,100,41695,1,41794,1006744,41799,1,41801,1634314,41802,320000,41803,0,41804,59,41810,29,41791,2265600,41795,1267200,41798,0,41800,0,41793,100,41797,10,41798,0,41800,0,41694,1,started,
41801,100,41802,1,41893,1007240,41895,1,41896,2115694,41897,320000,41897,0,41898,64,41904,30,41892,2265600,41894,2265600,41895,0,41896,0,41893,100,41895,33,41895,0,41896,0,41800,1,started,
41896,100,41897,1,41994,1007456,41995,1,41996,1766071,41996,320000,41997,0,41997,57,41999,24,41992,2265600,41994,2265600,41995,0,41996,0,41993,30,41995,81,41995,0,41996,0,41896,1,started,
41996,100,41996,1,42095,1008072,42099,1,42100,1766071,42101,320000,42103,0,42104,61,42108,30,42092,2265600,42096,2265600,42097,0,42099,0,42094,100,42097,11,42098,0,42100,0,41996,1,started,
42101,100,42101,1,42194,1008196,42196,1,42197,1750563,42198,320000,42198,0,42199,68,42202,29,42193,2265600,42195,1267200,42196,0,42197,0,42194,100,42195,37,42196,0,42197,0,42100,1,started,
42197,100,42197,1,42295,1009748,42297,1,42298,1707508,42298,320000,42299,0,42300,61,42304,28,42293,2265600,42295,1267200,42296,0,42297,0,42294,100,42296,27,42297,0,42298,0,42197,1,started,
42298,100,42298,1,42394,1009692,42396,1,42396,1924990,42397,320000,42397,0,42398,57,42400,27,42393,2265600,42395,2265600,42395,0,42396,0,42394,66,42395,55,42396,0,42396,0,42298,1,started,
42396,100,42396,1,42495,1009904,42496,1,42497,160982,42497,320000,42498,0,42498,5,42500,2,42493,2265600,42495,2265600,42496,0,42496,0,42494,0,42496,10,42496,0,42497,0,42396,1,started,
42497,100,42497,1,42604,1006520,42606,1,42607,748061,42607,320000,42608,0,42609,40,42611,17,42603,2265600,42604,1497600,42606,0,42606,0,42604,27,42605,50,42606,0,42607,0,42497,1,started,
42607,100,42607,1,42705,1007132,42707,1,42708,1718025,42709,320000,42710,0,42711,60,42714,28,42703,2265600,42705,1497600,42707,0,42708,0,42704,100,42706,20,42707,0,42708,0,42607,1,started,
42709,100,42709,1,42805,1007752,42807,1,42808,1763480,42808,320000,42809,0,42810,70,42814,30,42803,2265600,42805,1267200,42806,0,42807,0,42804,100,42806,40,42807,0,42808,0,42708,1,started,
42808,100,42808,1,42905,1008212,42906,1,42907,2147478,42907,320000,42907,0,42908,64,42910,32,42903,2265600,42905,2265600,42906,0,42906,0,42904,50,42906,85,42906,0,42907,0,42808,1,started,
42907,100,42907,1,43005,1008828,43007,1,43007,1224727,43007,320000,43008,0,43008,55,43011,25,43004,1497600,43005,2265600,43006,0,43007,0,43005,55,43006,55,43006,0,43007,0,42907,1,started,
43007,100,43007,1,43106,1009076,43107,1,43108,1591259,43108,320000,43109,0,43109,52,43112,23,43104,2265600,43106,2265600,43107,0,43107,0,43105,100,43107,0,43107,0,43108,0,43007,1,started,
43108,100,43108,1,43206,1008348,43207,1,43208,2195154,43208,320000,43209,0,43209,68,43211,32,43204,2265600,43206,2265600,43207,0,43207,0,43205,75,43206,63,43207,0,43208,0,43108,1,started,
43208,100,43208,1,43306,1009696,43308,1,43313,1924990,43314,320000,43314,0,43315,62,43322,30,43305,2265600,43307,2265600,43308,0,43309,0,43306,81,43308,40,43308,0,43313,0,43208,1,started,
43313,100,43313,1,43407,1010112,43411,1,43412,1317874,43413,320000,43414,0,43415,68,43418,27,43405,2265600,43407,1267200,43410,0,43411,0,43406,66,43409,62,43410,0,43412,0,43313,1,started,
43412,100,43413,1,43508,1010112,43509,1,43510,2417641,43510,320000,43511,0,43512,75,43518,32,43505,2265600,43508,2265600,43509,0,43509,0,43507,62,43509,90,43509,0,43510,0,43412,1,started,
43510,100,43510,1,43607,1010108,43609,1,43609,2163370,43610,200000,43610,0,43611,68,43613,32,43606,2265600,43608,2265600,43608,0,43609,0,43607,66,43608,70,43609,0,43609,0,43510,1,started,
43610,100,43610,1,43708,1010108,43710,1,43711,319902,43711,320000,43712,0,43713,13,43715,6,43707,2265600,43708,2265600,43709,0,43710,0,43708,11,43709,9,43710,0,43710,0,43609,1,started,
43711,100,43711,1,43808,1007040,43810,1,43810,789168,43810,320000,43811,0,43811,29,43824,12,43807,1728000,43808,2265600,43809,0,43810,0,43808,30,43809,33,43809,0,43810,0,43711,1,started,
43810,100,43810,1,43909,1007692,43912,1,43914,1677369,43915,320000,43915,0,43917,63,43922,28,43907,1267200,43910,2265600,43911,0,43913,0,43909,20,43911,100,43912,0,43913,0,43810,1,started,
43914,100,43914,1,44009,1008064,44010,1,44011,2226938,44011,320000,44011,0,44012,66,44014,34,44008,2265600,44009,2265600,44010,0,44010,0,44008,40,44010,100,44010,0,44011,0,43913,1,started,
44011,100,44011,1,44109,1008312,44110,1,44111,2068018,44112,320000,44113,0,44113,68,44115,32,44108,2265600,44109,2265600,44110,0,44111,0,44109,30,44110,100,44110,0,44111,0,44011,1,started,
44111,100,44111,1,44209,1008560,44211,1,44211,2242830,44212,320000,44213,0,44213,68,44215,33,44208,2265600,44210,2265600,44210,0,44211,0,44209,41,44210,100,44211,0,44211,0,44111,1,started,
44211,100,44211,1,44310,1008832,44311,1,44313,2115694,44313,320000,44314,0,44314,68,44317,33,44308,2265600,44310,2265600,44311,0,44312,0,44309,33,44311,100,44311,0,44312,0,44211,1,started,
44313,100,44313,1,44411,1010312,44417,1,44421,1634314,44424,320000,44426,0,44429,59,44448,28,44409,1267200,44411,2265600,44415,0,44419,0,44410,10,44414,100,44417,0,44421,0,44312,1,started,
44422,100,44422,1,44510,1010436,44512,1,44513,1988558,44513,320000,44514,0,44515,58,44517,23,44509,2265600,44511,2265600,44511,0,44512,0,44510,55,44511,70,44512,0,44512,0,44421,1,started,
44513,100,44513,1,44611,1010436,44613,1,44614,558281,44614,320000,44615,0,44615,14,44618,7,44609,2265600,44611,2265600,44612,0,44613,0,44610,25,44612,10,44613,0,44613,0,44513,1,started,
44614,100,44614,1,44711,1007492,44713,1,44714,717201,44714,320000,44715,0,44715,27,44717,11,44710,2265600,44711,2265600,44712,0,44713,0,44711,0,44712,45,44712,0,44713,0,44614,1,started,
44714,100,44714,1,44811,1007860,44813,1,44814,1750179,44814,320000,44814,0,44815,57,44817,22,44810,2265600,44812,2265600,44813,0,44813,0,44811,10,44812,100,44813,0,44813,0,44713,1,started,
44814,100,44814,1,44912,1008232,44913,1,44914,1527691,44915,320000,44915,0,44916,47,44918,24,44910,2265600,44912,2265600,44913,0,44914,0,44911,36,44913,60,44913,0,44914,0,44813,1,started,
44914,100,44915,1,45012,1008356,45014,1,45014,1859971,45015,320000,45015,0,45016,68,45018,28,45011,2265600,45012,1958400,45013,0,45014,0,45012,66,45013,70,45013,0,45014,0,44914,1,started,
45014,100,45014,1,45113,1008924,45116,1,45117,1634314,45118,320000,45119,0,45120,55,45123,26,45111,2265600,45113,1267200,45115,0,45116,0,45112,100,45115,10,45115,0,45117,0,45014,1,started,
45117,100,45118,1,45212,1008924,45214,1,45215,2147478,45215,320000,45215,0,45216,65,45218,32,45211,2265600,45213,2265600,45214,0,45214,0,45212,45,45213,90,45214,0,45214,0,45117,1,started,
45215,100,45215,1,45313,1009516,45315,1,45316,1750179,45317,320000,45317,0,45318,55,45321,27,45312,2265600,45313,2265600,45314,0,45315,0,45313,100,45314,10,45315,0,45316,0,45214,1,started,
45316,100,45316,1,45414,1010816,45416,1,45417,1638620,45417,320000,45418,0,45418,57,45421,26,45412,2265600,45414,1267200,45415,0,45416,0,45413,100,45415,11,45416,0,45416,0,45316,1,started,
45417,100,45417,1,45514,1011104,45517,1,45518,2369965,45519,320000,45519,0,45520,75,45529,32,45512,2265600,45515,2265600,45516,0,45518,0,45513,72,45516,77,45517,0,45518,0,45416,1,started,
45518,100,45518,1,45614,1011136,45616,1,45616,2799049,45617,320000,45617,0,45618,88,45620,42,45613,2265600,45614,2265600,45615,0,45616,0,45614,88,45615,88,45616,0,45616,0,45518,1,started,
45616,100,45616,1,45714,1011136,45716,1,45716,351686,45717,320000,45717,0,45718,11,45720,6,45713,2265600,45715,2265600,45715,0,45716,0,45714,22,45715,0,45716,0,45716,0,45616,1,started,
45716,100,45717,1,45815,1007760,45819,1,45820,227541,45821,320000,45823,0,45825,23,45828,9,45813,1728000,45816,1267200,45818,0,45819,0,45815,11,45817,30,45818,0,45819,0,45716,1,started,
45820,100,45820,1,45915,1007168,45916,1,45917,2226938,45917,320000,45917,0,45918,76,45920,34,45914,2265600,45915,2265600,45916,0,45916,0,45914,90,45916,50,45916,0,45917,0,45820,1,started,
45917,100,45917,1,46017,1007664,46023,1,46024,1634314,46026,320000,46026,0,46027,59,46031,29,46014,2265600,46019,1267200,46022,0,46024,0,46016,100,46021,10,46022,0,46024,0,45917,1,started,
46024,100,46024,1,46115,1007912,46117,1,46118,2226938,46119,320000,46119,0,46120,66,46122,33,46114,2265600,46116,2265600,46116,0,46117,0,46115,90,46116,50,46117,0,46118,0,46024,1,started,
46118,100,46118,1,46216,1008140,46217,1,46218,1766071,46218,320000,46219,0,46219,55,46221,27,46215,2265600,46216,2265600,46217,0,46217,0,46215,11,46217,100,46217,0,46218,0,46118,1,started,
46218,100,46218,1,46316,1008372,46318,1,46318,1766071,46319,320000,46319,0,46320,61,46322,28,46315,2265600,46316,2265600,46317,0,46318,0,46316,11,46317,100,46317,0,46318,0,46218,1,started,
46318,100,46318,1,46417,1008868,46418,1,46419,1677369,46419,320000,46420,0,46421,60,46423,28,46416,1267200,46417,2265600,46418,0,46419,0,46416,20,46418,100,46418,0,46419,0,46318,1,started,
46419,100,46419,1,46517,1010340,46533,1,46535,2020342,46535,320000,46536,0,46537,64,46539,30,46516,2265600,46517,2265600,46528,0,46533,0,46517,100,46525,27,46532,0,46534,0,46419,1,started,
46535,100,46535,1,46618,1010464,46619,1,46620,802782,46621,320000,46621,0,46622,21,46624,11,46616,2265600,46618,1728000,46619,0,46620,0,46617,30,46619,37,46619,0,46620,0,46534,1,started,
46620,100,46620,1,46719,1010464,46721,1,46722,160982,46723,320000,46723,0,46724,9,46727,2,46717,2265600,46719,2265600,46720,0,46721,0,46718,0,46720,10,46720,0,46721,0,46620,1,started,
46722,100,46722,1,46819,1007476,46821,1,46822,959640,46822,320000,46823,0,46823,50,46826,18,46817,2265600,46819,1267200,46820,0,46821,0,46818,44,46820,60,46820,0,46821,0,46721,1,started,
46822,100,46822,1,46920,1007928,46924,1,46926,1527061,46927,320000,46928,0,46930,63,46934,28,46917,2265600,46920,1267200,46923,0,46924,0,46919,90,46922,22,46924,0,46925,0,46821,1,started,
46926,100,46926,1,47019,1008260,47020,1,47021,1845531,47021,320000,47022,0,47022,57,47025,23,47018,2265600,47019,2265600,47020,0,47021,0,47018,44,47020,72,47020,0,47021,0,46926,1,started,
47021,100,47021,1,47119,1008492,47121,1,47121,1797855,47122,320000,47123,0,47124,55,47126,28,47118,2265600,47119,2265600,47120,0,47121,0,47119,77,47120,36,47121,0,47121,0,47021,1,started,
47121,100,47121,1,47220,1008988,47222,1,47224,1662273,47225,320000,47225,0,47226,55,47229,26,47218,2265600,47220,1574400,47222,0,47223,0,47219,100,47221,10,47222,0,47223,0,47121,1,started,
47224,100,47224,1,47321,1008988,47323,1,47325,1677369,47325,320000,47326,0,47327,60,47330,27,47319,2265600,47321,1267200,47323,0,47324,0,47320,100,47322,20,47323,0,47324,0,47223,1,started,
47325,100,47325,1,47421,1009368,47424,1,47426,1668758,47427,320000,47427,0,47428,55,47432,26,47419,2265600,47422,1267200,47423,0,47425,0,47420,100,47423,18,47424,0,47425,0,47324,1,started,
47426,100,47426,1,47521,1010788,47526,1,47529,1677369,47548,320000,47549,0,47552,64,47556,28,47519,2265600,47521,1267200,47524,0,47528,0,47520,100,47523,20,47524,0,47529,0,47426,1,started,
47530,100,47530,1,47621,1011072,47631,1,47635,2671913,47635,320000,47636,0,47637,82,47640,39,47620,2265600,47621,2265600,47622,0,47631,0,47620,81,47622,87,47631,20,47632,0,47529,1,started,
47635,100,47635,1,47721,1011144,47723,1,47724,923797,47725,320000,47725,0,47726,17,47729,13,47720,2265600,47721,2265600,47722,1497600,47724,0,47721,36,47722,22,47723,0,47724,0,47635,1,started,
47724,100,47724,1,47821,1010836,47824,1,47825,484511,47825,320000,47826,0,47826,17,47829,9,47820,1958400,47822,1497600,47823,1497600,47824,0,47821,22,47823,36,47824,0,47825,0,47724,1,started,
47825,100,47825,1,47923,1008892,47927,1,47928,1342692,47929,320000,47929,0,47930,41,47935,17,47921,1267200,47924,1267200,47925,2265600,47927,0,47923,20,47925,33,47927,70,47928,0,47825,1,started,
47928,100,47928,1,48024,1009196,48028,1,48029,88173,48030,320000,48031,0,48032,44,48035,5,48021,1267200,48025,1267200,48027,0,48028,0,48023,20,48026,0,48027,0,48029,0,47928,1,started,
48029,100,48029,1,48123,1009196,48126,1,48127,1746258,48129,320000,48129,0,48130,66,48135,24,48121,2265600,48123,1267200,48125,0,48126,0,48122,100,48124,36,48125,0,48127,0,48029,1,started,
48127,100,48128,1,48226,1008940,48232,1,48235,1707508,48237,320000,48238,0,48241,65,48246,29,48222,2265600,48227,1267200,48231,0,48233,0,48225,100,48229,27,48231,0,48233,0,48127,1,started,
48235,100,48235,1,48323,1009436,48326,1,48327,2465317,48327,320000,48328,0,48328,76,48333,35,48322,2265600,48324,2265600,48325,0,48326,0,48323,100,48324,55,48325,0,48326,0,48235,1,started,
48327,100,48327,1,48423,1008856,48425,1,48426,1800423,48426,320000,48427,0,48428,68,48430,33,48422,2265600,48424,1497600,48425,0,48426,0,48423,100,48425,33,48425,0,48426,0,48326,1,started,
48426,100,48426,1,48524,1009756,48525,1,48526,2131586,48526,320000,48527,0,48527,68,48529,29,48522,2265600,48524,2265600,48525,0,48526,0,48523,90,48525,44,48525,0,48526,0,48426,1,started,
48526,100,48526,1,48624,1010200,48625,1,48626,1591259,48626,320000,48627,0,48627,50,48629,25,48623,2265600,48624,2265600,48625,0,48626,0,48624,40,48625,60,48625,0,48626,0,48526,1,started,
48626,100,48626,1,48724,1010200,48726,1,48726,176874,48727,320000,48727,0,48727,5,48729,2,48723,2265600,48724,2265600,48725,0,48726,0,48724,0,48725,11,48725,0,48726,0,48626,1,started,
48726,100,48726,1,48825,1007132,48826,1,48827,386038,48827,320000,48827,0,48828,22,48830,9,48823,2265600,48825,1497600,48826,0,48826,0,48824,11,48825,33,48826,0,48826,0,48726,1,started,
48827,100,48827,1,48925,1007448,48926,1,48927,1591259,48927,320000,48928,0,48928,55,48930,20,48924,2265600,48925,2265600,48926,0,48927,0,48924,0,48926,100,48926,0,48927,0,48827,1,started,
48927,100,48927,1,49025,1007924,49027,1,49027,2226938,49027,320000,49028,0,49028,70,49030,33,49024,2265600,49025,2265600,49026,0,49027,0,49025,40,49026,100,49026,0,49027,0,48927,1,started,
49027,100,49027,1,49126,1008160,49128,1,49128,1749717,49129,320000,49129,0,49130,64,49136,31,49124,1497600,49126,2265600,49127,0,49128,0,49125,25,49127,100,49127,0,49128,0,49027,1,started,
49128,100,49128,1,49226,1008528,49227,1,49228,2385857,49228,320000,49229,0,49229,72,49231,35,49225,2265600,49226,2265600,49227,0,49228,0,49225,50,49227,100,49227,0,49228,0,49128,1,started,
49228,100,49228,1,49326,1008496,49328,1,49328,1766071,49328,320000,49329,0,49329,57,49331,27,49325,2265600,49326,2265600,49327,0,49328,0,49326,11,49327,100,49327,0,49328,0,49228,1,started,
49328,100,49328,1,49427,1010124,49428,1,49428,2306398,49429,320000,49429,0,49430,71,49432,33,49425,2265600,49427,2265600,49428,0,49428,0,49426,45,49427,100,49428,0,49428,0,49328,1,started,
49429,100,49429,1,49527,1010792,49529,1,49529,1975548,49530,320000,49531,0,49533,73,49536,37,49525,1958400,49527,2265600,49528,0,49529,0,49526,80,49528,66,49528,0,49529,0,49428,1,started,
49529,100,49530,1,49627,1010692,49629,1,49629,3085104,49630,320000,49630,0,49631,52,49634,28,49626,2265600,49627,2265600,49628,2265600,49629,0,49627,60,49628,63,49629,71,49629,0,49529,1,started,
49630,100,49630,1,49730,1010692,49738,1,49740,49423,49742,320000,49743,0,49743,8,49746,6,49726,1267200,49730,2265600,49734,2265600,49738,0,49728,11,49733,0,49736,0,49739,0,49629,1,started,
49740,100,49741,1,49829,1007896,49832,1,49833,445420,49833,320000,49834,0,49835,37,49839,19,49827,1267200,49829,1267200,49830,1190400,49832,0,49828,40,49830,44,49831,22,49833,0,49739,1,started,
49833,100,49833,1,49928,1008140,49930,1,49930,1402585,49931,320000,49931,0,49932,60,49942,17,49927,1267200,49928,2265600,49929,0,49930,0,49928,30,49929,80,49930,0,49930,0,49833,1,started,
49930,100,49931,1,50028,1008636,50030,1,50030,2163370,50031,320000,50031,0,50032,66,50034,31,50027,2265600,50029,2265600,50029,0,50030,0,50028,36,50029,100,50030,0,50030,0,49930,1,started,
50030,100,50030,1,50129,1008884,50130,1,50131,1591251,50131,320000,50131,0,50132,61,50134,31,50127,1958400,50129,2265600,50130,0,50130,0,50128,77,50129,44,50130,0,50130,0,50030,1,started,
50131,100,50131,1,50229,1009256,50231,1,50232,1734287,50233,320000,50233,0,50234,54,50236,24,50228,2265600,50230,2265600,50231,0,50232,0,50229,100,50230,9,50231,0,50232,0,50131,1,started,
50232,100,50232,1,50329,1009192,50331,1,50332,1351031,50333,320000,50333,0,50334,68,50336,34,50328,2265600,50330,1497600,50331,0,50332,0,50329,45,50331,100,50331,0,50332,0,50232,1,started,
50332,100,50332,1,50430,1009756,50433,1,50435,1634314,50436,320000,50436,0,50437,55,50441,26,50429,2265600,50431,1267200,50433,0,50434,0,50430,100,50432,10,50433,0,50434,0,50332,1,started,
50435,100,50435,1,50530,1010752,50531,1,50532,1909098,50532,320000,50533,0,50533,57,50535,19,50529,2265600,50530,2265600,50531,0,50532,0,50530,30,50531,90,50531,0,50532,0,50435,1,started,
50532,100,50532,1,50630,1011268,50632,1,50632,1686611,50633,320000,50633,0,50634,52,50636,26,50629,2265600,50630,2265600,50631,0,50632,0,50630,66,50631,40,50632,0,50632,0,50532,1,started,
50632,100,50632,1,50731,1011268,50733,1,50734,160982,50735,320000,50736,0,50737,10,50740,5,50729,2265600,50731,2265600,50732,0,50733,0,50730,0,50731,10,50732,0,50734,0,50632,1,started,
50734,100,50735,1,50831,1008004,50834,1,50836,843391,50837,320000,50837,0,50838,35,50841,13,50830,2265600,50832,1267200,50833,0,50835,0,50831,44,50833,33,50834,0,50835,0,50734,1,started,
50836,100,50836,1,50932,1008476,50944,1,50945,1638620,50953,320000,50953,0,50954,65,50957,28,50930,2265600,50933,1267200,50943,0,50945,0,50932,100,50943,11,50944,0,50945,0,50835,1,started,
50946,100,50946,1,51032,1007912,51033,1,51034,2385857,51034,320000,51034,0,51035,68,51037,33,51030,2265600,51032,2265600,51033,0,51033,0,51031,100,51032,50,51033,0,51033,0,50945,1,started,
51034,100,51034,1,51134,1008184,51139,1,51142,1685980,51144,320000,51146,0,51148,66,51154,31,51131,2265600,51135,1267200,51137,0,51140,0,51132,100,51137,22,51139,0,51141,0,51033,1,started,
51142,100,51143,1,51233,1008556,51234,1,51235,2163370,51236,320000,51236,0,51237,63,51239,31,51231,2265600,51233,2265600,51234,0,51235,0,51232,100,51234,36,51234,0,51235,0,51142,1,started,
51235,100,51236,1,51333,1008532,51336,1,51337,1733341,51338,320000,51339,0,51340,63,51343,33,51331,2265600,51334,1267200,51335,0,51336,0,51333,100,51335,33,51336,0,51337,0,51235,1,started,
51337,100,51338,1,51434,1009624,51437,1,51439,1677369,51440,320000,51440,0,51444,63,51453,28,51432,2265600,51435,1267200,51436,0,51438,0,51433,100,51436,20,51437,0,51438,0,51337,1,started,
51439,100,51439,1,51533,1010492,51538,1,51539,2703697,51540,320000,51540,0,51541,83,51544,39,51532,2265600,51534,2265600,51537,0,51538,0,51533,90,51537,80,51538,0,51539,0,51438,1,started,
51539,100,51539,1,51635,1010796,51637,1,51639,2687805,51640,320000,51641,0,51642,86,51648,42,51633,2265600,51635,2265600,51636,0,51637,0,51634,88,51636,81,51637,0,51638,0,51539,1,started,
51639,100,51639,1,51735,1010796,51737,1,51738,1358828,51738,320000,51738,0,51739,21,51742,16,51734,2265600,51735,2265600,51736,1190400,51737,0,51734,36,51736,44,51737,23,51737,0,51638,1,started,
51738,100,51738,1,51836,1010460,51838,1,51839,319902,51840,320000,51841,0,51842,6,51846,9,51834,2265600,51836,2265600,51837,1190400,51839,0,51835,0,51837,20,51838,0,51839,0,51738,1,started,
51840,100,51840,1,51936,1008336,51939,1,51940,1114500,51940,320000,51941,0,51941,45,51945,27,51934,1267200,51936,1728000,51938,2265600,51939,0,51935,30,51937,76,51939,20,51939,0,51839,1,started,
51940,100,51940,1,52037,1008644,52040,1,52041,1733341,52042,320000,52042,0,52043,47,52048,27,52035,1267200,52037,2265600,52039,2265600,52040,0,52036,33,52038,100,52040,0,52041,0,51939,1,started,
52041,100,52041,1,52138,1008852,52142,1,52143,1746258,52144,320000,52144,0,52145,55,52148,30,52135,1267200,52139,2265600,52141,0,52142,0,52137,36,52140,100,52141,0,52142,0,52041,1,started,
52143,100,52143,1,52237,1009100,52239,1,52240,1733341,52241,320000,52241,0,52242,64,52251,29,52236,1267200,52238,2265600,52239,0,52240,0,52237,33,52238,100,52239,0,52240,0,52143,1,started,
52240,100,52240,1,52337,1009080,52339,1,52339,2053567,52339,320000,52340,0,52341,70,52343,31,52336,1958400,52337,2265600,52338,0,52339,0,52337,40,52338,100,52338,0,52339,0,52240,1,started,
52339,100,52339,1,52438,1009844,52440,1,52441,1685980,52441,320000,52442,0,52444,66,52453,30,52436,1267200,52438,2265600,52439,0,52440,0,52437,22,52439,100,52440,0,52440,0,52339,1,started,
52441,100,52441,1,52538,1011180,52539,1,52540,1781958,52540,320000,52540,0,52541,55,52543,25,52536,1958400,52538,2265600,52539,0,52539,0,52537,44,52539,80,52539,0,52540,0,52441,1,started,
52540,100,52540,1,52641,1011336,52648,1,52650,131228,52651,320000,52652,0,52653,23,52657,7,52637,1267200,52642,2265600,52646,0,52648,0,52639,30,52644,0,52646,0,52649,0,52540,1,started,
52650,100,52651,1,52740,1008144,52743,1,52744,506684,52745,320000,52746,0,52747,31,52750,12,52737,1267200,52740,2265600,52742,0,52743,0,52738,36,52742,22,52742,0,52744,0,52650,1,started,
52744,100,52745,1,52839,1008400,52840,1,52841,1861423,52841,320000,52841,0,52842,52,52844,19,52837,2265600,52839,2265600,52840,0,52840,0,52838,90,52839,27,52840,0,52840,0,52744,1,started,
52841,100,52841,1,52940,1008856,52943,1,52945,1200887,52946,320000,52947,0,52948,57,52951,26,52938,1267200,52940,1958400,52942,0,52944,0,52939,10,52942,100,52943,0,52944,0,52840,1,started,
52945,100,52945,1,53040,1009104,53042,1,53043,1651536,53044,320000,53045,0,53045,64,53049,25,53038,1267200,53040,2265600,53041,0,53042,0,53039,14,53041,100,53041,0,53043,0,52944,1,started,
53043,100,53043,1,53141,1009476,53144,1,53147,1707508,53149,320000,53154,0,53156,65,53164,29,53139,1267200,53141,2265600,53143,0,53146,0,53140,27,53142,100,53144,0,53147,0,53043,1,started,
53149,100,53149,1,53240,1009724,53241,1,53242,2290506,53242,320000,53242,0,53243,70,53245,33,53239,2265600,53240,2265600,53241,0,53241,0,53239,44,53241,100,53241,0,53242,0,53147,1,started,
53242,100,53242,1,53341,1010384,53343,1,53344,1720425,53345,320000,53345,0,53346,65,53355,31,53339,1267200,53341,2265600,53342,0,53344,0,53340,30,53342,100,53343,0,53344,0,53242,1,started,
53344,100,53344,1,53441,1010344,53442,1,53443,2226938,53443,320000,53443,0,53444,68,53446,30,53439,2265600,53441,2265600,53442,0,53442,0,53440,100,53441,40,53442,0,53442,0,53344,1,started,
53443,100,53443,1,53541,1010760,53543,1,53544,2329987,53544,320000,53545,0,53545,62,53548,36,53540,2265600,53541,2265600,53542,960000,53543,0,53541,90,53542,54,53543,18,53544,0,53443,1,started,
53544,100,53544,1,53642,1010984,53644,1,53644,2020342,53645,320000,53645,0,53646,43,53649,32,53640,2265600,53642,2265600,53643,960000,53644,0,53641,55,53643,72,53644,0,53644,0,53544,1,started,
53645,100,53645,1,53742,1010852,53745,1,53745,637741,53746,320000,53746,0,53747,13,53751,10,53741,2265600,53743,2265600,53744,960000,53745,0,53741,18,53743,22,53744,0,53745,0,53644,1,started,
53746,100,53746,1,53843,1007564,53847,1,53848,173083,53849,320000,53850,0,53851,11,53854,6,53841,1267200,53844,1497600,53846,0,53848,0,53843,25,53845,10,53847,0,53848,0,53745,1,started,
53849,100,53849,1,53943,1007476,53944,1,53945,1571782,53945,320000,53945,0,53946,57,53948,23,53941,2265600,53943,1497600,53944,0,53944,0,53942,90,53943,22,53944,0,53945,0,53848,1,started,
53945,100,53945,1,54043,1007848,54044,1,54045,2020342,54045,320000,54046,0,54046,61,54048,28,54042,2265600,54043,2265600,54044,0,54044,0,54042,27,54044,100,54044,0,54045,0,53945,1,started,
54045,100,54045,1,54148,1008220,54154,1,54155,1638620,54157,320000,54158,0,54159,61,54169,29,54144,1267200,54150,2265600,54152,0,54154,0,54146,11,54152,100,54153,0,54155,0,54045,1,started,
54155,100,54155,1,54244,1008716,54246,1,54246,2290506,54247,320000,54247,0,54248,70,54250,31,54243,2265600,54245,2265600,54245,0,54246,0,54244,44,54245,100,54246,0,54246,0,54155,1,started,
54246,100,54246,1,54346,1008640,54354,1,54357,1638620,54359,320000,54360,0,54362,61,54371,31,54344,1267200,54348,2265600,54352,0,54355,0,54345,11,54350,100,54352,0,54356,0,54246,1,started,
54357,100,54358,1,54445,1009404,54447,1,54447,2385857,54448,320000,54448,0,54449,72,54451,33,54444,2265600,54445,2265600,54446,0,54447,0,54445,50,54446,100,54446,0,54447,0,54357,1,started,
54447,100,54447,1,54546,1010744,54548,1,54550,1679441,54552,320000,54552,0,54555,65,54566,31,54544,1497600,54546,2265600,54547,0,54548,0,54545,44,54547,88,54547,0,54549,0,54447,1,started,
54550,100,54550,1,54646,1010876,54648,1,54649,1019148,54650,320000,54650,0,54651,29,54654,13,54644,2265600,54646,2265600,54647,0,54648,0,54645,44,54647,20,54647,0,54649,0,54550,1,started,
54649,100,54649,1,54747,1010376,54752,1,54754,231200,54755,320000,54755,0,54756,21,54758,10,54745,1267200,54748,2265600,54751,0,54753,0,54747,20,54750,9,54751,0,54754,0,54649,1,started,
54754,100,54754,1,54846,1008000,54848,1,54848,2226938,54849,320000,54849,0,54849,61,54851,31,54845,2265600,54846,2265600,54847,0,54848,0,54846,40,54847,100,54847,0,54848,0,54754,1,started,
54848,100,54848,1,54946,1008496,54948,1,54949,1668758,54949,320000,54949,0,54950,60,54952,29,54945,1267200,54947,2265600,54948,0,54948,0,54946,18,54947,100,54948,0,54948,0,54848,1,started,
54949,100,54949,1,55047,1008728,55049,1,55050,1909098,55051,320000,55051,0,55052,57,55054,23,55046,2265600,55047,2265600,55049,0,55049,0,55047,100,55048,20,55049,0,55050,0,54949,1,started,
55050,100,55050,1,55147,1008976,55149,1,55150,1909098,55151,320000,55151,0,55152,60,55155,30,55146,2265600,55148,2265600,55149,0,55150,0,55147,100,55148,20,55149,0,55150,0,55050,1,started,
55150,100,55150,1,55248,1009224,55251,1,55252,1720425,55253,320000,55254,0,55255,68,55258,29,55246,2265600,55249,1267200,55250,0,55252,0,55248,100,55250,30,55251,0,55252,0,55150,1,started,
55253,100,55253,1,55348,1009332,55350,1,55351,2068018,55352,320000,55352,0,55353,65,55357,31,55347,2265600,55348,2265600,55349,0,55350,0,55348,100,55349,30,55350,0,55351,0,55252,1,started,
55351,100,55351,1,55449,1010816,55451,1,55451,1372831,55452,320000,55453,0,55453,63,55456,25,55447,2265600,55449,1267200,55450,0,55451,0,55448,70,55450,60,55450,0,55451,0,55351,1,started,
55452,100,55452,1,55549,1011560,55551,1,55553,1430448,55554,320000,55560,0,55561,71,55565,28,55547,2265600,55550,1267200,55551,0,55552,0,55549,72,55551,66,55551,0,55552,0,55451,1,started,
55553,100,55553,1,55649,1011560,55651,1,55652,2878508,55652,320000,55653,0,55654,80,55657,39,55648,2265600,55649,2265600,55650,960000,55652,0,55648,100,55650,81,55651,0,55652,0,55553,1,started,
55652,100,55652,1,55749,1011560,55751,1,55752,828445,55753,320000,55754,0,55755,17,55758,12,55748,2265600,55749,2265600,55750,960000,55751,0,55749,22,55750,30,55751,0,55752,0,55652,1,started,
55752,100,55753,1,55850,1008308,55853,1,55854,303064,55855,320000,55855,0,55856,13,55863,8,55848,2265600,55850,1267200,55852,960000,55854,0,55849,10,55852,33,55853,0,55854,0,55752,1,started,
55854,100,55854,1,55950,1008692,55954,1,55955,1493316,55957,320000,55957,0,55960,48,55975,8,55949,1267200,55951,1267200,55952,2265600,55955,0,55950,0,55951,40,55953,83,55955,0,55854,1,started,
55955,100,55955,1,56050,1008804,56052,1,56052,2179262,56053,320000,56053,0,56053,78,56055,26,56049,2265600,56050,2265600,56051,0,56052,0,56050,100,56051,37,56051,0,56052,0,55955,1,started,
56052,100,56052,1,56151,1009176,56154,1,56155,1548588,56156,320000,56157,0,56158,57,56161,27,56149,2265600,56152,1267200,56153,0,56154,0,56151,90,56153,27,56154,0,56155,0,56052,1,started,
56156,100,56156,1,56251,1008996,56252,1,56253,2179262,56253,320000,56254,0,56254,64,56256,29,56250,2265600,56251,2265600,56252,0,56252,0,56250,37,56252,100,56252,0,56253,0,56155,1,started,
56253,100,56253,1,56351,1009188,56354,1,56355,1686611,56356,320000,56357,0,56358,52,56361,27,56350,2265600,56352,2265600,56353,0,56355,0,56351,90,56353,16,56354,0,56355,0,56253,1,started,
56356,100,56356,1,56451,1009128,56453,1,56453,1972666,56454,320000,56454,0,56455,57,56457,23,56450,2265600,56452,2265600,56452,0,56453,0,56451,36,56452,88,56453,0,56453,0,56355,1,started,
56454,100,56454,1,56552,1010176,56554,1,56555,1638620,56556,320000,56556,0,56557,57,56560,27,56551,2265600,56552,1267200,56554,0,56554,0,56551,100,56553,11,56554,0,56555,0,56453,1,started,
56555,100,56555,1,56653,1011124,56655,1,56656,1441020,56656,320000,56657,0,56658,57,56661,23,56651,2265600,56653,1267200,56654,0,56655,0,56652,77,56654,50,56655,0,56655,0,56555,1,started,
56656,100,56656,1,56754,1011124,56756,1,56758,362957,56759,320000,56759,0,56760,15,56763,6,56751,2265600,56754,1267200,56756,0,56757,0,56753,20,56755,10,56756,0,56757,0,56656,1,started,
56758,100,56758,1,56853,1008272,56855,1,56856,766907,56857,320000,56857,0,56858,35,56861,14,56852,2265600,56854,1267200,56855,0,56856,0,56853,40,56854,30,56855,0,56856,0,56757,1,started,
56856,100,56856,1,56954,1008496,56957,1,56958,920687,56959,320000,56960,0,56961,55,56965,24,56952,1728000,56955,1267200,56956,0,56958,0,56953,100,56956,10,56957,0,56958,0,56856,1,started,
56959,100,56959,1,57055,1008744,57057,1,57059,1733341,57059,320000,57060,0,57061,63,57064,29,57053,2265600,57055,1267200,57057,0,57058,0,57054,100,57056,33,57057,0,57058,0,56958,1,started,
57059,100,57059,1,57154,1008992,57157,1,57158,1445640,57158,320000,57159,0,57160,57,57164,23,57153,2265600,57155,1267200,57156,0,57157,0,57154,80,57156,40,57157,0,57157,0,57058,1,started,
57158,100,57158,1,57254,1008992,57256,1,57256,2068018,57257,320000,57257,0,57257,68,57259,32,57253,2265600,57254,2265600,57255,0,57256,0,57254,40,57255,90,57256,0,57256,0,57158,1,started,
57256,100,57256,1,57355,1009316,57360,1,57366,1660980,57366,320000,57367,0,57367,61,57370,29,57354,1497600,57356,2265600,57358,0,57361,0,57355,11,57357,100,57359,0,57366,0,57256,1,started,
57366,100,57366,1,57455,1009812,57456,1,57457,2115694,57457,320000,57458,0,57458,64,57461,31,57454,2265600,57455,2265600,57456,0,57457,0,57455,33,57456,100,57456,0,57457,0,57366,1,started,
57457,100,57457,1,57558,1011452,57560,1,57580,1707508,57582,320000,57587,0,57589,67,57595,32,57556,1267200,57558,2265600,57560,0,57572,0,57558,27,57559,100,57560,0,57574,0,57457,1,started,
57580,100,57581,1,57656,1011500,57658,1,57658,1952967,57659,320000,57660,0,57660,33,57663,23,57654,2265600,57656,2265600,57657,960000,57658,0,57655,66,57657,54,57657,20,57658,0,57580,1,started,
57659,100,57659,1,57756,1011500,57759,1,57760,637741,57760,320000,57761,0,57761,13,57765,10,57755,2265600,57757,2265600,57758,960000,57759,0,57756,20,57757,20,57758,0,57759,0,57658,1,started,
57760,100,57760,1,57856,1008588,57859,1,57860,977515,57860,320000,57861,0,57862,24,57866,15,57855,2265600,57857,2265600,57858,960000,57859,0,57856,20,57857,40,57859,10,57859,0,57759,1,started,
57860,100,57860,1,57957,1008836,57959,1,57960,1188078,57960,320000,57961,0,57961,59,57974,25,57955,1267200,57957,2265600,57958,0,57959,0,57956,54,57958,60,57959,0,57959,0,57860,1,started,
57960,100,57960,1,58057,1009452,58059,1,58060,1909098,58061,320000,58061,0,58062,60,58064,31,58056,2265600,58057,2265600,58058,0,58059,0,58056,100,58058,20,58059,0,58060,0,57960,1,started,
58060,100,58060,1,58157,1009532,58159,1,58160,1389523,58160,320000,58161,0,58161,70,58164,29,58156,2265600,58158,1497600,58159,0,58159,0,58157,55,58158,81,58159,0,58160,0,58060,1,started,
58160,100,58160,1,58258,1010152,58261,1,58262,1654642,58263,320000,58263,0,58264,57,58268,28,58256,2265600,58258,1497600,58260,0,58261,0,58257,100,58259,10,58260,0,58261,0,58160,1,started,
58262,100,58262,1,58358,1010120,58361,1,58362,1720425,58363,320000,58364,0,58365,65,58368,29,58356,2265600,58358,1267200,58359,0,58361,0,58358,100,58359,30,58360,0,58361,0,58261,1,started,
58362,100,58362,1,58460,1010664,58476,1,58479,1638620,58481,320000,58481,0,58483,61,58489,29,58457,2265600,58461,1267200,58475,0,58477,0,58458,100,58462,11,58475,0,58478,0,58362,1,started,
58479,100,58479,1,58558,1011276,58560,1,58560,2544777,58561,320000,58561,0,58562,73,58564,35,58557,2265600,58558,2265600,58559,0,58560,0,58558,100,58559,60,58559,0,58560,0,58479,1,started,
58560,100,58560,1,58659,1011432,58660,1,58661,1289312,58661,320000,58662,0,58663,43,58665,21,58657,2265600,58659,2265600,58660,0,58660,0,58658,36,58660,45,58660,0,58661,0,58560,1,started,
58661,100,58661,1,58759,1011432,58761,1,58762,637741,58763,320000,58763,0,58764,21,58767,10,58758,2265600,58759,2265600,58760,0,58761,0,58759,10,58760,30,58761,0,58761,0,58661,1,started,
58762,100,58763,1,58860,1008052,58863,1,58865,393864,58867,320000,58868,0,58869,47,58876,14,58858,1267200,58860,1267200,58861,0,58863,0,58859,66,58861,25,58862,0,58865,0,58762,1,started,
58866,100,58866,1,58959,1008580,58961,1,58962,2068018,58962,320000,58963,0,58964,65,58967,26,58958,2265600,58960,2265600,58961,0,58961,0,58959,30,58960,100,58961,0,58961,0,58865,1,started,
58962,100,58962,1,59060,1008952,59063,1,59064,1720425,59064,320000,59065,0,59066,65,59069,29,59059,1267200,59061,2265600,59062,0,59063,0,59060,30,59062,100,59062,0,59063,0,58961,1,started,
59064,100,59064,1,59161,1009200,59163,1,59164,1733341,59166,320000,59167,0,59168,68,59179,29,59159,1267200,59161,2265600,59163,0,59163,0,59160,33,59162,100,59163,0,59164,0,59063,1,started,
59164,100,59164,1,59260,1009572,59262,1,59263,2385857,59263,320000,59263,0,59264,75,59266,34,59259,2265600,59261,2265600,59262,0,59262,0,59260,50,59261,100,59262,0,59262,0,59164,1,started,
59263,100,59263,1,59361,1009612,59364,1,59365,1677369,59365,320000,59366,0,59366,60,59369,29,59360,1267200,59362,2265600,59363,0,59364,0,59361,20,59363,100,59364,0,59364,0,59262,1,started,
59365,100,59365,1,59461,1010760,59463,1,59464,2147478,59465,320000,59465,0,59466,68,59468,33,59460,2265600,59461,2265600,59463,0,59464,0,59461,45,59462,90,59463,0,59464,0,59365,1,started,
59464,100,59464,1,59562,1011484,59564,1,59565,1436183,59565,320000,59566,0,59567,52,59569,25,59560,1728000,59562,2265600,59563,0,59564,0,59561,44,59563,66,59563,0,59564,0,59464,1,started,
59565,100,59565,1,59664,1011484,59667,1,59669,79562,59669,320000,59670,0,59671,9,59674,2,59661,1267200,59664,2265600,59666,0,59667,0,59663,18,59666,0,59667,0,59668,0,59564,1,started,
59669,100,59669,1,59762,1008512,59764,1,59764,793076,59765,320000,59765,0,59765,31,59767,14,59761,2265600,59762,1497600,59763,0,59764,0,59762,41,59763,22,59763,0,59764,0,59668,1,started,
59764,100,59764,1,59862,1008700,59864,1,59865,1024223,59865,320000,59865,0,59866,65,59868,22,59861,2265600,59863,1267200,59864,0,59864,0,59862,44,59863,75,59864,0,59864,0,59764,1,started,
59865,100,59865,1,59963,1009068,59966,1,59967,1718395,59969,320000,59969,0,59970,52,59974,24,59962,2265600,59964,2265600,59965,0,59966,0,59963,18,59965,90,59966,0,59967,0,59864,1,started,
59968,100,59968,1,60063,1009316,60064,1,60065,2163370,60066,320000,60066,0,60066,66,60069,33,60062,2265600,60063,2265600,60064,0,60065,0,60063,36,60064,100,60064,0,60065,0,59967,1,started,
60065,100,60065,1,60168,1009564,60174,1,60177,1638620,60179,320000,60179,0,60181,61,60186,29,60163,1267200,60169,2265600,60174,0,60176,0,60167,11,60172,100,60174,0,60176,0,60065,1,started,
60177,100,60178,1,60263,1009928,60265,1,60266,2385857,60266,320000,60266,0,60267,70,60269,36,60262,2265600,60264,2265600,60265,0,60265,0,60263,50,60264,100,60265,0,60265,0,60177,1,started,
60266,100,60266,1,60365,1010472,60367,1,60368,1685980,60368,320000,60369,0,60370,63,60374,29,60363,1267200,60365,2265600,60366,0,60367,0,60364,22,60366,100,60366,0,60367,0,60266,1,started,
60368,100,60368,1,60464,1011868,60466,1,60467,2306398,60468,320000,60469,0,60473,73,60479,36,60463,2265600,60464,2265600,60465,0,60466,0,60464,90,60465,55,60465,0,60466,0,60367,1,started,
60467,100,60467,1,60565,1011784,60567,1,60567,872536,60568,320000,60568,0,60569,36,60572,13,60563,2265600,60565,1497600,60566,0,60567,0,60564,46,60566,22,60566,0,60567,0,60466,1,started,
60568,100,60568,1,60665,1011880,60666,1,60667,319902,60667,320000,60667,0,60668,10,60671,4,60663,2265600,60665,2265600,60666,0,60666,0,60664,10,60665,10,60666,0,60666,0,60567,1,started,
60667,100,60667,1,60766,1008708,60768,1,60769,406781,60770,320000,60771,0,60772,47,60775,20,60764,1267200,60766,1267200,60767,0,60768,0,60765,50,60767,44,60768,0,60769,0,60667,1,started,
60769,100,60769,1,60873,1009240,60877,1,60879,1988558,60880,320000,60881,0,60882,60,60885,23,60867,2265600,60874,2265600,60876,0,60877,0,60871,100,60875,25,60876,0,60878,0,60769,1,started,
60879,100,60879,1,60966,1009736,60969,1,60971,1940882,60972,320000,60972,0,60973,65,60975,30,60964,2265600,60967,2265600,60968,0,60970,0,60965,100,60968,22,60969,0,60971,0,60878,1,started,
60971,100,60971,1,61066,1009704,61068,1,61069,1988558,61070,320000,61070,0,61071,62,61073,28,61065,2265600,61067,2265600,61068,0,61069,0,61066,100,61067,25,61068,0,61069,0,60971,1,started,
61069,100,61070,1,61168,1010200,61173,1,61176,1766071,61178,320000,61180,0,61182,61,61202,32,61165,2265600,61169,2265600,61171,0,61174,0,61167,100,61171,11,61173,0,61176,0,61069,1,started,
61176,100,61177,1,61270,1009776,61273,1,61273,3131206,61274,320000,61274,0,61275,90,61278,43,61269,2265600,61271,2265600,61272,960000,61273,0,61270,100,61271,90,61272,50,61273,0,61176,1,started,
61273,100,61274,1,61371,1010716,61374,1,61375,1718025,61376,320000,61377,0,61378,37,61381,27,61370,2265600,61371,1497600,61373,960000,61375,0,61371,100,61373,20,61374,0,61375,0,61273,1,started,
61375,100,61376,1,61473,1012092,61475,1,61477,2799049,61477,320000,61478,0,61479,59,61482,33,61470,2265600,61473,2265600,61474,2265600,61476,0,61472,72,61474,54,61475,50,61476,0,61375,1,started,
61477,100,61477,1,61571,1012072,61574,1,61574,1871242,61575,320000,61575,0,61576,51,61579,36,61570,2265600,61572,2265600,61573,1190400,61574,0,61571,45,61572,60,61573,54,61574,0,61476,1,started,
61574,100,61574,1,61672,1012072,61675,1,61676,590065,61676,320000,61677,0,61677,13,61680,7,61671,2265600,61672,2265600,61674,2265600,61675,0,61672,0,61673,10,61674,27,61675,0,61574,1,started,
61676,100,61676,1,61772,1009428,61775,1,61776,1193960,61776,320000,61777,0,61778,24,61781,17,61771,2265600,61772,2265600,61773,2265600,61775,0,61772,22,61773,20,61774,33,61775,0,61675,1,started,
61776,100,61776,1,61873,1010180,61875,1,61876,2036234,61877,320000,61877,0,61878,43,61881,32,61871,2265600,61873,2265600,61874,2265600,61876,0,61872,100,61874,18,61875,10,61876,0,61775,1,started,
61877,100,61877,1,61973,1010552,61976,1,61977,1806918,61977,320000,61978,0,61978,42,61981,30,61971,2265600,61973,2265600,61975,1190400,61976,0,61973,100,61974,11,61975,11,61976,0,61876,1,started,
61977,100,61977,1,62074,1009740,62076,1,62076,1829639,62077,320000,62077,0,62077,44,62080,28,62072,2265600,62074,2265600,62075,0,62076,0,62073,60,62075,55,62075,0,62076,0,61976,1,started,
62076,100,62076,1,62174,1009912,62176,1,62176,1781963,62177,320000,62177,0,62178,61,62180,28,62173,2265600,62174,2265600,62175,0,62176,0,62174,12,62175,100,62175,0,62176,0,62076,1,started,
62176,100,62176,1,62224,1010036,62226,1,62226,1591259,62227,320000,62227,0,62228,50,62230,25,62223,2265600,62225,2265600,62225,0,62226,0,62224,100,62225,0,62226,0,62226,0,62176,1,started,
62227,100,62227,1,62325,1010564,62327,1,62327,2068018,62328,320000,62328,0,62329,65,62331,32,62324,2265600,62325,2265600,62326,0,62327,0,62325,100,62326,30,62327,0,62327,0,62226,1,started,
62327,100,62328,1,62426,1012100,62433,1,62442,1561505,62444,320000,62446,0,62446,66,62451,30,62424,2265600,62426,1267200,62428,0,62440,0,62425,90,62427,30,62429,0,62441,0,62327,1,started,
62442,100,62442,1,62525,1012172,62527,1,62528,1193014,62528,320000,62528,0,62529,41,62531,16,62524,2265600,62526,1267200,62527,0,62527,0,62525,66,62526,33,62527,0,62527,0,62442,1,started,
62528,100,62528,1,62626,1012172,62629,1,62630,2063,62630,320000,62631,0,62632,0,62634,2,62625,2265600,62627,1267200,62628,0,62629,0,62626,0,62628,0,62629,0,62629,0,62527,1,started,
62630,100,62630,1,62727,1009560,62729,1,62730,501502,62731,320000,62731,0,62732,60,62736,21,62725,1267200,62727,1267200,62728,0,62729,0,62726,44,62728,72,62729,0,62730,0,62629,1,started,
62730,100,62730,1,62831,1010036,62839,1,62841,1685980,62843,320000,62845,0,62849,69,62858,25,62826,1267200,62832,2265600,62835,0,62839,0,62829,22,62835,100,62837,0,62841,0,62730,1,started,
62843,100,62843,1,62929,1010284,62932,1,62934,1806535,62934,320000,62935,0,62943,75,62946,35,62927,1267200,62930,2265600,62931,0,62933,0,62929,50,62931,100,62932,0,62933,0,62841,1,started,
62934,100,62934,1,63028,1010532,63033,1,63036,1785007,63038,320000,63040,0,63042,68,63051,31,63026,1267200,63028,2265600,63031,0,63033,0,63027,45,63030,100,63031,0,63035,0,62933,1,started,
63037,100,63037,1,63127,1010780,63129,1,63129,2290506,63130,320000,63130,0,63131,70,63134,30,63126,2265600,63127,2265600,63128,0,63129,0,63127,44,63128,100,63129,0,63129,0,63035,1,started,
63129,100,63129,1,63228,1011276,63229,1,63230,2163370,63230,320000,63231,0,63231,66,63233,30,63226,2265600,63228,2265600,63229,0,63229,0,63227,36,63229,100,63229,0,63230,0,63129,1,started,
63230,100,63230,1,63329,1012760,63331,1,63332,1381662,63333,320000,63333,0,63334,63,63346,31,63327,1574400,63329,2265600,63330,0,63331,0,63328,60,63330,60,63331,0,63331,0,63230,1,started,
63332,100,63332,1,63430,1012892,63433,1,63441,3244024,63444,320000,63446,0,63449,77,63462,41,63428,2265600,63430,2265600,63431,960000,63437,2265600,63429,90,63431,81,63433,0,63439,33,63331,1,started,
63441,100,63441,1,63530,1012840,63534,1,63536,2674229,63537,320000,63538,0,63540,57,63552,44,63528,2265600,63531,2265600,63533,960000,63535,2265600,63529,75,63532,81,63534,88,63536,0,63439,1,started,
63536,100,63537,1,63630,1012912,63633,1,63634,3530079,63635,200000,63636,0,63636,60,63642,54,63628,2265600,63630,2265600,63632,2265600,63633,960000,63629,66,63631,90,63632,66,63634,0,63536,1,started,
63635,100,63635,1,63730,1012896,63732,1,63734,1066824,63734,200000,63735,0,63735,15,63739,15,63729,2265600,63730,2265600,63731,2265600,63733,960000,63730,27,63731,20,63732,20,63734,0,63634,1,started,
63734,100,63734,1,63831,1009660,63834,1,63837,295248,63838,320000,63838,0,63839,9,63846,8,63829,1267200,63831,1574400,63833,2265600,63835,960000,63830,11,63832,10,63834,11,63836,0,63734,1,started,
63837,100,63837,1,63932,1009444,63934,1,63936,221644,63936,320000,63937,0,63938,36,63941,6,63930,1267200,63932,1267200,63934,0,63935,0,63931,33,63933,18,63934,0,63935,0,63836,1,started,
63936,100,63936,1,64031,1009740,64032,1,64033,2242830,64033,320000,64034,0,64034,68,64036,21,64030,2265600,64031,2265600,64032,0,64033,0,64031,41,64032,100,64032,0,64033,0,63935,1,started,
64033,100,64033,1,64132,1010160,64135,1,64135,1677369,64136,320000,64137,0,64137,60,64159,29,64130,1267200,64133,2265600,64134,0,64135,0,64132,20,64134,100,64134,0,64135,0,64033,1,started,
64136,100,64136,1,64232,1010284,64235,1,64236,2385857,64236,320000,64237,0,64237,77,64242,35,64230,2265600,64232,2265600,64234,0,64235,0,64231,50,64233,100,64234,0,64235,0,64135,1,started,
64236,100,64236,1,64332,1010600,64334,1,64334,2068018,64335,320000,64335,0,64336,65,64338,32,64330,2265600,64332,2265600,64333,0,64334,0,64331,30,64333,100,64333,0,64334,0,64235,1,started,
64334,100,64334,1,64432,1010560,64434,1,64435,2020342,64437,320000,64437,0,64438,61,64441,30,64431,2265600,64433,2265600,64434,0,64435,0,64432,27,64433,100,64434,0,64435,0,64334,1,started,
64436,100,64436,1,64533,1011896,64535,1,64536,2115694,64537,320000,64538,0,64539,68,64541,33,64531,2265600,64533,2265600,64535,0,64536,0,64532,33,64534,100,64535,0,64536,0,64435,1,started,
64537,100,64537,1,64633,1012268,64635,1,64636,1138929,64636,320000,64637,0,64637,50,64640,21,64631,1497600,64633,2265600,64634,0,64635,0,64632,54,64634,50,64635,0,64636,0,64536,1,started,
64636,100,64636,1,64734,1012268,64736,1,64737,361481,64737,320000,64738,0,64739,20,64741,8,64732,1267200,64734,1958400,64735,0,64736,0,64733,11,64735,27,64736,0,64737,0,64636,1,started,
64737,100,64737,1,64834,1009296,64836,1,64837,809962,64838,320000,64838,0,64839,40,64842,12,64832,1267200,64834,2265600,64835,0,64836,0,64833,40,64835,40,64836,0,64837,0,64737,1,started,
64837,100,64837,1,64935,1009380,64937,1,64938,1677369,64938,320000,64939,0,64940,57,64943,25,64933,1267200,64935,2265600,64936,0,64937,0,64934,20,64936,100,64937,0,64938,0,64837,1,started,
64938,100,64938,1,65035,1009848,65037,1,65038,1492617,65039,320000,65039,0,65040,58,65043,26,65033,1267200,65035,2265600,65037,0,65037,0,65034,14,65036,90,65037,0,65038,0,64938,1,started,
65038,100,65038,1,65135,1009940,65136,1,65137,1909098,65137,320000,65138,0,65138,60,65141,22,65133,2265600,65135,2265600,65136,0,65136,0,65134,80,65136,40,65136,0,65137,0,65038,1,started,
65137,100,65137,1,65235,1010432,65236,1,65237,1940882,65237,320000,65238,0,65238,63,65240,30,65234,2265600,65235,2265600,65236,0,65237,0,65234,100,65236,22,65236,0,65237,0,65137,1,started,
65237,100,65237,1,65335,1010424,65337,1,65337,1750179,65338,320000,65338,0,65339,55,65341,27,65334,2265600,65335,2265600,65336,0,65337,0,65335,100,65336,10,65337,0,65337,0,65237,1,started,
65337,100,65338,1,65435,1011092,65437,1,65438,1634314,65438,320000,65439,0,65439,55,65441,26,65434,2265600,65436,1267200,65437,0,65437,0,65435,100,65436,10,65437,0,65438,0,65337,1,started,
65438,100,65438,1,65536,1012640,65537,1,65538,2385857,65538,320000,65539,0,65539,77,65543,35,65534,2265600,65536,2265600,65537,0,65538,0,65535,100,65537,50,65537,0,65538,0,65438,1,started,
65538,100,65538,1,65636,1012820,65638,1,65638,1924990,65639,320000,65639,0,65640,60,65642,30,65635,2265600,65636,2265600,65637,0,65638,0,65636,60,65637,61,65637,0,65638,0,65538,1,started,
65638,100,65638,1,65736,1012912,65738,1,65738,907905,65739,320000,65739,0,65740,27,65742,13,65735,2265600,65736,2265600,65737,0,65738,0,65736,27,65737,30,65738,0,65738,0,65638,1,started,
65738,100,65739,1,65837,1009652,65839,1,65844,332116,65845,320000,65845,0,65846,27,65850,12,65835,1497600,65837,2265600,65839,0,65839,0,65837,27,65838,10,65839,0,65840,0,65738,1,started,
65844,100,65844,1,65937,1010324,65939,1,65940,921116,65941,320000,65941,0,65943,68,65946,30,65936,1497600,65938,1497600,65939,0,65940,0,65937,45,65938,100,65939,0,65940,0,65843,1,started,
65940,100,65940,1,66038,1010820,66058,1,66061,1698897,66063,320000,66065,0,66068,75,66076,28,66036,1267200,66038,2265600,66056,0,66059,0,66037,25,66055,100,66056,0,66060,0,65940,1,started,
66061,100,66063,1,66137,1009896,66139,1,66140,2814941,66141,320000,66141,0,66142,83,66144,41,66136,2265600,66138,2265600,66139,0,66139,0,66137,77,66138,100,66139,0,66140,0,66061,1,started,
66140,100,66140,1,66239,1009896,66244,1,66246,1877315,66247,320000,66248,0,66250,60,66255,29,66237,2265600,66239,2265600,66243,0,66245,0,66238,18,66241,100,66243,0,66245,0,66140,1,started,
66246,100,66246,1,66338,1009896,66340,1,66341,2226938,66342,320000,66343,0,66343,70,66346,35,66337,2265600,66339,2265600,66340,0,66341,0,66338,40,66339,100,66340,0,66341,0,66246,1,started,
66341,100,66342,1,66439,1010744,66441,1,66443,2068018,66445,320000,66446,0,66448,65,66453,30,66437,2265600,66439,2265600,66440,0,66442,0,66438,30,66440,100,66441,0,66443,0,66341,1,started,
66443,100,66443,1,66539,1012264,66540,1,66544,2274614,66544,320000,66545,0,66546,72,66548,35,66537,2265600,66539,2265600,66540,0,66540,0,66538,62,66540,81,66540,0,66543,0,66443,1,started,
66544,100,66544,1,66640,1012264,66644,1,66646,431146,66648,320000,66649,0,66651,13,66655,6,66638,2265600,66640,2265600,66642,0,66644,0,66639,27,66642,0,66644,0,66646,0,66544,1,started,
66646,100,66647,1,66739,1009096,66741,1,66743,526182,66744,320000,66744,0,66745,22,66747,10,66738,2265600,66740,1267200,66741,0,66742,0,66739,30,66740,11,66741,0,66743,0,66646,1,started,
66743,100,66743,1,66839,1009176,66841,1,66842,1080825,66842,320000,66842,0,66843,60,66845,22,66838,2265600,66840,1267200,66840,0,66841,0,66839,50,66840,66,66841,0,66841,0,66743,1,started,
66842,100,66842,1,66940,1009664,66942,1,66943,1720425,66944,320000,66944,0,66945,65,66948,28,66939,1267200,66941,2265600,66942,0,66943,0,66940,30,66941,100,66942,0,66943,0,66841,1,started,
66943,100,66943,1,67040,1010020,67041,1,67042,2226938,67043,320000,67043,0,67044,70,67046,33,67039,2265600,67040,2265600,67041,0,67042,0,67040,40,67041,100,67041,0,67042,0,66943,1,started,
67042,100,67042,1,67141,1010516,67146,1,67149,1819438,67151,320000,67153,0,67154,69,67161,34,67139,1497600,67142,2265600,67144,0,67147,0,67141,36,67143,100,67146,0,67148,0,67042,1,started,
67149,100,67149,1,67241,1010616,67242,1,67243,2226938,67243,320000,67243,0,67244,66,67246,32,67239,2265600,67241,2265600,67242,0,67242,0,67240,40,67241,100,67242,0,67243,0,67148,1,started,
67243,100,67243,1,67342,1011256,67344,1,67346,1707508,67347,320000,67349,0,67350,61,67359,32,67340,1267200,67342,2265600,67343,0,67344,0,67341,27,67343,100,67344,0,67344,0,67243,1,started,
67346,100,67346,1,67441,1012724,67448,1,67449,3180456,67450,320000,67450,0,67451,81,67456,38,67440,2265600,67441,2265600,67444,2265600,67449,0,67441,70,67443,90,67445,40,67449,0,67345,1,started,
67449,100,67450,1,67541,1013180,67546,1,67552,3466511,67555,320000,67556,0,67556,76,67562,54,67540,2265600,67542,2265600,67543,2265600,67549,0,67541,75,67542,81,67544,62,67550,0,67449,1,started,
67553,100,67553,1,67643,1013132,67647,1,67648,1832990,67649,320000,67649,0,67650,43,67655,28,67641,2265600,67643,2265600,67645,960000,67647,0,67642,72,67645,37,67646,45,67648,0,67551,1,started,
67648,100,67648,1,67743,1013132,67747,1,67748,637244,67748,320000,67749,0,67750,21,67755,11,67741,2265600,67744,2265600,67745,960000,67747,0,67743,27,67745,8,67746,36,67747,0,67648,1,started,
67748,100,67748,1,67845,1010256,67849,1,67850,276132,67851,320000,67851,0,67856,26,67867,7,67842,1958400,67845,1267200,67847,960000,67849,0,67844,10,67846,20,67848,33,67850,0,67748,1,started,
67850,100,67850,1,67944,1010084,67945,1,67946,2306398,67946,320000,67947,0,67948,73,67950,28,67942,2265600,67944,2265600,67945,0,67945,0,67943,45,67945,100,67945,0,67946,0,67850,1,started,
67946,100,67946,1,68044,1010580,68048,1,68050,1766071,68052,320000,68052,0,68054,61,68059,30,68043,2265600,68044,2265600,68046,0,68049,0,68043,11,68046,100,68047,0,68049,0,67946,1,started,
68050,100,68051,1,68144,1010828,68146,1,68147,1844791,68147,320000,68149,0,68149,66,68152,32,68142,1497600,68144,2265600,68145,0,68146,0,68143,40,68145,100,68146,0,68146,0,68050,1,started,
68147,100,68147,1,68246,1011324,68249,1,68251,1785007,68254,320000,68256,0,68258,73,68267,32,68244,1267200,68246,2265600,68248,0,68250,0,68245,45,68247,100,68248,0,68251,0,68146,1,started,
68252,100,68252,1,68345,1011432,68346,1,68347,2115694,68347,320000,68348,0,68348,64,68351,30,68344,2265600,68345,2265600,68346,0,68347,0,68345,33,68346,100,68346,0,68347,0,68251,1,started,
68347,100,68347,1,68446,1012468,68448,1,68452,1720425,68454,320000,68456,0,68466,68,68476,31,68444,1267200,68446,2265600,68448,0,68448,0,68445,30,68447,100,68448,0,68450,0,68347,1,started,
68452,100,68452,1,68546,1011848,68547,1,68548,2068018,68548,320000,68548,0,68549,61,68551,26,68544,2265600,68546,2265600,68547,0,68547,0,68545,70,68546,60,68547,0,68547,0,68451,1,started,
68548,100,68548,1,68646,1008404,68649,1,68650,637741,68651,320000,68652,0,68653,23,68655,11,68645,2265600,68647,2265600,68648,0,68649,0,68646,30,68647,10,68649,0,68650,0,68548,1,started,
68650,100,68651,1,68746,1004660,68749,1,68750,430406,68750,320000,68751,0,68752,22,68754,12,68745,2265600,68747,1497600,68748,0,68749,0,68746,11,68748,40,68748,0,68749,0,68650,1,started,
68750,100,68750,1,68847,1005552,68848,1,68849,1733341,68849,320000,68849,0,68850,63,68862,29,68845,2265600,68847,1267200,68848,0,68848,0,68846,100,68847,33,68848,0,68848,0,68749,1,started,
68849,100,68849,1,68948,1006048,68953,1,68956,1638620,68958,320000,68960,0,68962,61,68970,28,68946,2265600,68949,1267200,68951,0,68954,0,68947,100,68950,11,68951,0,68955,0,68849,1,started,
68957,100,68957,1,69047,1006544,69049,1,69049,2115694,69050,320000,69050,0,69051,64,69053,28,69046,2265600,69047,2265600,69048,0,69049,0,69047,100,69048,33,69048,0,69049,0,68956,1,started,
69049,100,69049,1,69148,1007040,69150,1,69151,1587338,69151,320000,69152,0,69154,65,69158,31,69146,2265600,69148,1267200,69149,0,69150,0,69147,90,69149,36,69150,0,69151,0,69049,1,started,
69151,100,69151,1,69248,1007032,69250,1,69251,1746258,69252,320000,69253,0,69254,66,69258,30,69246,2265600,69249,1267200,69250,0,69251,0,69248,100,69250,36,69250,0,69251,0,69151,1,started,
69251,100,69251,1,69348,1008140,69351,1,69352,1720425,69353,320000,69355,0,69357,65,69364,29,69347,2265600,69349,1267200,69350,0,69351,0,69348,100,69350,30,69350,0,69351,0,69251,1,started,
69352,100,69352,1,69449,1009756,69450,1,69451,2417641,69452,320000,69452,0,69453,76,69459,37,69447,2265600,69449,2265600,69450,0,69451,0,69448,75,69450,77,69450,0,69451,0,69352,1,started,
69451,100,69451,1,69549,1010212,69552,1,69553,2917452,69554,320000,69555,0,69556,75,69559,45,69548,2265600,69549,2265600,69551,960000,69552,0,69549,90,69550,90,69552,25,69553,0,69451,1,started,
69553,100,69554,1,69649,1010336,69651,1,69652,590065,69653,320000,69654,0,69654,10,69658,7,69648,2265600,69650,2265600,69651,960000,69652,0,69649,27,69650,10,69651,0,69652,0,69553,1,started,
69652,100,69653,1,69750,1007772,69754,1,69755,360858,69756,320000,69757,0,69758,26,69762,15,69748,1497600,69751,1267200,69752,960000,69754,0,69750,30,69752,30,69753,18,69754,0,69652,1,started,
69755,100,69755,1,69850,1008020,69853,1,69854,2117724,69855,320000,69856,0,69857,50,69861,28,69849,2265600,69851,1267200,69852,2265600,69854,0,69850,100,69852,30,69853,25,69854,0,69754,1,started,
69854,100,69855,1,69951,1008700,69954,1,69955,1662747,69955,320000,69956,0,69957,42,69962,28,69949,2265600,69951,1267200,69953,960000,69954,0,69950,100,69952,11,69954,11,69955,0,69854,1,started,
69955,100,69955,1,70053,1008872,70060,1,70063,1685980,70064,320000,70067,0,70069,50,70075,28,70049,2265600,70053,1267200,70058,0,70061,0,70051,100,70055,22,70059,0,70062,0,69955,1,started,
70064,100,70064,1,70151,1009580,70152,1,70153,2115694,70153,320000,70154,0,70154,65,70157,27,70150,2265600,70151,2265600,70152,0,70153,0,70150,63,70152,70,70152,0,70153,0,70062,1,started,
70153,100,70153,1,70252,1009704,70256,1,70258,1909098,70260,320000,70260,0,70262,57,70267,30,70250,2265600,70253,2265600,70255,0,70256,0,70252,100,70254,20,70255,0,70257,0,70153,1,started,
70258,100,70258,1,70352,1010556,70355,1,70356,1698897,70357,320000,70358,0,70359,66,70363,28,70350,2265600,70352,1267200,70354,0,70355,0,70351,100,70354,25,70355,0,70356,0,70257,1,started,
70357,100,70357,1,70454,1012304,70456,1,70457,1780702,70458,320000,70459,0,70461,73,70464,31,70453,2265600,70455,1267200,70456,0,70457,0,70454,100,70456,44,70456,0,70457,0,70356,1,started,
70458,100,70458,1,70554,1012528,70555,1,70556,907905,70556,320000,70557,0,70558,27,70560,13,70553,2265600,70554,2265600,70555,0,70556,0,70554,30,70555,27,70555,0,70556,0,70457,1,started,
70556,100,70556,1,70655,1012712,70657,1,70658,192451,70658,320000,70659,0,70660,10,70663,4,70653,2265600,70655,1267200,70656,0,70657,0,70654,9,70656,11,70657,0,70658,0,70556,1,started,
70658,100,70658,1,70755,1009396,70758,1,70758,346504,70759,320000,70760,0,70763,45,70768,11,70753,2265600,70756,1267200,70757,0,70758,0,70755,0,70757,80,70757,0,70758,0,70658,1,started,
70759,100,70759,1,70855,1010292,70856,1,70857,2068018,70857,320000,70858,0,70858,70,70860,33,70854,2265600,70855,2265600,70856,0,70857,0,70854,30,70856,100,70856,0,70857,0,70758,1,started,
70857,100,70857,1,70956,1010664,70957,1,70958,1819438,70958,320000,70959,0,70959,66,70970,34,70954,1497600,70956,2265600,70957,0,70958,0,70956,36,70957,100,70957,0,70958,0,70857,1,started,
70958,100,70958,1,71055,1009860,71057,1,71058,1844791,71058,320000,71058,0,71059,70,71061,30,71054,1497600,71056,2265600,71057,0,71057,0,71055,40,71056,100,71057,0,71057,0,70958,1,started,
71058,100,71058,1,71156,1010292,71157,1,71158,1642925,71158,320000,71159,0,71159,61,71161,26,71154,1267200,71156,2265600,71157,0,71158,0,71155,12,71157,100,71157,0,71158,0,71057,1,started,
71158,100,71158,1,71256,1010292,71257,1,71258,2068018,71259,320000,71259,0,71259,65,71261,31,71255,2265600,71256,2265600,71257,0,71258,0,71256,30,71257,100,71257,0,71258,0,71158,1,started,
71258,100,71258,1,71356,1011448,71358,1,71358,1733341,71359,320000,71359,0,71360,59,71365,31,71355,1267200,71357,2265600,71357,0,71358,0,71356,33,71357,100,71358,0,71358,0,71258,1,started,
71359,100,71359,1,71459,1012248,71462,1,71463,2592453,71464,320000,71465,0,71468,86,71473,41,71456,2265600,71460,2265600,71461,0,71462,0,71458,83,71461,80,71461,0,71462,0,71358,1,started,
71463,100,71463,1,71557,1012248,71560,1,71561,790878,71563,320000,71563,0,71564,21,71567,14,71556,1958400,71558,2265600,71559,960000,71561,0,71557,38,71559,22,71560,0,71561,0,71462,1,started,
71562,100,71562,1,71658,1011952,71661,1,71662,796661,71663,320000,71664,0,71664,16,71667,12,71656,2265600,71658,2265600,71660,960000,71661,0,71657,40,71659,10,71660,0,71661,0,71561,1,started,
71663,100,71663,1,71758,1009512,71760,1,71761,596114,71761,320000,71762,0,71763,41,71765,23,71756,1574400,71758,1267200,71760,0,71760,0,71758,40,71759,72,71760,0,71761,0,71662,1,started,
71761,100,71761,1,71860,1009884,71867,1,71868,1707508,71869,320000,71870,0,71871,61,71873,28,71857,1267200,71861,2265600,71865,0,71867,0,71858,27,71864,100,71866,0,71868,0,71761,1,started,
71868,100,71869,1,71958,1010380,71960,1,71961,2290506,71961,320000,71961,0,71962,70,71965,36,71957,2265600,71959,2265600,71960,0,71960,0,71958,44,71959,100,71960,0,71960,0,71868,1,started,
71961,100,71961,1,72059,1010728,72062,1,72064,1909098,72066,320000,72066,0,72068,63,72073,30,72057,2265600,72059,2265600,72061,0,72063,0,72058,100,72060,20,72062,0,72064,0,71961,1,started,
72064,100,72064,1,72159,1010884,72161,1,72161,1592770,72162,320000,72162,0,72163,71,72165,33,72158,2265600,72159,1728000,72160,0,72161,0,72159,45,72160,100,72160,0,72161,0,72064,1,started,
72161,100,72161,1,72259,1011428,72261,1,72261,1766071,72262,320000,72263,0,72263,57,72269,27,72258,2265600,72259,2265600,72260,0,72261,0,72259,11,72260,100,72261,0,72261,0,72161,1,started,
72261,100,72261,1,72362,1012792,72364,1,72365,1971557,72366,320000,72366,0,72367,78,72373,37,72359,1497600,72362,2265600,72364,0,72364,0,72361,60,72363,100,72364,0,72365,0,72261,1,started,
72365,100,72365,1,72461,1012708,72463,1,72464,303064,72465,320000,72465,0,72466,21,72469,7,72459,1267200,72461,2265600,72463,0,72464,0,72461,33,72462,10,72463,0,72464,0,72365,1,started,
72464,100,72464,1,72561,1012708,72565,1,72566,204037,72567,320000,72568,0,72569,9,72574,3,72560,1267200,72562,2265600,72564,0,72565,0,72561,10,72563,10,72564,0,72566,0,72464,1,started,
72567,100,72567,1,72661,1010312,72663,1,72664,1940882,72665,320000,72665,0,72666,63,72668,30,72660,2265600,72662,2265600,72663,0,72663,0,72661,50,72662,72,72663,0,72663,0,72566,1,started,
72664,100,72664,1,72762,1010684,72764,1,72764,1909098,72765,320000,72766,0,72766,60,72769,30,72760,2265600,72762,2265600,72763,0,72764,0,72761,20,72763,100,72763,0,72764,0,72664,1,started,
72765,100,72765,1,72862,1010808,72864,1,72865,1781963,72866,320000,72866,0,72867,61,72874,28,72861,2265600,72863,2265600,72864,0,72865,0,72862,100,72863,12,72864,0,72865,0,72764,1,started,
72865,100,72866,1,72964,1010964,72971,1,72973,1685980,72974,320000,72975,0,72977,66,72981,30,72961,2265600,72965,1267200,72969,0,72971,0,72963,100,72968,22,72969,0,72973,0,72865,1,started,
72973,100,72974,1,73063,1011336,73065,1,73066,2068018,73066,320000,73067,0,73067,61,73070,30,73061,2265600,73063,2265600,73064,0,73065,0,73062,100,73064,30,73064,0,73065,0,72973,1,started,
73066,100,73066,1,73164,1011708,73167,1,73169,1677369,73170,320000,73170,0,73171,60,73174,29,73162,2265600,73164,1267200,73166,0,73167,0,73163,100,73165,20,73166,0,73168,0,73066,1,started,
73169,100,73169,1,73263,1013296,73265,1,73265,1750179,73266,320000,73266,0,73267,55,73269,27,73262,2265600,73263,2265600,73264,0,73265,0,73263,50,73264,60,73265,0,73265,0,73169,1,started,
73266,100,73266,1,73364,1013384,73366,1,73366,3021536,73367,320000,73367,0,73368,94,73371,47,73362,2265600,73364,2265600,73365,0,73366,0,73363,100,73365,90,73365,0,73366,0,73265,1,started,
73366,100,73366,1,73465,1013596,73475,1,73475,288118,73476,320000,73476,0,73477,18,73479,8,73463,2265600,73465,2265600,73474,0,73475,0,73464,18,73474,0,73474,0,73475,0,73366,1,started,
73475,100,73475,1,73565,1008980,73567,1,73568,589093,73569,320000,73569,0,73570,38,73573,17,73563,1728000,73565,1267200,73567,0,73567,0,73564,40,73566,55,73567,0,73568,0,73475,1,started,
73568,100,73568,1,73666,1009324,73668,1,73669,475669,73670,320000,73670,0,73671,58,73674,16,73664,1267200,73666,1267200,73668,0,73669,0,73665,55,73667,55,73668,0,73669,0,73568,1,started,
73669,100,73670,1,73765,1009820,73767,1,73768,1750179,73769,320000,73770,0,73770,55,73773,27,73764,2265600,73766,2265600,73767,0,73768,0,73765,100,73766,10,73767,0,73768,0,73669,1,started,
73769,100,73769,1,73866,1009820,73868,1,73869,1175546,73869,320000,73870,0,73871,68,73874,24,73864,2265600,73866,1267200,73867,0,73868,0,73865,50,73867,88,73868,0,73869,0,73768,1,started,
73869,100,73869,1,73967,1010272,73970,1,73971,1634314,73972,320000,73973,0,73974,59,73978,28,73965,2265600,73967,1267200,73969,0,73970,0,73966,100,73968,10,73969,0,73971,0,73869,1,started,
73971,100,73972,1,74067,1010644,74070,1,74071,1642925,74072,320000,74073,0,74074,61,74077,26,74065,2265600,74067,1267200,74069,0,74070,0,74066,100,74068,12,74069,0,74071,0,73971,1,started,
74071,100,74071,1,74167,1010768,74169,1,74170,1720425,74170,320000,74171,0,74172,61,74175,29,74165,2265600,74167,1267200,74168,0,74169,0,74166,100,74168,30,74169,0,74170,0,74071,1,started,
74170,100,74170,1,74267,1011916,74269,1,74270,1677369,74271,320000,74272,0,74273,63,74276,27,74266,2265600,74268,1267200,74269,0,74270,0,74267,100,74269,20,74269,0,74270,0,74170,1,started,
74270,100,74270,1,74367,1012588,74369,1,74370,1780946,74375,320000,74376,0,74377,68,74380,31,74366,2265600,74368,1497600,74369,0,74370,0,74367,90,74369,55,74369,0,74370,0,74270,1,started,
74370,100,74370,1,74471,1012696,74474,1,74476,431146,74477,320000,74477,0,74478,10,74480,2,74467,2265600,74472,2265600,74474,0,74475,0,74470,0,74473,27,74474,0,74475,0,74370,1,started,
74476,100,74476,1,74568,1009756,74570,1,74571,420945,74572,320000,74572,0,74573,28,74575,12,74567,1497600,74569,2265600,74570,0,74570,0,74568,36,74569,12,74570,0,74571,0,74476,1,started,
74571,100,74571,1,74668,1010004,74670,1,74670,525621,74671,320000,74671,0,74672,50,74674,12,74667,1267200,74668,2265600,74669,0,74670,0,74668,81,74669,11,74669,0,74670,0,74571,1,started,
74670,100,74670,1,74769,1010548,74770,1,74771,1766373,74772,320000,74772,0,74773,63,74776,31,74767,2265600,74769,1728000,74770,0,74771,0,74768,100,74770,20,74770,0,74771,0,74670,1,started,
74771,100,74771,1,74868,1010796,74870,1,74871,1647615,74871,320000,74871,0,74872,66,74874,29,74867,2265600,74869,1267200,74870,0,74870,0,74868,90,74869,50,74870,0,74870,0,74771,1,started,
74871,100,74871,1,74969,1010796,74970,1,74971,2115694,74971,320000,74972,0,74972,68,74974,33,74968,2265600,74969,2265600,74970,0,74971,0,74968,33,74970,100,74970,0,74971,0,74870,1,started,
74971,100,74971,1,75069,1011152,75071,1,75071,1909098,75072,320000,75072,0,75073,63,75075,30,75068,2265600,75069,2265600,75070,0,75071,0,75069,20,75070,100,75070,0,75071,0,74971,1,started,
75071,100,75071,1,75170,1011628,75176,1,75178,1677369,75178,320000,75180,0,75183,63,75185,31,75168,1267200,75171,2265600,75174,0,75176,0,75170,20,75174,100,75174,0,75176,0,75071,1,started,
75178,100,75178,1,75270,1012984,75271,1,75272,2465317,75272,320000,75273,0,75274,75,75276,37,75268,2265600,75270,2265600,75271,0,75271,0,75269,55,75271,100,75271,0,75272,0,75178,1,started,
75272,100,75272,1,75370,1013536,75373,1,75374,2741523,75376,320000,75377,0,75379,82,75384,42,75369,2265600,75370,2265600,75372,960000,75373,0,75370,90,75371,81,75373,10,75374,0,75272,1,started,
75375,100,75376,1,75471,1013472,75473,1,75474,3434727,75475,320000,75475,0,75476,72,75479,48,75469,2265600,75471,2265600,75472,2265600,75474,0,75470,55,75472,81,75473,80,75474,0,75374,1,started,
75474,100,75474,1,75571,1012044,75573,1,75574,2385857,75574,320000,75575,0,75575,48,75578,37,75570,2265600,75571,1728000,75572,2265600,75573,0,75570,50,75572,0,75573,100,75574,0,75474,1,started,
75574,100,75574,1,75671,1008872,75673,1,75674,1352880,75675,320000,75675,0,75675,30,75678,20,75670,2265600,75671,2265600,75672,2265600,75674,0,75671,45,75672,30,75673,10,75674,0,75574,1,started,
75674,100,75674,1,75771,1009324,75773,1,75774,1139698,75774,320000,75775,0,75776,47,75778,25,75770,2265600,75772,1728000,75773,0,75774,0,75771,22,75772,90,75773,0,75774,0,75674,1,started,
75774,100,75774,1,75872,1009696,75874,1,75875,1750179,75875,320000,75876,0,75877,55,75879,27,75871,2265600,75872,2265600,75873,0,75874,0,75871,10,75873,100,75874,0,75874,0,75774,1,started,
75875,100,75875,1,75973,1009820,75976,1,75977,1733341,75978,320000,75979,0,75980,68,75984,31,75971,1267200,75973,2265600,75975,0,75976,0,75972,33,75975,100,75975,0,75977,0,75875,1,started,
75977,100,75978,1,76072,1009404,76074,1,76075,2226938,76076,320000,76077,0,76077,70,76080,29,76071,2265600,76073,2265600,76074,0,76075,0,76072,100,76073,40,76074,0,76075,0,75977,1,started,
76076,100,76076,1,76173,1009404,76176,1,76176,1877315,76177,320000,76178,0,76178,55,76180,25,76172,2265600,76173,2265600,76175,0,76176,0,76173,18,76175,100,76175,0,76176,0,76075,1,started,
76177,100,76177,1,76274,1009528,76277,1,76279,1909098,76280,320000,76281,0,76282,60,76287,31,76272,2265600,76275,2265600,76276,0,76278,0,76273,20,76276,100,76277,0,76278,0,76176,1,started,
76279,100,76279,1,76374,1010408,76375,1,76376,1222522,76376,320000,76377,0,76377,61,76379,24,76372,1267200,76374,2265600,76375,0,76375,0,76373,62,76375,60,76375,0,76376,0,76278,1,started,
76376,100,76376,1,76474,1010788,76476,1,76477,2004450,76477,320000,76478,0,76478,57,76481,26,76473,2265600,76474,2265600,76475,960000,76476,0,76474,66,76475,60,76476,0,76477,0,76376,1,started,
76477,100,76477,1,76575,1010860,76577,1,76578,45118,76579,320000,76579,0,76580,4,76582,2,76573,1267200,76575,2265600,76576,0,76577,0,76574,10,76576,0,76577,0,76578,0,76477,1,started,
76578,100,76578,1,76675,1007948,76676,1,76677,764877,76677,320000,76678,0,76678,23,76680,11,76673,2265600,76675,2265600,76676,0,76676,0,76674,28,76675,20,76676,0,76677,0,76578,1,started,
76677,100,76677,1,76775,1008452,76777,1,76777,1677369,76778,320000,76778,0,76779,60,76787,23,76774,1267200,76775,2265600,76776,0,76777,0,76775,20,76776,100,76776,0,76777,0,76677,1,started,
76777,100,76777,1,76875,1008824,76877,1,76877,2115694,76877,320000,76878,0,76878,68,76880,31,76874,2265600,76875,2265600,76876,0,76877,0,76875,33,76876,100,76876,0,76877,0,76777,1,started,
76877,100,76877,1,76975,1008948,76977,1,76978,1415502,76978,320000,76978,0,76979,57,76981,26,76974,1267200,76976,2265600,76977,0,76977,0,76975,33,76976,80,76977,0,76978,0,76877,1,started,
76978,100,76978,1,77076,1009444,77078,1,77078,2163370,77079,320000,77079,0,77079,66,77082,32,77074,2265600,77076,2265600,77077,0,77078,0,77075,36,77077,100,77077,0,77078,0,76978,1,started,
77078,100,77078,1,77176,1009444,77177,1,77178,1750179,77178,320000,77179,0,77179,55,77181,24,77175,2265600,77176,2265600,77177,0,77178,0,77176,88,77177,22,77177,0,77178,0,77078,1,started,
77178,100,77178,1,77276,1010084,77278,1,77279,2068018,77279,320000,77279,0,77280,65,77282,32,77275,2265600,77276,2265600,77278,0,77278,0,77276,30,77277,100,77278,0,77278,0,77178,1,started,
77279,100,77279,1,77377,1011452,77383,1,77386,2544777,77387,320000,77388,0,77390,80,77400,37,77375,2265600,77378,2265600,77381,0,77384,0,77376,60,77380,100,77382,0,77384,0,77278,1,started,
77386,100,77386,1,77477,1011452,77482,1,77483,2338182,77484,320000,77485,0,77486,56,77493,36,77476,2265600,77477,2265600,77478,960000,77483,0,77477,57,77478,90,77482,0,77483,0,77385,1,started,
77483,100,77483,1,77577,1011824,77581,1,77581,2458240,77582,320000,77582,0,77583,62,77585,39,77576,2265600,77578,2265600,77580,960000,77581,0,77577,90,77579,60,77580,33,77581,0,77483,1,started,
77581,100,77582,1,77678,1011824,77680,1,77681,319902,77681,320000,77682,0,77682,10,77685,6,77676,2265600,77678,2265600,77679,960000,77680,0,77677,20,77679,0,77680,0,77681,0,77581,1,started,
77681,100,77681,1,77778,1008800,77781,1,77783,680796,77783,320000,77784,0,77784,14,77787,8,77777,1267200,77779,2265600,77780,2265600,77781,0,77778,10,77780,0,77781,40,77782,0,77681,1,started,
77783,100,77783,1,77878,1008604,77880,1,77881,959640,77881,320000,77881,0,77882,45,77884,16,77877,1267200,77878,2265600,77880,0,77880,0,77878,60,77879,44,77880,0,77880,0,77782,1,started,
77881,100,77881,1,77978,1009044,77980,1,77981,2226938,77981,320000,77981,0,77982,70,77984,31,77977,2265600,77979,2265600,77980,0,77980,0,77978,40,77979,100,77980,0,77980,0,77881,1,started,
77981,100,77981,1,78079,1009288,78080,1,78081,2068018,78082,320000,78083,0,78084,65,78086,32,78078,2265600,78079,2265600,78080,0,78081,0,78078,100,78080,30,78080,0,78081,0,77981,1,started,
78082,100,78082,1,78179,1009660,78181,1,78181,2004450,78182,320000,78182,0,78183,57,78185,26,78178,2265600,78179,2265600,78180,0,78181,0,78179,36,78180,90,78180,0,78181,0,78081,1,started,
78181,100,78181,1,78279,1010032,78281,1,78281,1877315,78282,320000,78283,0,78283,60,78285,30,78278,2265600,78280,2265600,78280,0,78281,0,78279,18,78280,100,78281,0,78281,0,78181,1,started,
78282,100,78282,1,78380,1009912,78382,1,78383,1750179,78384,320000,78384,0,78385,55,78387,24,78378,2265600,78380,2265600,78381,0,78382,0,78379,100,78381,10,78382,0,78383,0,78281,1,started,
78383,100,78383,1,78484,1011020,78487,1,78488,1746258,78488,320000,78489,0,78493,63,78499,29,78482,2265600,78485,1267200,78486,0,78487,0,78484,100,78486,36,78487,0,78488,0,78383,1,started,
78488,100,78488,1,78584,1010956,78586,1,78586,2083910,78587,320000,78587,0,78588,61,78590,28,78583,2265600,78585,2265600,78585,0,78586,0,78584,54,78585,77,78586,0,78586,0,78488,1,started,
78587,100,78587,1,78685,1010956,78687,1,78688,462930,78689,320000,78689,0,78690,15,78692,7,78683,2265600,78685,2265600,78686,0,78687,0,78684,11,78686,18,78687,0,78687,0,78586,1,started,
78688,100,78688,1,78785,1007672,78787,1,78788,351686,78788,320000,78789,0,78791,11,78795,5,78784,2265600,78785,2265600,78786,0,78787,0,78784,0,78786,22,78786,0,78787,0,78688,1,started,
78788,100,78788,1,78885,1008184,78887,1,78887,2068018,78888,320000,78888,0,78888,65,78890,32,78884,2265600,78885,2265600,78886,0,78887,0,78885,30,78886,100,78886,0,78887,0,78787,1,started,
78887,100,78887,1,78986,1008556,78987,1,78988,2068018,78988,320000,78988,0,78989,65,78991,31,78984,2265600,78986,2265600,78987,0,78987,0,78985,30,78986,100,78987,0,78987,0,78887,1,started,
78988,100,78988,1,79086,1008680,79087,1,79088,1797855,79088,320000,79089,0,79089,57,79095,28,79085,2265600,79086,2265600,79087,0,79087,0,79085,33,79087,80,79087,0,79088,0,78988,1,started,
79088,100,79088,1,79186,1009052,79188,1,79189,1749255,79190,320000,79190,0,79191,68,79194,32,79185,1497600,79187,2265600,79188,0,79189,0,79186,50,79188,90,79188,0,79189,0,79088,1,started,
79189,100,79189,1,79287,1009176,79289,1,79291,2068018,79291,320000,79293,0,79295,68,79299,30,79285,2265600,79287,2265600,79288,0,79289,0,79286,30,79288,100,79289,0,79290,0,79189,1,started,
79291,100,79291,1,79387,1010200,79388,1,79389,2242830,79390,320000,79390,0,79391,63,79393,34,79386,2265600,79387,2265600,79388,0,79388,0,79386,41,79388,100,79388,0,79389,0,79290,1,started,
79389,100,79389,1,79487,1010924,79489,1,79489,2147478,79490,320000,79490,0,79493,68,79502,35,79486,2265600,79487,2265600,79488,0,79489,0,79487,55,79488,80,79488,0,79489,0,79389,1,started,
79489,100,79489,1,79588,1011304,79590,1,79591,2242325,79591,320000,79592,0,79592,70,79595,37,79586,1958400,79588,2265600,79589,960000,79590,0,79587,77,79589,80,79590,36,79590,0,79489,1,started,
79591,100,79591,1,79689,1011304,79692,1,79693,231200,79694,320000,79695,0,79696,10,79701,5,79687,1267200,79689,2265600,79691,2265600,79693,0,79688,20,79690,9,79692,0,79693,0,79591,1,started,
79694,100,79694,1,79788,1008376,79790,1,79791,828445,79791,320000,79792,0,79792,16,79795,9,79787,2265600,79788,1267200,79789,2265600,79790,0,79788,30,79789,0,79790,22,79791,0,79693,1,started,
79791,100,79791,1,79888,1008948,79890,1,79890,1750179,79891,320000,79891,0,79892,57,79894,22,79887,2265600,79888,2265600,79889,0,79890,0,79888,40,79889,70,79890,0,79890,0,79791,1,started,
79890,100,79891,1,79990,1009444,79997,1,80001,1634314,80004,320000,80006,0,80010,62,80019,28,79988,1267200,79992,2265600,79995,0,79998,0,79989,10,79995,100,79997,0,79999,0,79890,1,started,
80001,100,80003,1,80093,1009568,80096,1,80097,1875423,80098,320000,80099,0,80100,82,80103,33,80091,1267200,80093,2265600,80095,0,80096,0,80092,66,80094,100,80095,0,80096,0,80001,1,started,
80097,100,80098,1,80194,1009940,80197,1,80200,1789313,80201,320000,80203,0,80206,70,80214,31,80192,1267200,80195,2265600,80196,0,80197,0,80193,46,80196,100,80196,0,80199,0,80097,1,started,
80200,100,80201,1,80293,1010040,80295,1,80296,2385857,80296,320000,80296,0,80297,70,80299,35,80292,2265600,80294,2265600,80295,0,80295,0,80293,50,80294,100,80295,0,80295,0,80199,1,started,
80296,100,80296,1,80394,1010808,80397,1,80398,1720425,80398,320000,80399,0,80400,65,80403,30,80393,1267200,80395,2265600,80396,0,80397,0,80394,30,80396,100,80396,0,80397,0,80296,1,started,
80398,100,80398,1,80495,1009384,80497,1,80498,1329776,80499,320000,80500,0,80501,60,80504,24,80493,1267200,80495,2265600,80497,0,80497,0,80495,50,80496,70,80497,0,80498,0,80397,1,started,
80498,100,80498,1,80595,1009384,80597,1,80598,530488,80599,320000,80599,0,80600,22,80603,9,80594,1267200,80596,2265600,80597,0,80598,0,80595,12,80596,30,80597,0,80598,0,80498,1,started,
80598,100,80598,1,80701,1006076,80709,1,80713,538783,80715,320000,80717,0,80719,34,80725,15,80695,1267200,80703,2265600,80706,0,80710,0,80699,25,80706,27,80708,0,80711,0,80598,1,started,
80713,100,80713,1,80796,1006692,80798,1,80798,2290506,80799,320000,80800,0,80800,66,80802,29,80794,2265600,80796,2265600,80797,0,80798,0,80795,44,80797,100,80797,0,80798,0,80713,1,started,
80799,100,80799,1,80896,1007176,80899,1,80901,2020342,80903,320000,80904,0,80906,65,80911,33,80895,2265600,80897,2265600,80898,0,80900,0,80896,27,80898,100,80899,0,80901,0,80798,1,started,
80901,100,80902,1,80996,1007300,80999,1,81001,1787408,81002,320000,81003,0,81004,70,81006,31,80995,1574400,80997,2265600,80998,0,81000,0,80996,50,80998,90,80999,0,81000,0,80901,1,started,
81001,100,81002,1,81097,1007672,81112,1,81113,1750563,81114,320000,81115,0,81116,75,81119,31,81095,1267200,81109,2265600,81111,0,81112,0,81096,37,81110,100,81111,0,81113,0,81001,1,started,
81113,100,81113,1,81197,1007212,81199,1,81200,1849590,81202,320000,81204,0,81206,77,81215,32,81195,1267200,81197,2265600,81199,0,81199,0,81197,60,81198,100,81199,0,81200,0,81113,1,started,
81200,100,81200,1,81297,1008508,81299,1,81299,2290506,81300,320000,81300,0,81301,70,81303,33,81296,2265600,81297,2265600,81298,0,81299,0,81297,44,81298,100,81298,0,81299,0,81200,1,started,
81299,100,81299,1,81402,1009156,81403,1,81404,2052120,81404,320000,81404,0,81405,76,81410,36,81400,1958400,81402,2265600,81403,0,81403,0,81401,66,81402,81,81403,0,81404,0,81299,1,started,
81404,100,81404,1,81502,1009404,81509,1,81510,2671913,81511,320000,81511,0,81512,84,81514,42,81501,2265600,81502,2265600,81508,0,81509,0,81501,88,81508,80,81509,0,81509,0,81404,1,started,
81510,100,81510,1,81602,1009356,81604,1,81604,1114500,81605,320000,81605,0,81606,31,81608,9,81601,2265600,81602,2265600,81603,0,81604,0,81602,37,81603,33,81604,0,81604,0,81510,1,started,
81604,100,81605,1,81702,1009356,81705,1,81705,590065,81706,320000,81707,0,81707,19,81709,10,81701,2265600,81703,2265600,81704,0,81705,0,81702,27,81704,10,81704,0,81705,0,81604,1,started,
81706,100,81706,1,81803,1006348,81804,1,81805,1018203,81805,320000,81806,0,81806,44,81808,19,81801,1267200,81803,2265600,81804,0,81804,0,81802,33,81804,55,81804,0,81805,0,81705,1,started,
81805,100,81805,1,81904,1006452,81906,1,81909,1750179,81910,320000,81910,0,81911,55,81914,20,81902,2265600,81904,2265600,81906,0,81907,0,81903,100,81905,10,81906,0,81909,0,81805,1,started,
81909,100,81909,1,82006,1006820,82012,1,82013,1733341,82014,320000,82015,0,82016,66,82019,30,82002,2265600,82009,1267200,82011,0,82013,0,82003,100,82011,33,82011,0,82013,0,81909,1,started,
82014,100,82014,1,82104,1006908,82106,1,82107,1940882,82107,320000,82107,0,82108,56,82115,21,82103,2265600,82105,2265600,82105,0,82106,0,82104,22,82105,100,82106,0,82106,0,82013,1,started,
82107,100,82107,1,82205,1007400,82206,1,82207,1940882,82207,320000,82207,0,82208,63,82210,30,82203,2265600,82205,2265600,82206,0,82206,0,82204,22,82205,100,82206,0,82206,0,82106,1,started,
82207,100,82207,1,82305,1007524,82306,1,82307,1781963,82307,320000,82308,0,82308,61,82310,28,82304,2265600,82305,2265600,82306,0,82307,0,82304,12,82306,100,82306,0,82307,0,82207,1,started,
82307,100,82307,1,82407,1008332,82413,1,82415,1668758,82418,320000,82420,0,82423,64,82435,29,82404,1267200,82407,2265600,82410,0,82413,0,82406,18,82409,100,82410,0,82414,0,82307,1,started,
82415,100,82417,1,82508,1009320,82511,1,82513,3249609,82514,320000,82515,0,82516,66,82521,34,82506,2265600,82508,2265600,82510,2265600,82512,960000,82508,71,82509,90,82511,33,82513,75,82415,1,started,
82513,100,82513,1,82607,1009320,82609,1,82610,828445,82611,320000,82611,0,82612,8,82615,11,82606,2265600,82607,2265600,82608,2265600,82610,960000,82607,30,82608,22,82609,0,82610,0,82513,1,started,
82611,100,82611,1,82707,1006160,82710,1,82711,860229,82712,320000,82713,0,82713,18,82717,15,82706,2265600,82708,2265600,82709,2265600,82710,960000,82707,18,82708,36,82709,0,82711,0,82610,1,started,
82711,100,82712,1,82808,1006992,82810,1,82811,1527061,82812,320000,82812,0,82813,40,82816,25,82807,1267200,82808,2265600,82809,0,82810,0,82808,22,82809,90,82810,0,82811,0,82711,1,started,
82811,100,82812,1,82909,1007272,82911,1,82912,2020342,82912,320000,82913,0,82913,61,82916,30,82907,2265600,82909,2265600,82910,0,82911,0,82908,100,82910,27,82911,0,82911,0,82811,1,started,
82912,100,82912,1,83010,1007396,83013,1,83015,1763480,83016,320000,83017,0,83018,70,83021,32,83008,2265600,83010,1267200,83013,0,83014,0,83009,100,83012,40,83013,0,83014,0,82912,1,started,
83015,100,83015,1,83110,1007892,83113,1,83114,1677369,83115,320000,83116,0,83117,60,83120,27,83108,2265600,83110,1267200,83112,0,83113,0,83109,100,83112,20,83112,0,83114,0,83014,1,started,
83114,100,83115,1,83210,1007892,83213,1,83214,1763480,83215,320000,83216,0,83217,70,83220,30,83208,2265600,83211,1267200,83212,0,83213,0,83209,100,83212,40,83213,0,83214,0,83114,1,started,
83215,100,83215,1,83310,1008684,83314,1,83316,1634314,83319,320000,83321,0,83323,59,83326,27,83309,2265600,83311,1267200,83313,0,83314,0,83310,100,83312,10,83313,0,83315,0,83214,1,started,
83318,100,83318,1,83410,1009764,83412,1,83413,2512993,83414,320000,83415,0,83416,77,83418,38,83409,2265600,83410,2265600,83412,0,83413,0,83410,77,83411,81,83412,0,83413,0,83316,1,started,
83414,100,83414,1,83511,1009796,83513,1,83513,2671913,83514,320000,83515,0,83515,84,83517,42,83510,2265600,83511,2265600,83512,0,83513,0,83511,80,83512,88,83513,0,83513,0,83413,1,started,
83513,100,83514,1,83611,1008692,83613,1,83614,2099802,83614,320000,83615,0,83615,65,83617,30,83610,2265600,83612,2265600,83613,0,83613,0,83611,60,83612,72,83613,0,83614,0,83513,1,started,
83614,100,83614,1,83712,1005428,83713,1,83714,923797,83715,320000,83715,0,83716,28,83718,15,83711,2265600,83712,2265600,83713,0,83714,0,83711,40,83713,18,83713,0,83714,0,83614,1,started,
83714,100,83714,1,83812,1005328,83814,1,83814,1685980,83815,320000,83815,0,83816,63,83818,26,83811,2265600,83812,1267200,83813,0,83814,0,83812,100,83813,22,83813,0,83814,0,83714,1,started,
83814,100,83814,1,83913,1005564,83915,1,83915,1909098,83916,320000,83917,0,83917,60,83919,23,83911,2265600,83913,2265600,83914,0,83915,0,83912,20,83914,100,83914,0,83915,0,83814,1,started,
83916,100,83916,1,83963,1005812,83966,1,83967,1825604,83968,320000,83968,0,83969,60,83972,29,83961,1574400,83964,2265600,83965,0,83966,0,83963,33,83965,100,83965,0,83966,0,83915,1,started,
83967,100,83967,1,84063,1006192,84066,1,84066,1840979,84067,320000,84067,0,84068,77,84071,33,84062,1267200,84064,2265600,84065,0,84066,0,84063,58,84065,100,84065,0,84066,0,83967,1,started,
84066,100,84067,1,84163,1006688,84165,1,84165,2179262,84165,320000,84166,0,84166,72,84168,33,84162,2265600,84163,2265600,84164,0,84165,0,84163,37,84164,100,84164,0,84165,0,84066,1,started,
84165,100,84165,1,84263,1006688,84265,1,84265,2020342,84266,320000,84266,0,84267,61,84269,31,84262,2265600,84264,2265600,84264,0,84265,0,84263,27,84264,100,84265,0,84265,0,84165,1,started,
84266,100,84266,1,84364,1008164,84366,1,84367,1882415,84367,320000,84368,0,84368,68,84371,34,84362,1574400,84364,2265600,84365,0,84366,0,84364,41,84365,100,84366,0,84367,0,84265,1,started,
84367,100,84367,1,84465,1008824,84468,1,84469,921905,84470,320000,84471,0,84472,50,84475,19,84463,1267200,84465,2265600,84467,0,84468,0,84464,66,84466,40,84467,0,84468,0,84367,1,started,
84469,100,84469,1,84564,1008824,84566,1,84567,256149,84567,320000,84567,0,84568,11,84570,2,84563,2265600,84565,1497600,84566,0,84566,0,84564,12,84565,10,84566,0,84566,0,84469,1,started,
84567,100,84567,1,84665,1005728,84666,1,84667,523906,84667,320000,84668,0,84668,31,84670,11,84663,2265600,84665,1267200,84666,0,84667,0,84664,22,84666,40,84666,0,84667,0,84567,1,started,
84667,100,84667,1,84769,1006176,84775,1,84777,1591259,84779,320000,84780,0,84781,60,84786,24,84765,1267200,84771,2265600,84774,0,84776,0,84769,0,84773,100,84775,0,84777,0,84667,1,started,
84777,100,84778,1,84865,1006672,84867,1,84867,2290506,84868,320000,84868,0,84869,70,84871,32,84864,2265600,84866,2265600,84866,0,84867,0,84865,44,84866,100,84867,0,84867,0,84777,1,started,
84867,100,84867,1,84966,1006896,84967,1,84968,1591254,84968,320000,84969,0,84969,57,84972,28,84964,1958400,84966,2265600,84967,0,84967,0,84965,55,84967,60,84967,0,84968,0,84867,1,started,
84968,100,84968,1,85066,1007264,85067,1,85068,2068018,85068,320000,85069,0,85069,65,85071,32,85065,2265600,85066,2265600,85067,0,85068,0,85065,30,85067,100,85067,0,85068,0,84968,1,started,
85068,100,85068,1,85167,1007388,85169,1,85170,1685980,85170,320000,85171,0,85172,63,85178,30,85165,1267200,85167,2265600,85168,0,85169,0,85166,22,85168,100,85169,0,85170,0,85068,1,started,
85170,100,85170,1,85267,1008756,85268,1,85269,2306398,85269,320000,85269,0,85270,71,85272,35,85265,2265600,85267,2265600,85268,0,85268,0,85266,45,85267,100,85268,0,85268,0,85170,1,started,
85269,100,85269,1,85368,1009548,85371,1,85372,2163363,85373,320000,85374,0,85375,78,85380,38,85366,1958400,85368,2265600,85371,0,85372,0,85367,66,85370,88,85371,0,85372,0,85269,1,started,
85373,100,85373,1,85467,1009624,85469,1,85469,907901,85470,320000,85470,0,85471,23,85474,10,85466,1958400,85467,2265600,85468,0,85469,0,85467,33,85468,33,85469,0,85469,0,85372,1,started,
85470,100,85470,1,85570,1006396,85575,1,85576,145217,85577,320000,85578,0,85580,19,85584,6,85566,1267200,85571,1497600,85574,0,85575,0,85568,20,85573,9,85574,0,85576,0,85469,1,started,
85577,100,85577,1,85668,1006652,85670,1,85671,1287105,85672,320000,85673,0,85673,70,85676,22,85667,2265600,85669,1267200,85670,0,85671,0,85668,60,85670,77,85670,0,85671,0,85576,1,started,
85671,100,85672,1,85768,1007248,85770,1,85770,1670719,85771,320000,85771,0,85771,52,85774,23,85767,2265600,85768,2265600,85769,0,85770,0,85768,22,85769,83,85769,0,85770,0,85671,1,started,
85770,100,85770,1,85869,1007496,85871,1,85872,1763480,85873,320000,85873,0,85874,66,85883,31,85867,2265600,85869,1267200,85870,0,85871,0,85868,100,85870,40,85871,0,85872,0,85770,1,started,
85872,100,85872,1,85969,1007620,85974,1,85977,1444310,85979,320000,85980,0,85982,63,85989,28,85968,2265600,85970,1267200,85973,0,85974,0,85969,81,85972,36,85974,0,85975,0,85872,1,started,
85977,100,85977,1,86069,1008116,86071,1,86071,2385857,86072,320000,86072,0,86073,72,86075,34,86068,2265600,86069,2265600,86070,0,86071,0,86069,100,86070,50,86070,0,86071,0,85976,1,started,
86071,100,86071,1,86169,1003864,86171,1,86173,1491593,86173,320000,86174,0,86174,76,86177,33,86168,1958400,86170,1728000,86171,0,86172,0,86169,66,86171,83,86171,0,86172,0,86071,1,started,
86173,100,86173,1,86270,1004408,86273,1,86275,1750179,86277,320000,86277,0,86280,55,86283,25,86268,2265600,86270,2265600,86272,0,86274,0,86269,100,86271,10,86273,0,86275,0,86172,1,started,
86275,100,86275,1,86371,1005440,86373,1,86374,1613240,86374,320000,86375,0,86375,72,86379,36,86370,2265600,86371,1267200,86372,960000,86374,0,86371,77,86372,90,86373,0,86374,0,86275,1,started,
86374,100,86374,1,86473,1005660,86477,1,86478,160982,86479,320000,86479,0,86480,3,86484,2,86471,2265600,86474,1267200,86475,960000,86477,0,86472,10,86475,0,86476,0,86477,0,86374,1,started,
86478,100,86478,1,86572,1002756,86574,1,86575,923797,86575,320000,86576,0,86576,20,86580,13,86570,2265600,86572,2265600,86573,960000,86574,0,86571,36,86573,22,86574,0,86575,0,86478,1,started,
86575,100,86575,1,86672,1003408,86674,1,86675,1543583,86675,320000,86675,0,86676,50,86678,24,86671,2265600,86672,2265600,86673,0,86674,0,86672,77,86673,20,86674,0,86674,0,86575,1,started,
86675,100,86675,1,86773,1003884,86775,1,86775,1909098,86776,320000,86777,0,86777,60,86780,27,86771,2265600,86773,2265600,86774,0,86775,0,86772,20,86774,100,86774,0,86775,0,86674,1,started,
86776,100,86776,1,86873,1004256,86874,1,86875,1988558,86875,320000,86876,0,86876,61,86879,31,86871,2265600,86873,2265600,86874,0,86875,0,86872,50,86874,75,86874,0,86875,0,86775,1,started,
86875,100,86875,1,86973,1004504,86975,1,86975,1061822,86976,320000,86976,0,86977,61,86979,26,86972,1574400,86973,2265600,86974,0,86975,0,86973,100,86974,22,86975,0,86975,0,86875,1,started,
86975,100,86975,1,87073,1005124,87075,1,87075,1909098,87076,320000,87076,0,87077,57,87079,28,87072,2265600,87074,2265600,87074,0,87075,0,87073,60,87074,60,87075,0,87075,0,86975,1,started,
87076,100,87076,1,87174,1005372,87176,1,87177,1845531,87183,320000,87183,0,87184,60,87187,30,87172,2265600,87174,2265600,87175,0,87176,0,87173,100,87175,16,87176,0,87176,0,87075,1,started,
87177,100,87177,1,87274,1006940,87276,1,87276,1988558,87277,320000,87277,0,87278,62,87280,28,87272,2265600,87274,2265600,87275,0,87276,0,87273,100,87275,25,87275,0,87276,0,87177,1,started,
87276,100,87276,1,87374,1007524,87376,1,87376,2338182,87377,320000,87377,0,87380,75,87387,35,87373,2265600,87374,2265600,87375,0,87376,0,87374,66,87375,81,87375,0,87376,0,87276,1,started,
87376,100,87376,1,87474,1008004,87477,1,87479,3046243,87480,320000,87480,0,87481,85,87484,44,87473,2265600,87475,2265600,87476,960000,87477,0,87474,87,87476,100,87477,33,87477,0,87376,1,started,
87479,100,87479,1,87575,1008188,87577,1,87578,558280,87578,320000,87579,0,87579,13,87583,9,87573,2265600,87575,1958400,87576,960000,87577,0,87574,27,87576,11,87577,0,87578,0,87479,1,started,
87578,100,87578,1,87676,1008352,87679,1,87680,362957,87680,320000,87681,0,87682,10,87686,8,87674,2265600,87676,1267200,87677,960000,87679,0,87675,20,87677,10,87678,0,87679,0,87578,1,started,
87680,100,87680,1,87776,1005140,87778,1,87780,827883,87783,320000,87784,0,87786,50,87791,16,87774,2265600,87776,1267200,87778,0,87779,0,87775,33,87777,70,87778,0,87779,0,87679,1,started,
87780,100,87782,1,87876,1005756,87879,1,87879,1940882,87880,320000,87881,0,87881,64,87884,26,87874,2265600,87876,2265600,87877,0,87879,0,87875,22,87877,100,87878,0,87879,0,87780,1,started,
87880,100,87880,1,87977,1006252,87980,1,87984,1685980,87985,320000,87986,0,87987,66,87990,31,87975,1267200,87977,2265600,87979,0,87981,0,87976,22,87978,100,87980,0,87981,0,87879,1,started,
87984,100,87984,1,88083,1006748,88090,1,88094,1677369,88096,320000,88098,0,88101,63,88109,29,88076,1267200,88083,2265600,88088,0,88092,0,88080,20,88086,100,88089,0,88092,0,87982,1,started,
88094,100,88094,1,88177,1007368,88179,1,88180,2465317,88180,320000,88181,0,88182,73,88184,34,88175,2265600,88177,2265600,88178,0,88179,0,88176,55,88178,100,88179,0,88179,0,88092,1,started,
88180,100,88180,1,88278,1007740,88284,1,88287,2020342,88289,320000,88289,0,88292,65,88297,33,88276,2265600,88280,2265600,88283,0,88285,0,88277,27,88282,100,88284,0,88286,0,88180,1,started,
88287,100,88287,1,88377,1009376,88379,1,88379,1763480,88380,320000,88380,0,88380,64,88383,30,88376,1267200,88377,2265600,88378,0,88379,0,88377,40,88378,100,88378,0,88379,0,88286,1,started,
88379,100,88379,1,88477,1009508,88480,1,88483,456431,88484,320000,88485,0,88486,30,88493,11,88476,1267200,88478,1958400,88479,0,88482,0,88477,25,88478,30,88479,0,88483,0,88379,1,started,
88483,100,88484,1,88578,1008648,88580,1,88581,362639,88582,320000,88582,0,88583,40,88586,12,88576,1267200,88578,1497600,88580,0,88580,0,88578,44,88579,27,88580,0,88581,0,88483,1,started,
88581,100,88581,1,88678,1005520,88680,1,88681,1081785,88682,320000,88682,0,88683,57,88686,19,88677,1958400,88679,1497600,88680,0,88681,0,88678,66,88680,50,88680,0,88681,0,88581,1,started,
88681,100,88681,1,88778,1006016,88780,1,88781,1435216,88781,320000,88782,0,88782,55,88784,23,88777,1958400,88779,1958400,88780,0,88780,0,88778,36,88779,88,88780,0,88781,0,88681,1,started,
88781,100,88781,1,88879,1006140,88880,1,88881,1273409,88881,320000,88882,0,88882,57,88884,23,88877,1958400,88879,1958400,88880,0,88881,0,88878,70,88880,40,88880,0,88881,0,88781,1,started,
88881,100,88881,1,88979,1006264,88983,1,88984,1388986,88985,320000,88987,0,88989,57,88995,23,88978,1958400,88979,1958400,88982,0,88983,0,88979,100,88981,20,88983,0,88984,0,88881,1,started,
88984,100,88985,1,89079,1006388,89081,1,89082,1677928,89082,320000,89082,0,89083,71,89085,31,89078,1958400,89080,1958400,89080,0,89081,0,89079,45,89080,100,89081,0,89081,0,88984,1,started,
89082,100,89082,1,89180,1006752,89182,1,89183,1252553,89184,320000,89184,0,89185,63,89188,25,89178,1267200,89180,1958400,89182,0,89183,0,89180,22,89181,100,89182,0,89183,0,89081,1,started,
89183,100,89183,1,89280,1007000,89282,1,89283,1446774,89283,320000,89284,0,89284,66,89287,26,89279,1958400,89280,1958400,89281,0,89282,0,89280,25,89281,100,89282,0,89282,0,89183,1,started,
89283,100,89283,1,89381,1008520,89383,1,89384,1212888,89384,320000,89385,0,89386,65,89388,27,89379,1267200,89381,1958400,89382,0,89383,0,89380,45,89382,88,89383,0,89384,0,89282,1,started,
89384,100,89384,1,89481,1008848,89484,1,89487,1885966,89488,320000,89489,0,89492,80,89495,33,89479,1958400,89482,1958400,89483,0,89485,0,89480,80,89483,83,89484,0,89487,0,89384,1,started,
89487,100,89487,1,89581,1008964,89584,1,89586,1201700,89586,320000,89587,0,89588,35,89591,18,89580,1958400,89582,1958400,89583,960000,89585,0,89581,50,89583,50,89584,20,89585,0,89487,1,started,
89586,100,89586,1,89684,1008652,89686,1,89687,360351,89688,320000,89688,0,89689,7,89692,5,89682,1958400,89684,1958400,89685,960000,89687,0,89683,20,89685,11,89686,0,89687,0,89585,1,started,
89687,100,89687,1,89785,1006652,89787,1,89788,590225,89789,320000,89789,0,89790,41,89792,20,89780,1497600,89785,1267200,89787,0,89787,0,89781,50,89786,63,89787,0,89788,0,89687,1,started,
89788,100,89788,1,89884,1006528,89886,1,89887,1243942,89887,320000,89888,0,89889,60,89891,21,89881,1267200,89884,1958400,89885,0,89886,0,89883,20,89885,100,89886,0,89887,0,89788,1,started,
89887,100,89887,1,89983,1006900,89985,1,89986,1666370,89987,320000,89988,0,89989,73,89992,29,89981,1958400,89983,1958400,89984,0,89985,0,89982,44,89984,100,89984,0,89986,0,89887,1,started,
89986,100,89987,1,90083,1007104,90086,1,90086,1539236,90087,320000,90087,0,90088,68,90090,28,90081,1958400,90084,1958400,90085,0,90086,0,90083,83,90085,50,90085,0,90086,0,89986,1,started,
90086,100,90086,1,90183,1007476,90185,1,90185,1573909,90186,320000,90186,0,90187,65,90189,28,90181,1958400,90183,1958400,90184,0,90185,0,90183,36,90184,100,90184,0,90185,0,90086,1,started,
90185,100,90185,1,90283,1007596,90285,1,90286,1504563,90286,320000,90286,0,90287,65,90289,28,90282,1958400,90284,1958400,90285,0,90285,0,90283,30,90284,100,90285,0,90285,0,90185,1,started,
90286,100,90286,1,90385,1008400,90394,1,90398,1205192,90402,320000,90403,0,90404,65,90412,26,90383,1267200,90386,1958400,90392,0,90397,0,90384,11,90390,100,90392,0,90398,0,90285,1,started,
90399,100,90401,1,90488,1009540,90491,1,90492,1885966,90493,320000,90494,0,90495,71,90499,30,90482,1958400,90488,1958400,90489,960000,90491,960000,90487,75,90489,88,90490,0,90492,0,90398,1,started,
90493,100,90493,1,90589,1009540,90601,1,90606,93210,90610,320000,90612,0,90613,8,90619,6,90584,1267200,90590,1267200,90595,960000,90601,960000,90587,12,90594,0,90599,18,90604,0,90492,1,started,
90608,100,90608,1,90685,1006636,90689,1,90691,718639,90692,320000,90693,0,90694,14,90699,12,90683,1958400,90686,1267200,90687,960000,90689,960000,90684,62,90687,0,90688,0,90691,0,90606,1,started,
90691,100,90692,1,90787,1006984,90794,1,90798,178589,90801,320000,90803,0,90805,36,90812,9,90783,1267200,90789,1267200,90793,0,90796,0,90785,30,90791,11,90794,0,90798,0,90691,1,started,
90800,100,90800,1,90885,1007440,90887,1,90887,1620140,90888,320000,90888,0,90889,62,90891,24,90884,1958400,90885,1958400,90886,0,90887,0,90885,50,90886,90,90886,0,90887,0,90798,1,started,
90887,100,90887,1,90985,1006928,90987,1,90988,1416163,90988,320000,90988,0,90989,80,90991,32,90984,1267200,90986,1958400,90986,0,90987,0,90985,60,90986,100,90987,0,90987,0,90887,1,started,
90988,100,90988,1,91086,1007176,91087,1,91088,1677928,91089,320000,91089,0,91089,71,91092,30,91084,1958400,91086,1958400,91087,0,91088,0,91085,45,91087,100,91087,0,91088,0,90987,1,started,
91088,100,91088,1,91186,1007548,91188,1,91188,1469890,91189,320000,91189,0,91190,61,91192,27,91185,1958400,91186,1958400,91187,0,91188,0,91186,27,91187,100,91187,0,91188,0,91088,1,started,
91188,100,91189,1,91286,1007672,91288,1,91289,1539236,91289,320000,91289,0,91290,61,91292,28,91285,1958400,91287,1958400,91287,0,91288,0,91286,100,91287,33,91288,0,91288,0,91188,1,started,
91289,100,91289,1,91388,1007800,91390,1,91390,1330052,91391,320000,91392,0,91393,71,91396,29,91386,1958400,91388,1267200,91389,0,91390,0,91387,100,91389,40,91389,0,91390,0,91288,1,started,
91391,100,91391,1,91487,1008980,91489,1,91489,1299914,91491,320000,91492,0,91494,70,91510,26,91486,1958400,91487,1267200,91488,0,91489,0,91487,100,91488,33,91488,0,91489,0,91390,1,started,
91489,100,91489,1,91588,1009424,91592,1,91593,2074178,91595,320000,91596,0,91597,74,91602,32,91586,1958400,91589,1958400,91591,960000,91593,0,91588,83,91590,83,91591,70,91593,0,91489,1,started,
91594,100,91594,1,91688,1009544,91691,1,91692,322134,91694,320000,91695,0,91695,14,91699,6,91686,1958400,91688,1958400,91690,960000,91691,0,91687,22,91689,0,91690,30,91691,0,91593,1,started,
91693,100,91693,1,91790,1006736,91794,1,91795,462883,91796,320000,91797,0,91798,16,91802,7,91787,1497600,91790,1958400,91792,1958400,91794,0,91789,18,91791,0,91793,30,91795,0,91692,1,started,
91795,100,91796,1,91889,1007236,91897,1,91901,432614,91904,320000,91906,0,91909,40,91920,16,91887,1267200,91890,1267200,91892,1958400,91899,0,91889,40,91891,60,91896,0,91899,0,91795,1,started,
91903,100,91903,1,91989,1006724,91991,1,91992,1920640,91993,320000,91994,0,91994,82,91997,30,91988,1958400,91989,1958400,91990,0,91991,0,91989,66,91990,100,91991,0,91991,0,91901,1,started,
91992,100,91992,1,92090,1006948,92093,1,92094,1354313,92095,320000,92095,0,92096,57,92099,25,92088,1958400,92091,1958400,92092,0,92093,0,92090,27,92092,90,92093,0,92094,0,91991,1,started,
92094,100,92094,1,92190,1007192,92191,1,92192,1388986,92193,320000,92193,0,92194,57,92196,21,92189,1958400,92190,1958400,92191,0,92192,0,92189,80,92191,40,92191,0,92192,0,92094,1,started,
92192,100,92193,1,92290,1007688,92293,1,92294,1446774,92294,320000,92295,0,92296,58,92298,24,92289,1958400,92291,1958400,92292,0,92293,0,92290,25,92291,100,92292,0,92293,0,92192,1,started,
92294,100,92294,1,92391,1007624,92394,1,92395,1157832,92396,320000,92396,0,92397,55,92400,23,92389,1958400,92391,1958400,92393,0,92394,0,92390,10,92392,90,92393,0,92394,0,92293,1,started,
92395,100,92395,1,92491,1007940,92494,1,92495,1504563,92495,320000,92496,0,92497,65,92499,26,92490,1958400,92491,1958400,92493,0,92494,0,92490,30,92492,100,92493,0,92494,0,92395,1,started,
92495,100,92495,1,92592,1009504,92594,1,92595,1286997,92596,320000,92596,0,92597,63,92619,27,92590,1267200,92592,1958400,92594,0,92595,0,92591,30,92593,100,92594,0,92595,0,92494,1,started,
92595,100,92595,1,92691,1009752,92694,1,92695,1238736,92696,320000,92696,0,92697,55,92699,19,92690,1958400,92692,1958400,92693,0,92694,0,92691,63,92693,44,92694,0,92695,0,92595,1,started,
92695,100,92695,1,92792,1009752,92794,1,92795,412176,92796,320000,92797,0,92797,20,92800,8,92791,1958400,92793,1497600,92794,0,92795,0,92792,30,92793,10,92794,0,92795,0,92695,1,started,
92796,100,92796,1,92892,1007160,92894,1,92895,562267,92895,320000,92896,0,92896,29,92898,11,92891,1958400,92893,1267200,92894,0,92894,0,92892,44,92893,12,92894,0,92895,0,92795,1,started,
92895,100,92895,1,92993,1007284,92995,1,92996,1334358,92997,320000,92997,0,92998,66,93001,25,92991,1267200,92994,1958400,92995,0,92996,0,92993,41,92995,100,92995,0,92996,0,92895,1,started,
92996,100,92996,1,93093,1007512,93095,1,93096,1312830,93096,320000,93097,0,93097,66,93104,26,93091,1267200,93094,1958400,93095,0,93095,0,93093,36,93094,100,93095,0,93096,0,92996,1,started,
93096,100,93096,1,93193,1007636,93195,1,93196,1735716,93196,320000,93196,0,93197,73,93200,31,93192,1958400,93194,1958400,93194,0,93195,0,93193,50,93194,100,93195,0,93195,0,93096,1,started,
93196,100,93196,1,93293,1008084,93295,1,93296,1388986,93296,320000,93296,0,93297,60,93299,25,93292,1958400,93294,1958400,93295,0,93295,0,93293,20,93294,100,93295,0,93295,0,93195,1,started,
93296,100,93296,1,93394,1008160,93396,1,93397,1411364,93397,320000,93398,0,93408,70,93411,29,93392,1497600,93394,1958400,93395,0,93396,0,93393,40,93395,100,93396,0,93396,0,93296,1,started,
93397,100,93397,1,93494,1007792,93496,1,93496,2024659,93497,320000,93497,0,93498,86,93500,36,93493,1958400,93494,1958400,93495,0,93496,0,93494,75,93495,100,93496,0,93496,0,93397,1,started,
93496,100,93497,1,93595,1005824,93596,1,93597,1620140,93597,320000,93598,0,93599,70,93606,30,93593,1958400,93595,1958400,93596,0,93597,0,93594,50,93596,90,93596,0,93597,0,93496,1,started,
93597,100,93597,1,93696,1005564,93697,1,93698,1932197,93699,320000,93700,0,93701,80,93704,34,93694,1958400,93696,1958400,93697,0,93697,0,93695,77,93697,90,93697,0,93698,0,93597,1,started,
93698,100,93698,1,93796,1006000,93800,1,93801,1852787,93802,320000,93803,0,93803,74,93815,35,93795,1958400,93796,1958400,93798,1497600,93800,0,93796,90,93797,63,93799,13,93801,0,93698,1,started,
93801,100,93802,1,93897,1006160,93900,1,93901,1730938,93901,200000,93902,0,93903,62,93907,36,93895,1958400,93897,1958400,93898,1267200,93900,0,93896,70,93898,55,93899,66,93900,0,93801,1,started,
93901,100,93901,1,93998,1006380,94001,1,94003,299387,94003,320000,94004,0,94005,7,94009,4,93996,1958400,93998,1267200,94000,1267200,94002,0,93997,22,93999,10,94001,0,94002,0,93900,1,started,
94003,100,94003,1,94098,1003320,94101,1,94102,525548,94112,320000,94113,0,94114,29,94118,14,94096,1958400,94098,1267200,94099,1267200,94101,0,94097,33,94099,33,94100,0,94101,0,94002,1,started,
94102,100,94104,1,94198,1003520,94200,1,94201,1128365,94201,320000,94202,0,94203,55,94206,18,94196,1958400,94198,1267200,94199,0,94200,0,94197,90,94199,20,94200,0,94201,0,94102,1,started,
94201,100,94201,1,94298,1004076,94300,1,94301,1252553,94302,320000,94303,0,94304,63,94307,24,94296,1958400,94298,1267200,94300,0,94301,0,94298,100,94299,22,94300,0,94301,0,94201,1,started,
94301,100,94301,1,94399,1004524,94401,1,94402,1080318,94403,320000,94405,0,94407,60,94414,22,94397,1958400,94399,1267200,94400,0,94401,0,94398,81,94400,33,94401,0,94402,0,94301,1,started,
94402,100,94402,1,94499,1004740,94501,1,94501,1527678,94502,320000,94502,0,94503,66,94506,24,94497,1958400,94499,1958400,94500,0,94501,0,94498,60,94500,72,94500,0,94501,0,94402,1,started,
94501,100,94502,1,94600,1005332,94604,1,94605,1243942,94607,320000,94608,0,94609,60,94614,25,94598,1958400,94600,1267200,94603,0,94604,0,94599,100,94602,20,94603,0,94605,0,94501,1,started,
94606,100,94606,1,94699,1005456,94701,1,94703,1504563,94703,320000,94704,0,94705,65,94707,27,94698,1958400,94700,1958400,94701,0,94702,0,94699,100,94700,30,94701,0,94702,0,94605,1,started,
94703,100,94703,1,94800,1006372,94804,1,94805,1265470,94806,320000,94807,0,94808,59,94812,26,94798,1958400,94801,1267200,94803,0,94804,0,94800,100,94802,25,94804,0,94805,0,94702,1,started,
94806,100,94806,1,94900,1007472,94904,1,94907,1210842,94908,320000,94908,0,94910,73,94924,26,94898,1958400,94900,1267200,94902,0,94904,0,94900,80,94902,66,94903,0,94906,0,94805,1,started,
94907,100,94907,1,95001,1007976,95003,1,95004,910800,95004,320000,95005,0,95006,50,95009,17,94999,1958400,95001,1267200,95002,0,95003,0,95000,60,95002,50,95003,0,95003,0,94906,1,started,
95004,100,95004,1,95101,1008224,95104,1,95106,79562,95107,320000,95107,0,95108,10,95112,3,95099,1958400,95102,1267200,95103,0,95105,0,95101,0,95103,18,95104,0,95105,0,95004,1,started,
95106,100,95106,1,95201,1005412,95204,1,95204,829667,95205,320000,95206,0,95207,55,95210,18,95199,1958400,95202,1267200,95203,0,95204,0,95201,50,95203,58,95203,0,95204,0,95105,1,started,
95205,100,95205,1,95301,1005820,95312,1,95314,1197253,95314,320000,95315,0,95316,65,95320,25,95300,1958400,95302,1267200,95304,0,95313,0,95301,90,95303,36,95304,0,95313,0,95204,1,started,
95314,100,95314,1,95403,1006456,95406,1,95407,1373107,95408,320000,95408,0,95409,70,95412,27,95401,1958400,95403,1267200,95405,0,95406,0,95402,100,95404,50,95405,0,95406,0,95313,1,started,
95407,100,95407,1,95502,1006704,95504,1,95505,1257531,95506,320000,95506,0,95507,68,95510,26,95500,1958400,95503,1267200,95504,0,95505,0,95502,90,95504,50,95504,0,95505,0,95407,1,started,
95505,100,95505,1,95602,1007324,95604,1,95605,1504563,95606,320000,95607,0,95607,65,95610,27,95601,1958400,95602,1958400,95604,0,95605,0,95602,100,95603,30,95604,0,95605,0,95505,1,started,
95605,100,95606,1,95702,1007572,95704,1,95705,1573909,95705,320000,95705,0,95706,66,95708,29,95701,1958400,95703,1958400,95704,0,95704,0,95702,100,95703,36,95704,0,95704,0,95605,1,started,
95705,100,95705,1,95807,1008316,95812,1,95815,1235331,95817,320000,95819,0,95821,60,95829,26,95803,1958400,95808,1267200,95810,0,95814,0,95805,100,95810,18,95812,0,95814,0,95705,1,started,
95816,100,95816,1,95903,1009940,95905,1,95906,1885966,95906,320000,95907,0,95907,75,95938,28,95902,1958400,95904,1958400,95905,0,95905,0,95903,63,95904,100,95905,0,95906,0,95815,1,started,
95906,100,95906,1,96008,1009340,96013,1,96015,1966870,96016,320000,96017,0,96019,90,96023,39,96006,1958400,96008,1958400,96012,0,96014,0,96007,90,96009,80,96013,0,96015,0,95906,1,started,
96015,100,96016,1,96108,1009536,96115,1,96116,2478325,96117,320000,96118,0,96118,89,96121,37,96107,1958400,96109,1958400,96113,1267200,96115,0,96108,77,96112,100,96114,100,96116,0,96015,1,started,
96116,100,96117,1,96208,1009452,96211,1,96211,1192505,96212,200000,96212,0,96213,32,96216,20,96207,1958400,96208,1958400,96210,1958400,96211,0,96208,33,96209,33,96210,37,96211,0,96116,1,started,
96211,100,96211,1,96309,1009452,96311,1,96313,244774,96313,320000,96314,0,96314,7,96318,4,96307,1958400,96309,1958400,96310,1958400,96312,0,96308,11,96310,10,96311,0,96312,0,96211,1,started,
96313,100,96313,1,96409,1006244,96413,1,96423,346504,96425,320000,96426,0,96428,36,96433,14,96408,1267200,96410,1267200,96411,0,96413,0,96409,25,96411,55,96412,0,96413,0,96312,1,started,
96424,100,96424,1,96509,1006600,96511,1,96512,1504563,96513,320000,96514,0,96514,63,96517,28,96508,1958400,96510,1958400,96511,0,96512,0,96509,30,96510,100,96511,0,96512,0,96423,1,started,
96513,100,96513,1,96610,1006848,96612,1,96613,1265470,96613,320000,96614,0,96615,66,96618,25,96608,1267200,96610,1958400,96611,0,96612,0,96609,25,96611,100,96612,0,96612,0,96512,1,started,
96613,100,96613,1,96710,1007212,96711,1,96712,1023659,96713,320000,96713,0,96714,60,96716,21,96708,1267200,96710,1958400,96711,0,96712,0,96709,44,96711,72,96711,0,96712,0,96613,1,started,
96712,100,96712,1,96810,1007688,96812,1,96812,1516120,96813,320000,96813,0,96814,63,96823,25,96809,1958400,96810,1958400,96811,0,96812,0,96810,54,96811,77,96811,0,96812,0,96712,1,started,
96812,100,96812,1,96910,1007812,96912,1,96922,1157832,96923,320000,96924,0,96924,56,96927,25,96909,1958400,96911,1958400,96912,0,96912,0,96910,0,96911,100,96912,0,96913,0,96812,1,started,
96922,100,96922,1,97011,1007936,97012,1,97013,1735716,97014,320000,97014,0,97015,75,97017,28,97009,1958400,97011,1958400,97012,0,97013,0,97010,50,97012,100,97012,0,97013,0,96913,1,started,
97013,100,97013,1,97111,1009652,97113,1,97113,1157832,97114,320000,97114,0,97115,52,97117,21,97110,1958400,97111,1958400,97112,0,97113,0,97111,90,97112,10,97113,0,97113,0,97013,1,started,
97114,100,97114,1,97211,1009940,97215,1,97216,1724159,97217,320000,97218,0,97218,66,97221,28,97210,1958400,97212,1958400,97215,0,97216,0,97211,88,97214,61,97215,0,97216,0,97113,1,started,
97217,100,97217,1,97312,1009996,97315,1,97316,2063,97317,320000,97317,0,97318,5,97321,2,97310,1958400,97313,1958400,97314,0,97315,0,97312,0,97314,0,97314,0,97315,0,97216,1,started,
97316,100,97316,1,97412,1006736,97414,1,97415,557207,97415,320000,97416,0,97417,25,97419,9,97411,1497600,97413,1958400,97414,0,97414,0,97412,11,97413,42,97414,0,97415,0,97316,1,started,
97415,100,97415,1,97517,1007208,97525,1,97528,1243942,97531,320000,97534,0,97536,65,97545,25,97512,1267200,97518,1958400,97523,0,97526,0,97516,20,97522,100,97525,0,97526,0,97415,1,started,
97528,100,97529,1,97613,1007580,97615,1,97616,1793505,97617,320000,97617,0,97618,75,97620,30,97611,1958400,97613,1958400,97614,0,97615,0,97612,55,97614,100,97615,0,97615,0,97528,1,started,
97616,100,97616,1,97713,1007828,97714,1,97717,1250293,97718,320000,97719,0,97720,52,97727,22,97711,1958400,97713,1958400,97714,0,97715,0,97712,36,97714,72,97714,0,97715,0,97616,1,started,
97717,100,97717,1,97813,1008200,97815,1,97815,1666370,97816,320000,97816,0,97817,73,97819,29,97812,1958400,97813,1958400,97814,0,97815,0,97813,44,97814,100,97815,0,97815,0,97716,1,started,
97815,100,97815,1,97914,1008348,97916,1,97918,1469890,97919,320000,97921,0,97922,61,97929,28,97912,1958400,97914,1958400,97915,0,97916,0,97913,27,97915,100,97916,0,97917,0,97815,1,started,
97918,100,97918,1,98015,1008844,98017,1,98018,1317136,98019,320000,98019,0,98020,72,98023,25,98013,1267200,98016,1958400,98017,0,98018,0,98014,37,98017,100,98017,0,98018,0,97918,1,started,
98018,100,98018,1,98115,1010476,98117,1,98118,1373107,98118,320000,98119,0,98120,73,98126,28,98113,1267200,98115,1958400,98116,0,98117,0,98114,50,98116,100,98117,0,98117,0,98018,1,started,
98118,100,98118,1,98215,1010576,98216,1,98217,1851293,98218,320000,98218,0,98219,80,98221,33,98213,1958400,98215,1958400,98216,0,98217,0,98214,80,98216,80,98216,0,98217,0,98118,1,started,
98217,100,98217,1,98315,1010460,98317,1,98317,868889,98318,320000,98318,0,98319,38,98321,16,98313,1958400,98315,1958400,98316,0,98317,0,98314,50,98316,25,98316,0,98317,0,98217,1,started,
98317,100,98317,1,98415,1010608,98417,1,98418,256332,98418,320000,98419,0,98420,10,98422,4,98414,1958400,98415,1267200,98416,0,98417,0,98415,22,98416,0,98417,0,98417,0,98317,1,started,
98418,100,98418,1,98515,1006136,98517,1,98518,958832,98518,320000,98519,0,98519,66,98521,23,98514,1958400,98516,1267200,98517,0,98517,0,98515,50,98516,88,98517,0,98517,0,98417,1,started,
98518,100,98518,1,98616,1006312,98617,1,98618,1666370,98618,320000,98619,0,98619,73,98622,26,98614,1958400,98616,1958400,98617,0,98618,0,98615,44,98617,100,98617,0,98618,0,98518,1,started,
98618,100,98618,1,98716,1006788,98718,1,98718,1539236,98719,320000,98719,0,98720,63,98723,28,98715,1958400,98716,1958400,98717,0,98718,0,98716,33,98717,100,98718,0,98718,0,98618,1,started,
98718,100,98719,1,98816,1006912,98818,1,98818,1666370,98819,320000,98819,0,98820,71,98822,29,98815,1958400,98816,1958400,98817,0,98818,0,98816,54,98817,90,98818,0,98818,0,98718,1,started,
98818,100,98819,1,98917,1007532,98918,1,98919,1412101,98919,320000,98920,0,98920,63,98925,26,98915,1958400,98917,1958400,98918,0,98918,0,98916,22,98918,100,98918,0,98919,0,98818,1,started,
98919,100,98919,1,99017,1007532,99018,1,99019,1620140,99019,320000,99020,0,99021,70,99023,28,99016,1958400,99017,1958400,99018,0,99019,0,99016,40,99018,100,99018,0,99019,0,98919,1,started,
99019,100,99019,1,99117,1008076,99119,1,99119,1631697,99120,320000,99120,0,99121,68,99124,30,99116,1958400,99117,1958400,99118,0,99119,0,99117,41,99118,100,99119,0,99119,0,99019,1,started,
99120,100,99120,1,99218,1009668,99221,1,99222,762581,99224,320000,99226,0,99230,60,99247,21,99217,1267200,99219,1958400,99220,0,99221,0,99218,80,99220,36,99220,0,99221,0,99119,1,started,
99222,100,99222,1,99318,1009504,99320,1,99321,1238736,99321,320000,99321,0,99322,47,99325,20,99317,1958400,99319,1958400,99319,0,99320,0,99318,63,99319,44,99320,0,99320,0,99222,1,started,
99321,100,99321,1,99420,1009616,99425,1,99428,163641,99429,320000,99431,0,99433,13,99437,5,99417,1958400,99421,1267200,99424,0,99426,0,99419,11,99423,8,99425,0,99427,0,99320,1,started,
99428,100,99429,1,99519,1006772,99521,1,99521,906952,99522,320000,99523,0,99524,55,99527,18,99518,1958400,99519,1267200,99520,0,99521,0,99519,66,99520,33,99521,0,99521,0,99427,1,started,
99521,100,99522,1,99620,1007144,99623,1,99625,1209498,99625,320000,99627,0,99628,61,99634,20,99618,1267200,99620,1958400,99622,0,99623,0,99619,12,99621,100,99623,0,99625,0,99521,1,started,
99625,100,99625,1,99720,1007392,99721,1,99722,1573909,99723,320000,99723,0,99724,66,99727,29,99718,1958400,99720,1958400,99721,0,99722,0,99719,36,99721,100,99721,0,99722,0,99625,1,started,
99722,100,99722,1,99820,1007640,99823,1,99823,1274753,99824,320000,99824,0,99825,71,99827,27,99819,1267200,99821,1958400,99822,0,99823,0,99820,54,99822,90,99822,0,99823,0,99722,1,started,
99823,100,99823,1,99922,1008212,99928,1,99931,1284966,99933,320000,99933,0,99936,61,99943,25,99920,1958400,99924,1958400,99927,0,99929,0,99921,11,99926,100,99928,0,99930,0,99823,1,started,
99931,100,99931,1,100020,1008212,100022,1,100023,1735716,100023,320000,100024,0,100024,70,100026,29,100019,1958400,100021,1958400,100022,0,100022,0,100020,50,100021,100,100022,0,100023,0,99930,1,started,
100023,100,100023,1,100122,1008852,100124,1,100125,1388986,100125,320000,100126,0,100127,60,100132,25,100120,1958400,100122,1958400,100123,0,100124,0,100121,20,100123,100,100124,0,100125,0,100023,1,started,
100125,100,100125,1,100222,1010304,100227,1,100229,1920640,100230,320000,100230,0,100231,80,100234,34,100220,1958400,100222,1958400,100225,0,100227,0,100221,66,100224,100,100226,0,100228,0,100125,1,started,
100229,100,100229,1,100322,1010284,100327,1,100328,2094005,100329,320000,100330,0,100330,70,100335,33,100320,1958400,100322,1958400,100325,1958400,100327,960000,100321,87,100324,72,100326,22,100328,0,100228,1,started,
100329,100,100329,1,100422,1010520,100424,1,100425,568389,100426,320000,100426,0,100427,12,100430,10,100420,1958400,100422,1958400,100423,1958400,100424,960000,100421,27,100423,0,100424,22,100425,0,100328,1,started,
100425,100,100425,1,100523,1008040,100526,1,100528,892005,100529,320000,100530,0,100531,19,100536,15,100521,1958400,100523,1958400,100525,1958400,100527,960000,100522,20,100524,27,100526,30,100528,0,100425,1,started,
100529,100,100529,1,100623,1008728,100625,1,100626,718639,100627,320000,100628,0,100628,36,100631,14,100621,1958400,100623,1958400,100624,1958400,100626,0,100622,22,100624,0,100625,40,100626,0,100528,1,started,
100627,100,100627,1,100723,1009100,100727,1,100728,1620140,100729,320000,100730,0,100730,44,100735,28,100721,1958400,100724,1958400,100725,1958400,100727,0,100723,40,100725,0,100726,100,100728,0,100626,1,started,
100728,100,100728,1,100824,1009096,100827,1,100828,350809,100829,320000,100829,0,100831,53,100845,11,100822,1267200,100824,1267200,100826,0,100827,0,100823,54,100826,27,100826,0,100827,0,100728,1,started,
100828,100,100828,1,100924,1008224,100926,1,100927,2683447,100928,320000,100928,0,100929,69,100932,23,100923,1958400,100924,1958400,100925,1958400,100927,0,100924,66,100925,66,100926,100,100927,0,100828,1,started,
100927,100,100927,1,101025,1005136,101028,1,101028,1577985,101029,320000,101029,0,101030,46,101033,28,101024,1958400,101025,1267200,101026,1958400,101028,0,101025,33,101026,9,101027,100,101028,0,100927,1,started,
101028,100,101028,1,101125,1005260,101128,1,101129,1348190,101130,320000,101131,0,101131,44,101137,4,101124,1958400,101126,1267200,101127,1958400,101129,0,101125,12,101127,12,101128,100,101129,0,101028,1,started,
101129,100,101130,1,101226,1006092,101228,1,101229,1205192,101229,320000,101230,0,101231,63,101238,20,101224,1958400,101226,1267200,101227,0,101228,0,101225,100,101227,11,101228,0,101229,0,101129,1,started,
101229,100,101229,1,101329,1007220,101332,1,101333,1874409,101334,320000,101335,0,101336,82,101343,33,101326,1958400,101329,1958400,101331,0,101332,0,101328,90,101331,72,101331,0,101333,0,101229,1,started,
101333,100,101334,1,101426,1007220,101427,1,101428,545274,101429,320000,101429,0,101430,15,101432,6,101424,1958400,101426,1958400,101427,0,101428,0,101425,22,101427,25,101427,0,101428,0,101333,1,started,
101428,100,101428,1,101526,1007328,101528,1,101528,117639,101529,320000,101529,0,101530,5,101533,2,101525,1958400,101526,1958400,101527,0,101528,0,101526,0,101527,10,101528,0,101528,0,101428,1,started,
101528,100,101529,1,101627,1004492,101629,1,101630,940266,101631,320000,101631,0,101632,50,101636,17,101625,1958400,101627,1267200,101629,0,101630,0,101626,70,101628,30,101629,0,101630,0,101528,1,started,
101630,100,101630,1,101728,1004992,101731,1,101732,1235331,101733,320000,101734,0,101735,60,101738,24,101726,1958400,101728,1267200,101730,0,101731,0,101727,100,101729,18,101730,0,101731,0,101630,1,started,
101732,100,101732,1,101827,1005488,101829,1,101829,1331197,101830,320000,101831,0,101831,52,101834,19,101826,1958400,101827,1958400,101828,0,101829,0,101827,25,101828,90,101829,0,101829,0,101732,1,started,
101830,100,101830,1,101928,1005736,101930,1,101931,1147400,101931,320000,101932,0,101935,65,101938,27,101926,1958400,101928,1497600,101929,0,101930,0,101927,81,101929,33,101930,0,101930,0,101829,1,started,
101931,100,101931,1,102028,1006108,102029,1,102030,1446774,102030,320000,102031,0,102032,64,102034,24,102026,1958400,102028,1958400,102029,0,102030,0,102027,25,102029,100,102029,0,102030,0,101930,1,started,
102030,100,102030,1,102128,1006480,102130,1,102131,1273409,102132,320000,102133,0,102134,57,102137,23,102127,1958400,102129,1958400,102130,0,102131,0,102128,100,102129,10,102130,0,102131,0,102030,1,started,
102131,100,102132,1,102229,1006728,102231,1,102243,1128365,102245,320000,102246,0,102247,57,102254,23,102227,1958400,102229,1267200,102231,0,102231,0,102228,90,102230,20,102231,0,102232,0,102131,1,started,
102243,100,102244,1,102329,1008092,102331,1,102332,1585466,102333,320000,102333,0,102334,72,102336,29,102328,1958400,102330,1958400,102331,0,102331,0,102329,37,102330,100,102331,0,102331,0,102232,1,started,
102332,100,102332,1,102430,1009160,102435,1,102438,1735716,102442,320000,102445,0,102447,77,102455,33,102429,1958400,102431,1958400,102432,0,102436,0,102430,80,102432,70,102434,0,102437,0,102332,1,started,
102440,100,102440,1,102531,1009552,102534,1,102536,2810582,102536,320000,102537,0,102538,73,102544,31,102529,1958400,102531,1958400,102533,1958400,102535,0,102530,80,102533,80,102534,83,102535,0,102438,1,started,
102536,100,102536,1,102637,1009756,102643,1,102646,464370,102647,320000,102648,0,102651,12,102658,8,102630,1958400,102638,1958400,102641,1958400,102644,0,102636,30,102640,0,102642,10,102644,0,102535,1,started,
102646,100,102646,1,102731,1009500,102736,1,102737,488498,102738,320000,102738,0,102739,17,102743,10,102730,1958400,102732,1958400,102734,960000,102736,0,102731,40,102733,0,102735,11,102737,0,102645,1,started,
102737,100,102737,1,102831,1006908,102833,1,102834,1273409,102835,320000,102835,0,102836,54,102838,20,102830,1958400,102832,1958400,102833,0,102834,0,102831,50,102833,60,102833,0,102834,0,102737,1,started,
102834,100,102834,1,102932,1007528,102935,1,102935,1205192,102936,320000,102937,0,102939,57,102945,23,102930,1267200,102933,1958400,102934,0,102935,0,102931,11,102934,100,102934,0,102935,0,102834,1,started,
102936,100,102936,1,103032,1007900,103034,1,103035,1735716,103035,320000,103036,0,103036,75,103038,30,103031,1958400,103033,1958400,103034,0,103034,0,103032,50,103033,100,103034,0,103034,0,102935,1,started,
103035,100,103035,1,103132,1008360,103134,1,103135,1151277,103135,320000,103136,0,103136,57,103138,24,103131,1958400,103133,1574400,103134,0,103134,0,103132,81,103133,30,103134,0,103134,0,103035,1,started,
103135,100,103135,1,103233,1008828,103235,1,103235,1539236,103236,320000,103236,0,103237,68,103239,27,103231,1958400,103233,1958400,103234,0,103235,0,103232,33,103234,100,103234,0,103235,0,103135,1,started,
103235,100,103235,1,103333,1007880,103335,1,103335,1441886,103336,320000,103336,0,103337,68,103339,30,103331,1958400,103333,1574400,103334,0,103335,0,103333,100,103334,40,103335,0,103335,0,103235,1,started,
103336,100,103336,1,103437,1008284,103441,1,103442,1273409,103443,320000,103443,0,103445,59,103451,23,103433,1958400,103437,1958400,103439,0,103442,0,103435,10,103439,100,103440,0,103442,0,103335,1,started,
103443,100,103443,1,103534,1009528,103536,1,103537,1178443,103538,320000,103538,0,103539,60,103543,24,103532,1267200,103534,1958400,103535,0,103536,0,103533,37,103535,88,103536,0,103537,0,103442,1,started,
103537,100,103537,1,103638,1009528,103641,1,103643,235247,103644,320000,103645,0,103648,22,103655,7,103633,1267200,103639,1958400,103640,0,103641,0,103637,30,103640,9,103641,0,103642,0,103537,1,started,
103643,100,103643,1,103735,1006168,103737,1,103738,674668,103739,320000,103739,0,103740,31,103743,12,103733,1958400,103735,1267200,103736,0,103737,0,103734,50,103736,22,103737,0,103738,0,103642,1,started,
103738,100,103738,1,103835,1006572,103836,1,103837,1342755,103837,320000,103838,0,103839,60,103841,21,103833,1958400,103835,1958400,103836,0,103837,0,103834,36,103836,80,103836,0,103837,0,103738,1,started,
103837,100,103837,1,103935,1007044,103937,1,103937,1412101,103938,320000,103938,0,103939,63,103941,26,103934,1958400,103935,1958400,103936,0,103937,0,103935,22,103936,100,103936,0,103937,0,103837,1,started,
103937,100,103937,1,104035,1007416,104037,1,104038,1631697,104038,320000,104039,0,104039,68,104044,28,104034,1958400,104036,1958400,104037,0,104037,0,104035,41,104036,100,104037,0,104037,0,103937,1,started,
104038,100,104038,1,104136,1007664,104138,1,104138,1366996,104139,320000,104139,0,104140,68,104143,28,104134,1497600,104136,1958400,104137,0,104138,0,104135,33,104137,100,104137,0,104138,0,104038,1,started,
104139,100,104139,1,104236,1007912,104239,1,104239,1312830,104240,320000,104240,0,104241,66,104245,27,104235,1267200,104237,1958400,104238,0,104239,0,104236,36,104238,100,104238,0,104239,0,104138,1,started,
104239,100,104240,1,104343,1008512,104352,1,104357,1243942,104360,320000,104362,0,104364,69,104373,26,104336,1267200,104345,1958400,104350,0,104353,0,104341,20,104348,100,104350,0,104355,0,104239,1,started,
104358,100,104358,1,104437,1009748,104438,1,104439,1885966,104439,320000,104440,0,104440,73,104443,31,104435,1958400,104437,1958400,104438,0,104439,0,104436,63,104438,100,104438,0,104439,0,104355,1,started,
104439,100,104439,1,104537,1010152,104539,1,104540,1666370,104544,320000,104545,0,104546,75,104548,32,104536,1958400,104538,1958400,104539,0,104539,0,104537,81,104538,63,104539,0,104540,0,104439,1,started,
104543,100,104543,1,104637,1010400,104639,1,104640,1643255,104640,320000,104641,0,104641,68,104644,29,104636,1958400,104638,1958400,104639,0,104639,0,104637,62,104638,80,104639,0,104640,0,104540,1,started,
104640,100,104640,1,104738,1010316,104739,1,104740,1323486,104741,320000,104741,0,104742,65,104745,27,104736,1958400,104738,1728000,104739,0,104739,0,104737,81,104739,44,104739,0,104740,0,104640,1,started,
104740,100,104740,1,104838,1010412,104840,1,104840,430447,104841,320000,104841,0,104842,23,104844,9,104837,1958400,104838,1497600,104839,0,104840,0,104837,25,104839,22,104839,0,104840,0,104740,1,started,
104840,100,104840,1,104939,1007256,104941,1,104943,225949,104944,320000,104945,0,104946,30,104950,9,104937,1267200,104939,1267200,104941,0,104942,0,104938,30,104940,22,104941,0,104942,0,104840,1,started,
104943,100,104944,1,105039,1007608,105042,1,105044,1351580,105045,320000,105045,0,105046,71,105049,25,105037,1267200,105040,1958400,105041,0,105043,0,105039,45,105041,100,105042,0,105043,0,104943,1,started,
105044,100,105044,1,105141,1008104,105148,1,105150,1200887,105152,320000,105153,0,105155,59,105162,24,105138,1267200,105142,1958400,105146,0,105148,0,105140,10,105144,100,105146,0,105150,0,105043,1,started,
105151,100,105152,1,105239,1008344,105242,1,105243,1781947,105244,320000,105244,0,105245,76,105247,31,105238,1958400,105239,1958400,105241,0,105242,0,105239,88,105241,66,105241,0,105243,0,105150,1,started,
105243,100,105243,1,105340,1008476,105342,1,105343,1388986,105344,320000,105345,0,105346,60,105348,25,105338,1958400,105340,1958400,105341,0,105343,0,105339,20,105341,100,105342,0,105343,0,105243,1,started,
105344,100,105344,1,105441,1008836,105444,1,105445,1205192,105448,320000,105449,0,105451,57,105460,24,105439,1267200,105441,1958400,105443,0,105444,0,105440,11,105443,100,105443,0,105445,0,105343,1,started,
105446,100,105447,1,105540,1009084,105543,1,105544,1735716,105545,320000,105545,0,105546,75,105549,30,105539,1958400,105541,1958400,105542,0,105543,0,105540,50,105541,100,105542,0,105544,0,105445,1,started,
105544,100,105544,1,105641,1010708,105644,1,105645,1265470,105646,320000,105647,0,105663,68,105668,26,105639,1267200,105641,1958400,105643,0,105644,0,105640,25,105643,100,105644,0,105645,0,105544,1,started,
105646,100,105646,1,105741,1010872,105743,1,105743,1319640,105744,320000,105744,0,105745,50,105747,21,105739,1958400,105741,1958400,105742,0,105743,0,105740,60,105742,54,105743,0,105743,0,105645,1,started,
105743,100,105744,1,105843,1010872,105845,1,105846,210101,105847,320000,105847,0,105848,10,105856,3,105840,1958400,105843,1958400,105844,0,105845,0,105842,18,105844,0,105845,0,105846,0,105743,1,started,
105846,100,105846,1,105942,1006912,105945,1,105947,609140,105948,320000,105949,0,105950,69,105954,28,105940,1267200,105943,1267200,105944,0,105946,0,105941,80,105944,61,105945,0,105947,0,105846,1,started,
105947,100,105948,1,106043,1007000,106046,1,106047,1243942,106048,320000,106049,0,106050,60,106053,22,106041,1958400,106043,1267200,106045,0,106046,0,106042,100,106044,20,106045,0,106046,0,105947,1,started,
106047,100,106047,1,106142,1007476,106144,1,106144,1458332,106145,320000,106145,0,106146,61,106148,21,106141,1958400,106142,1958400,106143,0,106144,0,106142,45,106143,81,106144,0,106144,0,106047,1,started,
106144,100,106144,1,106243,1007600,106245,1,106246,1573909,106247,320000,106247,0,106248,66,106250,29,106241,1958400,106243,1958400,106244,0,106245,0,106242,100,106244,36,106245,0,106246,0,106144,1,started,
106246,100,106246,1,106346,1007920,106352,1,106355,1200887,106356,320000,106358,0,106360,59,106368,25,106342,1958400,106347,1267200,106350,0,106353,0,106344,100,106350,10,106352,0,106353,0,106246,1,started,
106355,100,106355,1,106443,1008292,106445,1,106445,1620140,106446,320000,106446,0,106447,66,106449,28,106442,1958400,106443,1958400,106444,0,106445,0,106443,100,106444,40,106444,0,106445,0,106353,1,started,
106445,100,106445,1,106544,1008416,106547,1,106551,1205192,106552,320000,106554,0,106556,61,106564,25,106542,1958400,106545,1267200,106546,0,106549,0,106543,100,106546,11,106547,0,106550,0,106445,1,started,
106551,100,106551,1,106644,1009564,106646,1,106647,1330052,106648,320000,106648,0,106649,66,106653,26,106642,1958400,106645,1267200,106646,0,106647,0,106644,100,106645,40,106646,0,106647,0,106551,1,started,
106647,100,106647,1,106744,1010244,106747,1,106747,1239622,106748,320000,106748,0,106749,76,106752,27,106743,1958400,106745,1267200,106746,0,106747,0,106744,81,106746,70,106746,0,106747,0,106647,1,started,
106747,100,106748,1,106845,1010364,106847,1,106849,562038,106850,320000,106850,0,106851,30,106854,11,106843,1958400,106845,1267200,106847,0,106848,0,106844,41,106846,20,106847,0,106848,0,106747,1,started,
106849,100,106849,1,106946,1007196,106949,1,106950,174283,106952,320000,106953,0,106954,28,106958,9,106943,1267200,106946,1267200,106948,0,106949,0,106945,20,106947,20,106948,0,106950,0,106849,1,started,
106951,100,106951,1,107045,1007804,107047,1,107048,1735716,107048,320000,107048,0,107049,73,107051,22,107044,1958400,107046,1958400,107046,0,107047,0,107045,50,107046,100,107047,0,107047,0,106950,1,started,
107048,100,107048,1,107146,1008284,107147,1,107148,1243942,107149,320000,107149,0,107150,57,107152,25,107144,1267200,107146,1958400,107147,0,107148,0,107145,20,107147,100,107147,0,107148,0,107047,1,started,
107148,100,107148,1,107246,1008408,107247,1,107248,1157832,107248,320000,107249,0,107249,52,107252,21,107244,1958400,107246,1958400,107247,0,107248,0,107245,55,107247,45,107247,0,107248,0,107148,1,started,
107248,100,107248,1,107347,1008344,107350,1,107351,1252553,107352,320000,107353,0,107353,66,107358,27,107345,1958400,107347,1267200,107349,0,107350,0,107346,100,107348,22,107349,0,107350,0,107248,1,started,
107351,100,107351,1,107446,1008840,107448,1,107449,1631697,107449,320000,107449,0,107450,65,107453,28,107445,1958400,107447,1958400,107448,0,107448,0,107446,100,107447,41,107448,0,107448,0,107351,1,started,
107449,100,107449,1,107547,1008840,107549,1,107550,1286997,107551,320000,107551,0,107554,65,107560,28,107545,1958400,107548,1267200,107549,0,107550,0,107547,100,107549,30,107549,0,107550,0,107448,1,started,
107550,100,107550,1,107647,1009604,107649,1,107650,1412101,107650,320000,107650,0,107651,63,107654,24,107646,1958400,107647,1958400,107648,0,107649,0,107647,100,107648,22,107649,0,107649,0,107550,1,started,
107650,100,107650,1,107748,1010896,107750,1,107751,1373107,107752,320000,107754,0,107756,76,107775,32,107746,1958400,107749,1267200,107750,0,107751,0,107748,100,107749,50,107750,0,107751,0,107650,1,started,
107751,100,107751,1,107848,1010896,107849,1,107850,996024,107851,320000,107851,0,107852,36,107854,14,107846,1958400,107848,1958400,107849,0,107850,0,107847,50,107849,36,107849,0,107850,0,107751,1,started,
107850,100,107850,1,107948,1010896,107950,1,107951,211226,107952,320000,107952,0,107953,21,107956,6,107947,1497600,107949,1958400,107950,0,107951,0,107948,33,107949,0,107950,0,107951,0,107850,1,started,
107951,100,107951,1,108049,1007916,108052,1,108053,286226,108055,320000,108055,0,108057,35,108061,11,108047,1267200,108050,1267200,108051,0,108053,0,108049,55,108051,11,108051,0,108053,0,107951,1,started,
108054,100,108054,1,108149,1008260,108151,1,108153,1257531,108154,320000,108154,0,108155,77,108158,23,108147,1267200,108149,1958400,108151,0,108151,0,108149,50,108150,90,108151,0,108152,0,108053,1,started,
108153,100,108153,1,108257,1008756,108272,1,108273,1205192,108274,320000,108274,0,108275,62,108277,25,108248,1267200,108257,1958400,108272,0,108273,0,108253,11,108260,100,108272,0,108273,0,108152,1,started,
108273,100,108273,1,108349,1008584,108351,1,108352,1677928,108352,320000,108353,0,108354,68,108362,29,108348,1958400,108350,1958400,108351,0,108351,0,108349,45,108350,100,108351,0,108352,0,108273,1,started,
108352,100,108352,1,108450,1008956,108453,1,108455,1539236,108456,320000,108457,0,108459,63,108475,29,108448,1958400,108450,1958400,108452,0,108453,0,108449,33,108452,100,108453,0,108454,0,108352,1,started,
108455,100,108455,1,108550,1008244,108553,1,108553,1474747,108554,320000,108554,0,108555,77,108558,30,108549,1497600,108551,1958400,108552,0,108553,0,108550,50,108551,100,108552,0,108553,0,108455,1,started,
108553,100,108554,1,108651,1008492,108654,1,108655,1205192,108656,320000,108657,0,108657,57,108661,23,108649,1267200,108651,1958400,108654,0,108655,0,108650,11,108653,100,108654,0,108655,0,108553,1,started,
108655,100,108656,1,108751,1010068,108753,1,108755,1666370,108756,320000,108757,0,108758,73,108760,30,108749,1958400,108751,1958400,108753,0,108754,0,108750,44,108752,100,108753,0,108754,0,108655,1,started,
108755,100,108756,1,108851,1010308,108858,1,108859,1758832,108860,320000,108860,0,108861,77,108866,34,108850,1958400,108851,1958400,108857,0,108858,0,108851,62,108857,90,108858,0,108859,0,108754,1,started,
108859,100,108859,1,108951,1010516,108954,1,108954,2082447,108955,320000,108956,0,108957,89,108960,38,108950,1958400,108952,1958400,108953,0,108954,0,108951,90,108953,90,108953,0,108954,0,108859,1,started,
108954,100,108954,1,109052,1010556,109059,1,109065,1724159,109066,200000,109074,0,109080,79,109085,34,109050,1958400,109052,1958400,109058,0,109062,0,109051,77,109058,72,109059,0,109064,0,108954,1,started,
109065,100,109065,1,109152,1010876,109154,1,109158,2094005,109158,200000,109159,0,109160,88,109164,38,109151,1958400,109152,1958400,109153,0,109156,0,109151,81,109153,100,109154,0,109157,0,109065,1,started,
109158,100,109158,1,109252,1010960,109254,1,109255,1042255,109255,200000,109256,0,109257,42,109259,18,109251,1958400,109253,1958400,109254,0,109254,0,109252,60,109253,30,109254,0,109255,0,109157,1,started,
109255,100,109255,1,109353,1010916,109354,1,109355,408330,109356,320000,109356,0,109357,20,109359,8,109351,1728000,109353,1958400,109354,0,109355,0,109352,20,109354,20,109354,0,109355,0,109255,1,started,
109355,100,109355,1,109453,1007672,109455,1,109456,1068760,109456,320000,109456,0,109457,57,109471,22,109452,1267200,109453,1958400,109454,0,109455,0,109453,33,109454,80,109455,0,109455,0,109355,1,started,
109456,100,109456,1,109554,1008192,109557,1,109558,1286997,109559,320000,109560,0,109561,65,109564,27,109552,1267200,109555,1958400,109556,0,109557,0,109554,30,109556,100,109557,0,109558,0,109455,1,started,
109559,100,109559,1,109654,1008540,109657,1,109657,1334358,109659,320000,109660,0,109661,68,109664,27,109653,1267200,109655,1958400,109656,0,109657,0,109654,41,109656,100,109656,0,109657,0,109558,1,started,
109658,100,109658,1,109759,1008780,109770,1,109772,1252553,109775,320000,109777,0,109779,69,109788,26,109755,1267200,109761,1958400,109767,0,109770,0,109757,22,109766,100,109768,0,109772,0,109657,1,started,
109774,100,109774,1,109855,1009152,109857,1,109858,1816620,109859,320000,109859,0,109860,76,109862,28,109853,1958400,109855,1958400,109856,0,109857,0,109854,57,109856,100,109857,0,109858,0,109772,1,started,
109858,100,109858,1,109958,1009276,109967,1,109972,1265470,109974,320000,109976,0,109979,65,109984,28,109954,1267200,109960,1958400,109965,0,109969,0,109956,25,109964,100,109967,0,109970,0,109858,1,started,
109972,100,109974,1,110055,1010720,110056,1,110057,1805063,110058,320000,110058,0,110059,70,110061,27,110053,1958400,110055,1958400,110056,0,110057,0,110054,66,110056,90,110056,0,110057,0,109971,1,started,
110057,100,110057,1,110155,1011244,110157,1,110159,809956,110159,320000,110160,0,110161,50,110163,20,110154,1267200,110156,1958400,110157,0,110158,0,110155,40,110156,55,110157,0,110158,0,110057,1,started,
110159,100,110159,1,110256,1011244,110258,1,110259,510601,110260,320000,110260,0,110261,21,110263,8,110254,1958400,110256,1958400,110257,0,110258,0,110255,33,110257,11,110258,0,110259,0,110158,1,started,
110259,100,110259,1,110356,1008496,110357,1,110358,523284,110359,320000,110359,0,110360,31,110373,13,110354,1497600,110356,1958400,110357,0,110358,0,110355,33,110357,27,110357,0,110358,0,110259,1,started,
110358,100,110358,1,110456,1009212,110458,1,110458,1620140,110459,320000,110459,0,110460,70,110462,28,110455,1958400,110456,1958400,110457,0,110458,0,110456,40,110457,100,110457,0,110458,0,110358,1,started,
110458,100,110459,1,110556,1009584,110558,1,110559,1205192,110559,320000,110560,0,110560,57,110573,24,110555,1267200,110556,1958400,110557,0,110558,0,110556,11,110557,100,110558,0,110559,0,110458,1,started,
110559,100,110559,1,110657,1009832,110658,1,110659,1631697,110660,320000,110660,0,110661,68,110663,30,110655,1958400,110657,1958400,110658,0,110658,0,110656,41,110657,100,110658,0,110659,0,110559,1,started,
110659,100,110659,1,110757,1009832,110759,1,110760,1332946,110761,320000,110762,0,110763,63,110768,27,110756,1958400,110757,1728000,110758,0,110759,0,110757,100,110758,20,110759,0,110760,0,110659,1,started,
110760,100,110761,1,110857,1009956,110859,1,110860,1620140,110861,320000,110861,0,110862,66,110864,30,110856,1958400,110857,1958400,110858,0,110859,0,110857,100,110858,40,110859,0,110859,0,110760,1,started,
110860,100,110860,1,110958,1010300,110962,1,110963,1274081,110964,320000,110965,0,110967,65,110974,26,110956,1958400,110958,1267200,110961,0,110962,0,110957,100,110960,27,110961,0,110962,0,110860,1,started,
110963,100,110963,1,111058,1011804,111059,1,111061,1504563,111062,320000,111063,0,111064,65,111074,28,111056,1958400,111058,1958400,111059,0,111060,0,111057,100,111059,30,111059,0,111060,0,110963,1,started,
111061,100,111062,1,111162,1012436,111172,1,111181,1855310,111182,320000,111185,0,111186,92,111189,38,111157,1958400,111164,1728000,111167,960000,111173,0,111161,77,111166,100,111171,40,111177,0,111060,1,started,
111182,100,111182,1,111259,1012188,111266,1,111268,2598070,111268,320000,111269,0,111270,57,111283,38,111257,1958400,111261,1958400,111264,1958400,111266,960000,111259,60,111263,80,111265,70,111267,77,111181,1,started,
111268,100,111268,1,111359,1012184,111362,1,111364,1093087,111365,200000,111365,0,111366,35,111370,24,111358,1958400,111360,1497600,111361,1958400,111363,960000,111359,50,111360,27,111362,22,111364,40,111267,1,started,
111364,100,111364,1,111460,1012184,111464,1,111466,207856,111467,320000,111468,0,111469,7,111474,5,111458,1958400,111460,1267200,111462,1958400,111464,960000,111459,0,111461,11,111463,12,111465,9,111364,1,started,
111466,100,111466,1,111560,1009064,111564,1,111566,450118,111566,320000,111567,0,111568,23,111572,14,111558,1267200,111561,1267200,111562,1958400,111564,960000,111560,0,111562,30,111563,20,111565,40,111466,1,started,
111566,100,111566,1,111660,1008656,111662,1,111663,1286997,111665,320000,111665,0,111666,68,111669,22,111659,1267200,111660,1958400,111661,0,111663,0,111660,30,111661,100,111662,0,111663,0,111565,1,started,
111664,100,111664,1,111760,1008832,111762,1,111763,1388986,111764,320000,111765,0,111766,57,111768,24,111759,1958400,111761,1958400,111762,0,111763,0,111760,30,111761,90,111762,0,111763,0,111663,1,started,
111764,100,111764,1,111861,1009080,111863,1,111864,1469890,111864,320000,111865,0,111866,63,111869,27,111859,1958400,111861,1958400,111862,0,111863,0,111860,50,111862,77,111862,0,111863,0,111763,1,started,
111864,100,111864,1,111961,1009268,111964,1,111965,849224,111966,320000,111966,0,111967,55,111970,22,111960,1574400,111962,1958400,111963,0,111964,0,111961,90,111963,18,111963,0,111964,0,111863,1,started,
111965,100,111965,1,112061,1009516,112063,1,112063,1539236,112064,320000,112064,0,112065,63,112068,26,112060,1958400,112061,1958400,112062,0,112063,0,112061,33,112062,100,112063,0,112063,0,111965,1,started,
112064,100,112064,1,112162,1009640,112165,1,112167,1156344,112167,320000,112168,0,112169,55,112172,23,112160,1958400,112163,1497600,112164,0,112165,0,112161,90,112164,18,112164,0,112166,0,112063,1,started,
112167,100,112167,1,112262,1010980,112264,1,112264,1481447,112265,320000,112265,0,112266,64,112269,24,112261,1958400,112262,1958400,112263,0,112264,0,112261,28,112263,100,112263,0,112264,0,112166,1,started,
112264,100,112265,1,112362,1011840,112364,1,112365,902155,112366,320000,112366,0,112367,47,112369,19,112361,1728000,112363,1958400,112364,0,112365,0,112362,50,112364,40,112364,0,112365,0,112264,1,started,
112365,100,112365,1,112462,1011840,112465,1,112466,106082,112466,320000,112467,0,112468,9,112471,3,112461,1728000,112463,1958400,112464,0,112465,0,112462,0,112464,9,112464,0,112465,0,112365,1,started,
112466,100,112466,1,112563,1008556,112565,1,112566,653813,112567,320000,112567,0,112569,38,112572,15,112561,1958400,112564,1267200,112565,0,112566,0,112563,40,112564,44,112565,0,112566,0,112466,1,started,
112566,100,112567,1,112614,1009052,112616,1,112617,1330052,112617,320000,112618,0,112618,70,112621,27,112612,1958400,112614,1267200,112615,0,112616,0,112613,100,112615,40,112616,0,112616,0,112566,1,started,
112617,100,112617,1,112714,1009176,112716,1,112717,1049034,112717,320000,112718,0,112719,63,112722,22,112712,1958400,112714,1267200,112715,0,112716,0,112713,66,112715,66,112716,0,112716,0,112616,1,started,
112717,100,112717,1,112814,1009412,112815,1,112816,1365870,112816,320000,112817,0,112817,60,112819,25,112812,1958400,112814,1958400,112815,0,112815,0,112813,18,112814,100,112815,0,112816,0,112717,1,started,
112816,100,112816,1,112914,1009784,112915,1,112916,1342755,112917,320000,112917,0,112917,68,112920,25,112912,1958400,112914,1958400,112915,0,112916,0,112913,16,112915,100,112915,0,112916,0,112816,1,started,
112916,100,112916,1,113014,1010156,113016,1,113017,1256859,113018,320000,113018,0,113022,56,113030,25,113013,1267200,113015,1958400,113016,0,113017,0,113014,23,113016,100,113016,0,113017,0,112916,1,started,
113017,100,113017,1,113114,1010156,113116,1,113116,1735716,113117,320000,113117,0,113118,77,113120,29,113113,1958400,113115,1958400,113115,0,113116,0,113114,50,113115,100,113116,0,113116,0,113017,1,started,
113117,100,113117,1,113215,1011164,113222,1,113226,1205192,113229,320000,113229,0,113233,61,113242,26,113213,1267200,113216,1958400,113220,0,113224,0,113215,11,113219,100,113222,0,113225,0,113116,1,started,
113227,100,113227,1,113320,1012440,113323,1,113326,1966870,113327,320000,113327,0,113328,80,113331,31,113318,1958400,113320,1958400,113321,1958400,113323,0,113319,80,113321,90,113322,0,113326,0,113226,1,started,
113326,100,113326,1,113415,1012992,113418,1,113418,1380633,113419,320000,113420,0,113421,38,113426,24,113414,1958400,113416,1958400,113417,960000,113418,0,113415,77,113416,40,113417,12,113418,0,113326,1,started,
113418,100,113419,1,113516,1008064,113518,1,113519,843833,113519,320000,113520,0,113520,34,113524,18,113514,1958400,113516,1958400,113517,960000,113518,0,113515,30,113517,36,113518,36,113519,0,113418,1,started,
113519,100,113519,1,113616,1004160,113619,1,113620,319327,113621,320000,113621,0,113622,21,113626,12,113615,1267200,113616,1958400,113617,960000,113619,0,113616,20,113617,20,113618,0,113620,0,113519,1,started,
113620,100,113620,1,113716,1004696,113718,1,113719,1666370,113719,320000,113720,0,113720,70,113722,27,113715,1958400,113717,1958400,113718,0,113718,0,113716,54,113717,90,113718,0,113719,0,113620,1,started,
113719,100,113719,1,113817,1005268,113819,1,113820,1273409,113821,320000,113821,0,113822,52,113825,25,113815,1958400,113817,1958400,113818,0,113819,0,113816,100,113818,10,113819,0,113820,0,113719,1,started,
113820,100,113820,1,113917,1005640,113919,1,113919,1585466,113920,320000,113921,0,113921,72,113924,27,113915,1958400,113917,1958400,113918,0,113919,0,113917,37,113918,100,113919,0,113919,0,113820,1,started,
113920,100,113920,1,114018,1005988,114021,1,114022,1105638,114023,320000,114024,0,114025,54,114028,22,114016,1958400,114018,1497600,114020,0,114021,0,114017,90,114019,10,114020,0,114021,0,113919,1,started,
114022,100,114022,1,114118,1006484,114120,1,114121,842126,114121,320000,114122,0,114123,55,114125,18,114116,1958400,114118,1267200,114119,0,114120,0,114117,44,114119,77,114120,0,114121,0,114022,1,started,
114121,100,114121,1,114218,1006608,114220,1,114220,1388986,114221,320000,114221,0,114222,61,114224,28,114216,1958400,114218,1958400,114219,0,114220,0,114217,70,114219,50,114219,0,114220,0,114121,1,started,
114220,100,114220,1,114318,1007736,114321,1,114322,1273409,114323,320000,114324,0,114325,59,114328,23,114317,1958400,114319,1958400,114320,0,114321,0,114318,100,114320,10,114320,0,114321,0,114220,1,started,
114322,100,114322,1,114419,1009112,114436,1,114438,1016850,114442,320000,114443,0,114444,73,114455,26,114417,1958400,114419,1267200,114427,0,114436,0,114418,58,114420,80,114431,0,114437,0,114322,1,started,
114438,100,114438,1,114520,1009352,114524,1,114525,982525,114526,320000,114526,0,114527,16,114532,9,114518,1958400,114520,1958400,114522,960000,114524,0,114519,45,114521,33,114523,36,114525,0,114437,1,started,
114525,100,114525,1,114620,1009580,114624,1,114625,427334,114625,320000,114626,0,114627,17,114632,8,114618,1958400,114620,1267200,114622,960000,114624,0,114619,33,114621,0,114623,20,114624,0,114525,1,started,
114625,100,114625,1,114720,1006916,114725,1,114727,396154,114728,320000,114729,0,114730,24,114733,8,114718,1958400,114721,1267200,114723,960000,114726,0,114720,30,114722,11,114725,0,114726,0,114625,1,started,
114727,100,114727,1,114821,1006836,114823,1,114825,980146,114826,320000,114826,0,114827,65,114831,21,114819,1958400,114821,1267200,114823,0,114824,0,114820,66,114822,50,114823,0,114824,0,114727,1,started,
114825,100,114825,1,114921,1007496,114923,1,114924,1184337,114925,320000,114925,0,114926,61,114928,23,114919,1958400,114921,1267200,114923,0,114924,0,114920,90,114922,33,114923,0,114924,0,114824,1,started,
114924,100,114924,1,115021,1007744,115023,1,115025,1504563,115025,320000,115026,0,115027,65,115029,28,115019,1958400,115021,1958400,115022,0,115024,0,115020,30,115022,100,115023,0,115024,0,114924,1,started,
115025,100,115025,1,115121,1008116,115124,1,115125,1469890,115126,320000,115127,0,115127,60,115130,25,115120,1958400,115122,1958400,115123,0,115124,0,115121,100,115123,27,115124,0,115125,0,115024,1,started,
115125,100,115126,1,115224,1008736,115229,1,115233,1200887,115234,320000,115235,0,115238,59,115245,24,115220,1958400,115226,1267200,115228,0,115231,0,115223,100,115227,10,115229,0,115231,0,115125,1,started,
115233,100,115233,1,115322,1008860,115324,1,115325,1735716,115326,320000,115327,0,115327,72,115330,29,115320,1958400,115322,1958400,115324,0,115325,0,115321,100,115323,50,115324,0,115325,0,115232,1,started,
115325,100,115326,1,115422,1010036,115425,1,115426,1093921,115427,320000,115428,0,115429,57,115437,21,115421,1958400,115422,1267200,115424,0,115425,0,115422,90,115424,12,115424,0,115426,0,115325,1,started,
115426,100,115426,1,115523,1011304,115525,1,115525,2024659,115526,320000,115526,0,115527,86,115533,34,115521,1958400,115523,1958400,115524,0,115525,0,115522,75,115524,100,115524,0,115525,0,115426,1,started,
115525,100,115526,1,115623,1011652,115627,1,115627,2001543,115628,320000,115636,0,115640,87,115646,37,115621,1958400,115624,1958400,115626,0,115627,0,115623,90,115626,83,115626,0,115627,0,115525,1,started,
115627,100,115628,1,115723,1011724,115725,1,115726,846900,115726,320000,115727,0,115728,35,115730,15,115721,1958400,115723,1497600,115725,0,115725,0,115723,55,115724,33,115725,0,115726,0,115627,1,started,
115726,100,115726,1,115824,1011916,115827,1,115828,165000,115829,320000,115830,0,115831,10,115834,3,115822,1958400,115824,1267200,115826,0,115827,0,115823,10,115825,11,115826,0,115828,0,115726,1,started,
115828,100,115829,1,115924,1009384,115926,1,115927,795223,115928,320000,115928,0,115929,52,115934,18,115922,1958400,115924,1267200,115926,0,115926,0,115923,50,115925,50,115926,0,115927,0,115828,1,started,
115927,100,115927,1,116024,1008660,116025,1,116026,1712601,116026,320000,116027,0,116027,73,116029,30,116022,1958400,116024,1958400,116025,0,116025,0,116023,60,116025,88,116025,0,116026,0,115927,1,started,
116026,100,116026,1,116130,1008884,116143,1,116145,1157832,116154,320000,116155,0,116156,64,116160,26,116124,1267200,116131,1958400,116141,0,116143,0,116128,0,116140,100,116141,0,116145,0,116026,1,started,
116153,100,116153,1,116224,1009008,116226,1,116227,1851293,116227,320000,116227,0,116228,73,116230,30,116223,1958400,116225,1958400,116225,0,116226,0,116224,100,116225,60,116226,0,116226,0,116145,1,started,
116227,100,116227,1,116327,1009684,116331,1,116334,1157832,116335,320000,116335,0,116337,60,116342,23,116324,1267200,116328,1958400,116330,0,116332,0,116326,0,116329,100,116330,0,116333,0,116226,1,started,
116334,100,116334,1,116425,1009684,116427,1,116429,1299914,116430,320000,116431,0,116432,64,116435,26,116424,1267200,116426,1958400,116427,0,116428,0,116425,33,116427,100,116427,0,116429,0,116333,1,started,
116429,100,116430,1,116527,1010180,116533,1,116535,1243942,116537,320000,116538,0,116539,63,116547,24,116524,1267200,116528,1958400,116531,0,116533,0,116526,20,116530,100,116532,0,116534,0,116429,1,started,
116535,100,116536,1,116626,1011132,116628,1,116629,1078043,116630,320000,116630,0,116631,62,116634,22,116624,1267200,116626,1958400,116628,0,116629,0,116626,62,116627,70,116628,0,116629,0,116535,1,started,
116629,100,116629,1,116726,1011456,116728,1,116729,811987,116730,320000,116731,0,116733,57,116737,19,116725,1267200,116727,1958400,116728,0,116729,0,116726,70,116727,44,116728,0,116729,0,116629,1,started,
116729,100,116729,1,116826,1011456,116828,1,116828,348793,116829,320000,116829,0,116830,15,116832,4,116825,1958400,116826,1497600,116827,0,116828,0,116826,30,116827,0,116828,0,116828,0,116729,1,started,
116829,100,116829,1,116927,1008440,116929,1,116930,255595,116930,320000,116931,0,116931,21,116935,8,116925,1497600,116927,1267200,116928,0,116929,0,116926,40,116928,0,116929,0,116929,0,116828,1,started,
116930,100,116930,1,117027,1009088,117029,1,117030,1128365,117031,320000,117031,0,117036,57,117039,17,117025,1267200,117028,1958400,117029,0,117030,0,117027,20,117029,90,117029,0,117030,0,116930,1,started,
117030,100,117030,1,117127,1009456,117129,1,117130,1885966,117130,320000,117130,0,117131,80,117138,32,117126,1958400,117128,1958400,117128,0,117129,0,117127,63,117128,100,117129,0,117129,0,117030,1,started,
117130,100,117130,1,117228,1009828,117229,1,117230,1539236,117230,320000,117231,0,117231,68,117234,30,117226,1958400,117228,1958400,117229,0,117230,0,117227,33,117229,100,117229,0,117230,0,117129,1,started,
117230,100,117230,1,117328,1009928,117331,1,117332,1297274,117333,320000,117334,0,117335,66,117337,26,117326,1497600,117329,1958400,117330,0,117331,0,117328,22,117330,100,117331,0,117332,0,117230,1,started,
117333,100,117333,1,117434,1010176,117439,1,117443,1243942,117444,320000,117444,0,117447,63,117454,25,117427,1267200,117434,1958400,117437,0,117441,0,117431,20,117437,100,117439,0,117441,0,117332,1,started,
117443,100,117443,1,117528,1010424,117530,1,117531,1781947,117531,320000,117532,0,117533,73,117536,31,117527,1958400,117529,1958400,117530,0,117530,0,117528,54,117529,100,117530,0,117531,0,117443,1,started,
117531,100,117531,1,117629,1011908,117631,1,117632,1274081,117633,320000,117634,0,117634,61,117637,26,117627,1267200,117630,1958400,117631,0,117632,0,117629,27,117630,100,117631,0,117632,0,117531,1,started,
117633,100,117633,1,117729,1012280,117731,1,117731,1932197,117732,320000,117732,0,117733,84,117740,33,117728,1958400,117729,1958400,117730,0,117731,0,117729,77,117730,90,117731,0,117731,0,117632,1,started,
117731,100,117732,1,117829,1012316,117831,1,117832,880447,117833,320000,117833,0,117834,35,117837,15,117828,1958400,117830,1958400,117831,0,117831,0,117829,36,117830,40,117831,0,117832,0,117731,1,started,
117832,100,117832,1,117930,1012316,117932,1,117933,475928,117934,320000,117935,0,117936,20,117939,8,117928,1958400,117930,1958400,117931,0,117933,0,117929,30,117931,11,117932,0,117933,0,117832,1,started,
117934,100,117934,1,118030,1009516,118032,1,118032,1053813,118033,320000,118033,0,118034,47,118036,15,118029,1958400,118030,1958400,118031,0,118032,0,118030,25,118031,66,118031,0,118032,0,117933,1,started,
118032,100,118033,1,118131,1009620,118134,1,118135,1119754,118136,320000,118137,0,118138,55,118141,23,118129,1958400,118131,1267200,118133,0,118134,0,118130,90,118133,18,118133,0,118135,0,118032,1,started,
118135,100,118136,1,118231,1010080,118234,1,118235,1200887,118236,320000,118237,0,118238,55,118241,23,118229,1958400,118232,1267200,118233,0,118234,0,118231,100,118233,10,118234,0,118235,0,118135,1,started,
118236,100,118236,1,118332,1010204,118335,1,118336,1235331,118337,320000,118337,0,118339,57,118342,24,118330,1958400,118332,1267200,118334,0,118335,0,118331,100,118333,18,118334,0,118335,0,118235,1,started,
118336,100,118336,1,118431,1010452,118433,1,118434,1620140,118434,320000,118434,0,118435,68,118437,25,118430,1958400,118431,1958400,118432,0,118433,0,118431,40,118432,100,118433,0,118433,0,118336,1,started,
118434,100,118434,1,118532,1010700,118544,1,118545,1328966,118550,320000,118551,0,118552,61,118555,27,118530,1958400,118533,1497600,118543,0,118544,0,118532,100,118542,27,118543,0,118545,0,118433,1,started,
118550,100,118550,1,118632,1010084,118634,1,118635,1793505,118635,320000,118635,0,118636,77,118638,31,118631,1958400,118633,1958400,118633,0,118634,0,118632,100,118633,55,118634,0,118634,0,118545,1,started,
118635,100,118635,1,118733,1011000,118734,1,118735,1480040,118735,320000,118736,0,118736,70,118739,30,118731,1958400,118733,1728000,118734,0,118734,0,118732,90,118734,50,118734,0,118735,0,118634,1,started,
118735,100,118735,1,118833,1011588,118835,1,118836,1354313,118836,320000,118837,0,118838,57,118840,23,118832,1958400,118833,1958400,118835,0,118835,0,118833,45,118834,72,118835,0,118836,0,118735,1,started,
118836,100,118836,1,118934,1011588,118938,1,118939,235476,118940,320000,118940,0,118941,17,118944,7,118932,1267200,118935,1958400,118937,0,118938,0,118934,22,118936,12,118937,0,118938,0,118836,1,started,
118939,100,118939,1,119034,1008252,119037,1,119038,388215,119038,320000,119039,0,119040,28,119043,9,119033,1267200,119035,1958400,119036,0,119037,0,119034,36,119036,20,119036,0,119037,0,118939,1,started,
119038,100,119038,1,119134,1009152,119137,1,119137,1299914,119138,320000,119138,0,119139,68,119143,26,119133,1267200,119135,1958400,119136,0,119137,0,119134,33,119136,100,119136,0,119137,0,119037,1,started,
119138,100,119138,1,119236,1009524,119243,1,119247,1312830,119249,320000,119251,0,119253,69,119262,28,119233,1267200,119236,1958400,119240,0,119244,0,119235,36,119240,100,119242,0,119245,0,119137,1,started,
119247,100,119247,1,119336,1009704,119338,1,119340,1390330,119341,320000,119341,0,119342,73,119345,30,119334,1267200,119336,1958400,119338,0,119339,0,119335,54,119337,100,119338,0,119339,0,119245,1,started,
119340,100,119340,1,119436,1010076,119440,1,119443,1317136,119445,320000,119449,0,119450,75,119453,26,119434,1267200,119436,1958400,119438,0,119442,0,119435,37,119437,100,119438,0,119443,0,119339,1,started,
119445,100,119445,1,119536,1010076,119539,1,119540,1334358,119541,320000,119542,0,119543,68,119546,29,119534,1267200,119537,1958400,119538,0,119539,0,119536,41,119538,100,119539,0,119540,0,119443,1,started,
119541,100,119541,1,119637,1010716,119641,1,119646,1299914,119647,320000,119649,0,119654,68,119661,27,119635,1267200,119638,1958400,119640,0,119642,0,119636,33,119639,100,119641,0,119644,0,119540,1,started,
119646,100,119646,1,119737,1011784,119739,1,119739,1735716,119741,320000,119741,0,119742,73,119745,30,119736,1958400,119737,1958400,119738,0,119739,0,119737,60,119738,90,119739,0,119739,0,119645,1,started,
119739,100,119740,1,119839,1012280,119842,1,119843,1932197,119844,320000,119847,0,119848,85,119855,36,119836,1958400,119840,1958400,119841,0,119842,0,119838,77,119841,90,119841,0,119843,0,119739,1,started,
119843,100,119844,1,119938,1012488,119941,1,119941,1666032,119942,320000,119943,0,119944,65,119947,29,119937,1958400,119939,1958400,119940,960000,119941,0,119938,70,119939,66,119941,42,119941,0,119843,1,started,
119942,100,119942,1,120039,1012612,120042,1,120043,1180947,120043,200000,120044,0,120045,29,120048,17,120037,1958400,120039,1958400,120040,1958400,120042,0,120038,27,120040,30,120041,45,120042,0,119941,1,started,
120043,100,120043,1,120139,1012704,120141,1,120142,371909,120143,320000,120143,0,120144,10,120148,6,120137,1958400,120139,1958400,120140,1958400,120141,0,120138,12,120140,20,120141,0,120142,0,120042,1,started,
120142,100,120142,1,120240,1009856,120243,1,120245,979688,120246,320000,120247,0,120248,43,120252,10,120238,1267200,120240,1267200,120241,1958400,120244,0,120239,33,120241,33,120242,60,120245,0,120142,1,started,
120246,100,120246,1,120341,1009676,120345,1,120348,1274081,120349,320000,120350,0,120351,60,120355,18,120339,1958400,120342,1267200,120344,0,120347,0,120340,100,120343,27,120344,0,120348,0,120245,1,started,
120349,100,120349,1,120440,1010172,120442,1,120443,1539236,120444,320000,120444,0,120445,70,120447,29,120438,1958400,120440,1958400,120441,0,120442,0,120439,100,120441,33,120442,0,120443,0,120348,1,started,
120443,100,120443,1,120540,1010380,120542,1,120543,1412101,120545,320000,120545,0,120547,61,120551,26,120539,1958400,120540,1958400,120541,0,120542,0,120540,50,120541,72,120541,0,120542,0,120443,1,started,
120543,100,120544,1,120640,1010748,120642,1,120643,1446774,120644,320000,120644,0,120645,66,120647,27,120639,1958400,120641,1958400,120641,0,120642,0,120640,100,120641,25,120642,0,120643,0,120543,1,started,
120643,100,120643,1,120741,1010996,120743,1,120744,1386011,120746,320000,120748,0,120748,66,120753,28,120739,1958400,120741,1497600,120742,0,120744,0,120740,100,120742,36,120743,0,120744,0,120643,1,started,
120745,100,120745,1,120841,1011624,120843,1,120844,1412101,120844,320000,120844,0,120845,61,120847,24,120840,1958400,120841,1958400,120843,0,120843,0,120841,100,120842,22,120843,0,120843,0,120744,1,started,
120844,100,120844,1,120943,1012944,120945,1,120946,1350457,120946,320000,120947,0,120947,63,120950,26,120941,1728000,120943,1958400,120944,0,120945,0,120943,22,120944,100,120945,0,120945,0,120844,1,started,
120946,100,120946,1,121043,1012776,121045,1,121045,1042255,121046,320000,121046,0,121047,45,121049,18,121041,1958400,121043,1958400,121044,0,121045,0,121042,45,121044,45,121045,0,121045,0,120945,1,started,
121045,100,121046,1,121144,1013052,121154,1,121155,217338,121160,320000,121161,0,121162,26,121166,10,121141,1267200,121144,1267200,121154,0,121155,0,121143,41,121153,9,121154,0,121155,0,121045,1,started,
121159,100,121159,1,121243,1009268,121245,1,121246,1078043,121246,320000,121246,0,121247,64,121249,19,121242,1958400,121243,1267200,121244,0,121245,0,121243,70,121244,62,121245,0,121245,0,121155,1,started,
121246,100,121246,1,121344,1009388,121347,1,121348,1284966,121349,320000,121349,0,121350,57,121353,18,121342,1958400,121345,1958400,121346,0,121347,0,121344,11,121345,100,121346,0,121347,0,121245,1,started,
121348,100,121348,1,121445,1009760,121448,1,121449,1388986,121450,320000,121451,0,121451,60,121454,25,121443,1958400,121445,1958400,121448,0,121449,0,121444,20,121447,100,121448,0,121449,0,121348,1,started,
121450,100,121450,1,121546,1009760,121548,1,121550,1274081,121551,320000,121551,0,121552,61,121555,28,121544,1267200,121546,1958400,121548,0,121549,0,121545,27,121547,100,121548,0,121549,0,121449,1,started,
121550,100,121550,1,121647,1010008,121653,1,121655,1235331,121658,320000,121660,0,121662,60,121668,25,121644,1267200,121648,1958400,121651,0,121654,0,121646,18,121650,100,121652,0,121655,0,121549,1,started,
121656,100,121656,1,121745,1010380,121747,1,121747,1735716,121748,320000,121748,0,121749,72,121751,29,121744,1958400,121745,1958400,121746,0,121747,0,121745,50,121746,100,121747,0,121747,0,121655,1,started,
121747,100,121748,1,121845,1010380,121847,1,121847,1412101,121848,320000,121848,0,121849,63,121851,26,121844,1958400,121846,1958400,121846,0,121847,0,121845,22,121846,100,121847,0,121847,0,121747,1,started,
121848,100,121848,1,121946,1011404,121948,1,121949,1347981,121949,320000,121950,0,121950,65,121954,27,121944,1497600,121946,1958400,121947,0,121948,0,121945,30,121947,100,121948,0,121948,0,121847,1,started,
121949,100,121949,1,122047,1012360,122060,1,122070,1198154,122079,320000,122080,0,122082,76,122088,29,122046,1267200,122050,1958400,122055,0,122063,0,122047,55,122054,83,122060,0,122067,0,121948,1,started,
122074,100,122078,1,122147,1012492,122149,1,122150,1527678,122150,320000,122151,0,122152,38,122155,20,122146,1958400,122147,1958400,122148,1958400,122150,0,122147,77,122148,55,122149,0,122150,0,122070,1,started,
122150,100,122150,1,122251,1012616,122256,1,122258,233216,122260,320000,122261,0,122264,11,122269,4,122247,1958400,122251,1958400,122254,1958400,122257,0,122249,11,122253,9,122256,0,122258,0,122150,1,started,
122259,100,122260,1,122348,1009556,122350,1,122351,1007834,122351,320000,122352,0,122352,36,122355,25,122346,1958400,122348,1958400,122349,960000,122350,0,122347,50,122349,30,122350,37,122350,0,122258,1,started,
122351,100,122351,1,122449,1010072,122452,1,122453,1412101,122454,320000,122454,0,122456,45,122460,24,122447,1958400,122449,1958400,122451,1958400,122452,0,122448,22,122450,0,122452,100,122453,0,122350,1,started,
122453,100,122453,1,122549,1010576,122552,1,122553,1330052,122553,320000,122554,0,122555,46,122559,29,122547,1267200,122549,1267200,122551,1958400,122552,0,122548,20,122550,20,122552,100,122553,0,122453,1,started,
122553,100,122553,1,122649,1010388,122652,1,122654,1163481,122655,320000,122656,0,122657,71,122660,21,122648,1267200,122650,1958400,122651,0,122653,0,122649,55,122651,80,122651,0,122654,0,122553,1,started,
122655,100,122655,1,122750,1010880,122752,1,122753,1312830,122753,320000,122754,0,122754,66,122757,28,122748,1267200,122750,1958400,122751,0,122752,0,122749,36,122751,100,122751,0,122752,0,122654,1,started,
122753,100,122753,1,122849,1010880,122851,1,122852,1573909,122852,320000,122853,0,122853,66,122855,27,122848,1958400,122850,1958400,122851,0,122851,0,122849,36,122850,100,122851,0,122852,0,122752,1,started,
122852,100,122852,1,122954,1011424,122960,1,122963,1200887,122965,320000,122967,0,122969,59,122978,24,122950,1267200,122954,1958400,122958,0,122961,0,122952,10,122958,100,122959,0,122963,0,122852,1,started,
122963,100,122965,1,123051,1012980,123054,1,123055,2047774,123055,320000,123056,0,123058,88,123067,34,123049,1958400,123051,1958400,123053,0,123054,0,123050,77,123053,100,123053,0,123054,0,122963,1,started,
123055,100,123055,1,123155,1013056,123157,1,123157,461395,123158,320000,123159,0,123159,21,123162,8,123153,1497600,123155,1958400,123156,0,123157,0,123154,36,123156,20,123156,0,123157,0,123055,1,started,
123157,100,123158,1,123255,1013056,123256,1,123257,163870,123257,320000,123258,0,123259,5,123261,2,123253,1958400,123255,1958400,123256,0,123257,0,123254,14,123256,0,123256,0,123257,0,123157,1,started,
123257,100,123257,1,123355,1009820,123357,1,123357,779818,123358,320000,123358,0,123359,45,123361,19,123354,1267200,123355,1958400,123356,0,123357,0,123355,33,123356,55,123356,0,123357,0,123257,1,started,
123357,100,123358,1,123455,1010440,123457,1,123458,1412101,123458,320000,123458,0,123459,63,123461,25,123454,1958400,123456,1958400,123456,0,123457,0,123455,22,123456,100,123457,0,123457,0,123357,1,started,
123458,100,123458,1,123555,1010688,123557,1,123558,1158504,123558,320000,123559,0,123559,57,123566,24,123554,1267200,123556,1958400,123557,0,123557,0,123555,27,123557,90,123557,0,123558,0,123457,1,started,
123558,100,123558,1,123656,1010920,123658,1,123658,1299914,123659,320000,123659,0,123660,68,123672,26,123654,1267200,123656,1958400,123657,0,123658,0,123655,33,123657,100,123657,0,123658,0,123558,1,started,
123658,100,123658,1,123756,1010440,123758,1,123759,1781947,123759,320000,123760,0,123761,76,123763,32,123755,1958400,123756,1958400,123757,0,123758,0,123756,54,123757,100,123758,0,123758,0,123658,1,started,
123759,100,123759,1,123857,1010564,123859,1,123860,1273409,123861,320000,123861,0,123862,55,123865,25,123855,1958400,123857,1958400,123858,0,123859,0,123856,100,123858,10,123859,0,123860,0,123759,1,started,
123860,100,123860,1,123957,1011040,123959,1,123960,952710,123961,320000,123961,0,123962,70,123975,26,123955,1958400,123957,1267200,123959,0,123959,0,123957,45,123958,100,123959,0,123960,0,123860,1,started,
123960,100,123960,1,124057,1012160,124058,1,124059,1388986,124059,320000,124060,0,124060,61,124070,28,124056,1958400,124057,1958400,124058,0,124059,0,124056,30,124058,90,124058,0,124059,0,123960,1,started,
124059,100,124059,1,124158,1012692,124162,1,124168,2661894,124169,320000,124170,0,124171,78,124176,37,124156,1497600,124158,1958400,124159,1958400,124162,960000,124157,80,124159,100,124160,80,124167,33,124059,1,started,
124168,100,124168,1,124259,1013436,124262,1,124264,2154044,124265,320000,124265,0,124266,56,124272,41,124257,1497600,124259,1958400,124260,1958400,124262,1958400,124258,66,124260,37,124261,63,124263,50,124168,1,started,
124264,100,124264,1,124358,1013328,124361,1,124363,498675,124364,200000,124364,0,124365,10,124369,8,124357,1497600,124359,1958400,124360,1958400,124361,1958400,124358,20,124360,0,124361,20,124363,12,124263,1,started,
124363,100,124363,1,124466,1012720,124471,1,124473,521243,124474,320000,124475,0,124476,16,124481,12,124463,1267200,124467,1267200,124468,1958400,124471,1958400,124465,22,124468,10,124470,8,124472,25,124363,1,started,
124473,100,124473,1,124566,1010928,124569,1,124570,96784,124571,320000,124571,0,124572,28,124576,5,124564,1267200,124566,1267200,124568,1958400,124569,0,124566,22,124567,0,124569,0,124570,0,124473,1,started,
124570,100,124570,1,124666,1011304,124669,1,124670,1321441,124671,320000,124671,0,124672,46,124676,21,124664,1267200,124666,1267200,124668,1958400,124669,0,124665,27,124667,11,124669,100,124670,0,124570,1,started,
124670,100,124670,1,124770,1011168,124781,1,124786,131228,124787,320000,124793,0,124794,50,124797,7,124765,1267200,124773,1267200,124778,0,124782,0,124766,10,124776,20,124780,0,124786,0,124670,1,started,
124786,100,124786,1,124866,1011128,124868,1,124868,1920640,124869,320000,124869,0,124870,84,124872,30,124865,1958400,124866,1958400,124867,0,124868,0,124866,66,124867,100,124867,0,124868,0,124786,1,started,
124868,100,124868,1,124966,1011128,124968,1,124972,1235331,124975,320000,124975,0,124978,60,124987,26,124965,1267200,124967,1958400,124968,0,124968,0,124966,18,124967,100,124968,0,124969,0,124868,1,started,
124973,100,124973,1,125067,1011252,125068,1,125069,1885966,125070,320000,125070,0,125070,78,125073,32,125065,1958400,125067,1958400,125068,0,125069,0,125066,63,125068,100,125068,0,125069,0,124972,1,started,
125069,100,125069,1,125167,1011996,125170,1,125171,1235331,125171,320000,125172,0,125175,60,125184,26,125166,1267200,125168,1958400,125169,0,125170,0,125167,18,125169,100,125169,0,125170,0,125069,1,started,
125171,100,125171,1,125268,1013316,125272,1,125273,3099524,125274,320000,125274,0,125275,77,125278,33,125266,1958400,125269,1958400,125271,1958400,125273,0,125268,88,125269,90,125272,90,125273,0,125170,1,started,
125273,100,125273,1,125370,1013316,125373,1,125374,360351,125374,320000,125374,0,125375,7,125378,4,125369,1958400,125371,1958400,125372,960000,125373,0,125370,22,125371,9,125373,0,125373,0,125273,1,started,
125374,100,125374,1,125471,1012868,125474,1,125475,360351,125475,320000,125476,0,125477,13,125481,8,125469,1958400,125471,1958400,125472,960000,125474,0,125470,20,125472,11,125473,0,125474,0,125373,1,started,
125475,100,125475,1,125572,1011132,125574,1,125575,346504,125575,320000,125576,0,125576,40,125579,13,125569,1267200,125573,1267200,125574,0,125575,0,125571,20,125573,60,125574,0,125575,0,125474,1,started,
125575,100,125575,1,125671,1011132,125674,1,125674,1469890,125675,320000,125676,0,125676,61,125679,23,125670,1958400,125672,1958400,125673,0,125674,0,125671,100,125673,27,125673,0,125674,0,125575,1,started,
125675,100,125675,1,125776,1011252,125784,1,125786,1286997,125788,320000,125789,0,125791,68,125796,28,125771,1958400,125776,1267200,125782,0,125784,0,125774,100,125780,30,125782,0,125785,0,125674,1,started,
125787,100,125787,1,125872,1011624,125873,1,125874,1735716,125875,320000,125875,0,125876,72,125878,29,125870,1958400,125872,1958400,125873,0,125874,0,125871,100,125873,50,125873,0,125874,0,125786,1,started,
125874,100,125874,1,125973,1011996,125979,1,125981,1243942,125985,320000,125986,0,125988,63,126006,26,125971,1958400,125973,1267200,125976,0,125979,0,125972,100,125975,20,125977,0,125979,0,125874,1,started,
125981,100,125983,1,126073,1011488,126075,1,126075,1735716,126076,320000,126076,0,126077,70,126079,23,126071,1958400,126073,1958400,126074,0,126075,0,126072,60,126074,90,126074,0,126075,0,125981,1,started,
126075,100,126075,1,126174,1011488,126177,1,126178,1200887,126179,320000,126180,0,126181,55,126185,23,126171,1958400,126174,1267200,126176,0,126177,0,126173,100,126175,10,126176,0,126178,0,126075,1,started,
126178,100,126179,1,126273,1008828,126275,1,126276,1516120,126276,320000,126277,0,126277,66,126280,22,126272,1958400,126274,1958400,126275,0,126275,0,126273,50,126275,81,126275,0,126276,0,126178,1,started,
126276,100,126276,1,126374,1009480,126376,1,126376,1347274,126377,320000,126377,0,126378,68,126380,29,126373,1958400,126374,1267200,126375,0,126376,0,126374,100,126375,44,126376,0,126376,0,126276,1,started,
126376,100,126377,1,126475,1009852,126476,1,126477,2047774,126477,320000,126478,0,126479,88,126495,30,126473,1958400,126475,1958400,126476,0,126477,0,126474,77,126476,100,126476,0,126477,0,126376,1,started,
126477,100,126477,1,126575,1010288,126579,1,126580,2706563,126581,200000,126582,0,126583,88,126591,37,126573,1958400,126576,1958400,126578,1958400,126579,0,126575,90,126577,81,126579,63,126580,0,126477,1,started,
126580,100,126581,1,126675,1010496,126677,1,126678,1065370,126678,200000,126679,0,126679,27,126682,17,126673,1958400,126675,1958400,126676,1958400,126677,0,126674,54,126676,27,126677,11,126678,0,126580,1,started,
126678,100,126678,1,126776,1010472,126783,1,126784,418139,126785,320000,126785,0,126786,15,126790,9,126774,1958400,126777,1958400,126779,1958400,126784,0,126776,36,126778,0,126781,0,126784,0,126678,1,started,
126784,100,126784,1,126876,1008692,126878,1,126879,1297536,126882,320000,126883,0,126884,40,126887,18,126874,1958400,126876,1958400,126877,960000,126878,0,126875,30,126877,80,126878,11,126878,0,126784,1,started,
126879,100,126879,1,126976,1009296,126978,1,126979,1539236,126980,320000,126980,0,126981,43,126986,29,126974,1958400,126976,1958400,126977,960000,126979,0,126975,33,126977,100,126978,0,126979,0,126879,1,started,
126979,100,126979,1,127076,1009544,127079,1,127079,1446774,127080,320000,127080,0,127081,44,127084,27,127075,1958400,127076,1958400,127078,960000,127079,0,127076,25,127077,100,127078,0,127079,0,126979,1,started,
127079,100,127079,1,127177,1009628,127180,1,127181,1396346,127183,320000,127184,0,127185,50,127188,24,127175,1574400,127177,1958400,127179,1958400,127181,0,127176,58,127178,30,127180,55,127181,0,127079,1,started,
127182,100,127182,1,127282,1010244,127290,1,127292,1286997,127293,320000,127294,0,127295,45,127301,27,127276,1267200,127283,1958400,127289,1958400,127291,0,127280,30,127285,0,127290,100,127291,0,127181,1,started,
127292,100,127292,1,127377,1010452,127379,1,127380,1735716,127380,320000,127381,0,127382,45,127385,30,127376,1958400,127377,1958400,127378,1958400,127380,0,127377,50,127378,0,127379,100,127380,0,127291,1,started,
127380,100,127380,1,127477,1011196,127479,1,127480,1113861,127480,320000,127481,0,127481,60,127485,22,127476,1958400,127478,1267200,127479,0,127480,0,127477,88,127478,22,127479,0,127480,0,127380,1,started,
127480,100,127480,1,127580,1012668,127582,1,127583,1712601,127583,320000,127584,0,127585,76,127588,30,127577,1958400,127580,1958400,127581,0,127582,0,127579,60,127581,88,127582,0,127583,0,127480,1,started,
127583,100,127583,1,127679,1012784,127681,1,127682,533716,127683,320000,127684,0,127684,20,127687,7,127677,1958400,127679,1958400,127680,0,127682,0,127678,36,127680,10,127681,0,127682,0,127583,1,started,
127682,100,127683,1,127780,1012528,127790,1,127793,233216,127794,320000,127795,0,127796,18,127800,7,127778,1958400,127781,1958400,127788,0,127792,0,127780,10,127786,10,127788,0,127793,0,127682,1,started,
127793,100,127794,1,127879,1010228,127880,1,127881,1620140,127882,320000,127882,0,127883,68,127886,23,127877,1958400,127879,1958400,127880,0,127881,0,127878,70,127880,70,127880,0,127881,0,127793,1,started,
127881,100,127881,1,127984,1010952,127993,1,127997,1205192,127999,320000,128000,0,128003,65,128005,26,127978,1267200,127986,1958400,127991,0,127995,0,127982,11,127990,100,127991,0,127995,0,127881,1,started,
127997,100,127998,1,128079,1011200,128081,1,128082,1735716,128082,320000,128083,0,128084,66,128092,30,128078,1958400,128080,1958400,128081,0,128081,0,128079,50,128080,100,128081,0,128082,0,127997,1,started,
128082,100,128082,1,128180,1011696,128182,1,128182,1504563,128188,320000,128188,0,128189,57,128191,25,128178,1958400,128180,1958400,128181,0,128182,0,128179,100,128181,30,128181,0,128182,0,128082,1,started,
128183,100,128188,1,128280,1012316,128282,1,128283,1388986,128283,320000,128284,0,128285,63,128287,26,128279,1958400,128280,1958400,128281,0,128282,0,128280,20,128281,100,128282,0,128282,0,128182,1,started,
128283,100,128283,1,128380,1011452,128382,1,128383,1920640,128384,320000,128384,0,128385,83,128387,34,128379,1958400,128381,1958400,128382,0,128383,0,128380,66,128381,100,128382,0,128383,0,128282,1,started,
128383,100,128383,1,128481,1011776,128483,1,128484,1481447,128485,320000,128485,0,128486,62,128488,29,128479,1958400,128481,1958400,128482,0,128483,0,128480,90,128482,38,128482,0,128483,0,128383,1,started,
128484,100,128484,1,128581,1013056,128583,1,128584,1597024,128584,320000,128585,0,128585,68,128592,28,128580,1958400,128581,1958400,128582,0,128583,0,128581,88,128582,50,128583,0,128583,0,128484,1,started,
128584,100,128584,1,128681,1013052,128683,1,128684,1885966,128684,320000,128685,0,128685,78,128690,32,128680,1958400,128682,1958400,128683,0,128683,0,128681,87,128682,76,128683,0,128684,0,128584,1,started,
128684,100,128684,1,128782,1013160,128784,1,128784,464370,128785,320000,128785,0,128786,20,128788,8,128780,1958400,128782,1958400,128783,0,128784,0,128781,10,128783,30,128783,0,128784,0,128684,1,started,
128784,100,128784,1,128882,1009860,128884,1,128884,383466,128885,320000,128885,0,128886,21,128888,9,128881,1958400,128882,1958400,128883,0,128884,0,128882,11,128883,22,128884,0,128884,0,128784,1,started,
128885,100,128885,1,128984,1010516,128989,1,128990,1273409,128991,320000,128991,0,128992,52,128994,22,128982,1958400,128985,1958400,128989,0,128990,0,128984,100,128986,10,128989,0,128990,0,128884,1,started,
128990,100,128990,1,129083,1010720,129085,1,129085,1677928,129086,320000,129086,0,129087,71,129089,30,129082,1958400,129083,1958400,129084,0,129085,0,129083,45,129084,100,129084,0,129085,0,128990,1,started,
129085,100,129086,1,129183,1010844,129185,1,129186,1365870,129186,320000,129187,0,129187,66,129190,25,129182,1958400,129184,1958400,129185,0,129186,0,129183,28,129185,90,129185,0,129186,0,129085,1,started,
129186,100,129186,1,129284,1011208,129285,1,129286,1469890,129287,320000,129287,0,129288,61,129290,27,129282,1958400,129284,1958400,129285,0,129286,0,129283,27,129285,100,129285,0,129286,0,129186,1,started,
129286,100,129286,1,129388,1011488,129395,1,129397,1157832,129398,320000,129399,0,129401,57,129410,25,129384,1267200,129390,1958400,129393,0,129395,0,129387,0,129392,100,129394,0,129396,0,129286,1,started,
129397,100,129397,1,129484,1012072,129486,1,129487,1735716,129487,320000,129488,0,129489,75,129491,28,129483,1958400,129485,1958400,129486,0,129487,0,129484,50,129485,100,129486,0,129487,0,129396,1,started,
129487,100,129487,1,129585,1013412,129608,1,129618,1205192,129618,320000,129619,0,129620,65,129628,26,129583,1267200,129598,1958400,129606,0,129615,0,129585,11,129600,100,129606,0,129618,0,129487,1,started,
129618,100,129618,1,129685,1013656,129687,1,129687,1157832,129688,320000,129688,0,129689,30,129691,12,129684,1958400,129685,1958400,129686,0,129687,0,129684,50,129686,50,129686,0,129687,0,129618,1,started,
129687,100,129687,1,129785,1013656,129787,1,129788,210101,129788,320000,129788,0,129789,9,129791,3,129784,1267200,129786,1958400,129786,0,129787,0,129785,0,129786,18,129787,0,129787,0,129687,1,started,
129788,100,129788,1,129886,1010400,129887,1,129888,1065370,129888,320000,129889,0,129889,47,129892,16,129884,1958400,129886,1958400,129887,0,129888,0,129885,55,129887,37,129887,0,129888,0,129787,1,started,
129888,100,129888,1,129987,1010912,129990,1,129991,1235331,129992,320000,129993,0,129994,60,129998,26,129985,1958400,129987,1267200,129989,0,129990,0,129986,100,129989,18,129990,0,129991,0,129888,1,started,
129992,100,129992,1,130087,1011284,130090,1,130091,1205192,130092,320000,130093,0,130093,57,130096,23,130085,1958400,130087,1267200,130089,0,130090,0,130086,100,130088,11,130089,0,130090,0,129991,1,started,
130091,100,130091,1,130187,1011408,130189,1,130190,1222857,130191,320000,130191,0,130192,58,130195,23,130185,1958400,130187,1267200,130189,0,130190,0,130186,87,130188,50,130189,0,130190,0,130091,1,started,
130190,100,130190,1,130288,1011720,130291,1,130292,1089616,130293,320000,130294,0,130295,61,130298,23,130286,1958400,130288,1267200,130290,0,130291,0,130287,90,130289,11,130290,0,130292,0,130190,1,started,
130292,100,130293,1,130387,1012024,130389,1,130390,1504563,130390,320000,130390,0,130391,61,130393,20,130386,1958400,130388,1958400,130388,0,130389,0,130387,40,130388,90,130389,0,130389,0,130292,1,started,
130390,100,130390,1,130488,1012148,130490,1,130491,1273409,130492,320000,130493,0,130493,57,130496,25,130486,1958400,130488,1958400,130489,0,130491,0,130487,100,130489,10,130490,0,130491,0,130389,1,started,
130491,100,130492,1,130588,1012788,130590,1,130590,1388986,130593,320000,130593,0,130594,57,130596,20,130587,1958400,130588,1958400,130589,0,130590,0,130588,30,130589,90,130589,0,130590,0,130491,1,started,
130592,100,130592,1,130688,1014336,130691,1,130692,1735716,130692,320000,130693,0,130696,76,130698,33,130687,1958400,130688,1958400,130690,0,130691,0,130688,50,130689,100,130690,0,130691,0,130590,1,started,
130692,100,130692,1,130789,1014828,130800,1,130803,2614101,130804,320000,130804,0,130805,78,130814,32,130787,1958400,130789,1958400,130794,1958400,130801,0,130788,80,130791,80,130800,66,130802,0,130691,1,started,
130803,100,130803,1,130889,1014828,130891,1,130892,931884,130893,320000,130893,0,130894,25,130897,16,130887,1958400,130889,1958400,130890,1267200,130891,0,130888,33,130890,40,130891,20,130892,0,130802,1,started,
130892,100,130892,1,130989,1014044,130991,1,130992,799543,130993,320000,130993,0,130994,23,130997,15,130988,1958400,130989,1958400,130990,1267200,130992,0,130989,36,130990,33,130991,0,130992,0,130892,1,started,
130992,100,130992,1,131090,1011340,131092,1,131093,1224815,131093,320000,131094,0,131095,41,131097,24,131088,1958400,131090,1958400,131091,960000,131092,0,131089,72,131091,30,131092,20,131093,0,130992,1,started,
131093,100,131093,1,131190,1011484,131194,1,131196,1284966,131196,320000,131198,0,131200,39,131206,22,131189,1958400,131191,1958400,131192,0,131194,0,131190,100,131191,11,131193,0,131195,0,131093,1,started,
131196,100,131196,1,131291,1011856,131295,1,131298,1631697,131299,320000,131299,0,131300,68,131302,29,131289,1958400,131291,1958400,131292,0,131295,0,131290,100,131292,41,131293,0,131296,0,131196,1,started,
131298,100,131298,1,131391,1011852,131394,1,131395,1373107,131396,320000,131396,0,131397,73,131400,28,131389,1958400,131392,1267200,131394,0,131395,0,131391,100,131393,50,131394,0,131395,0,131297,1,started,
131395,100,131395,1,131491,1012224,131494,1,131495,1209498,131496,320000,131497,0,131498,61,131501,23,131490,1958400,131492,1267200,131493,0,131495,0,131491,100,131493,12,131494,0,131495,0,131395,1,started,
131496,100,131496,1,131592,1012224,131594,1,131595,1252553,131595,320000,131596,0,131597,63,131600,24,131590,1958400,131592,1267200,131593,0,131594,0,131591,100,131593,22,131594,0,131595,0,131495,1,started,
131595,100,131595,1,131695,1013092,131701,1,131704,1205192,131705,320000,131706,0,131707,61,131710,24,131691,1958400,131696,1267200,131700,0,131702,0,131693,100,131699,11,131701,0,131703,0,131595,1,started,
131704,100,131704,1,131792,1014576,131798,1,131799,1181110,131799,320000,131800,0,131801,66,131811,24,131791,1958400,131794,1267200,131796,960000,131798,0,131792,80,131795,54,131797,10,131798,0,131704,1,started,
131799,100,131799,1,131894,1014656,131897,1,131899,451543,131900,320000,131901,0,131902,25,131908,12,131891,1958400,131894,1267200,131896,960000,131898,0,131893,22,131895,27,131897,36,131898,0,131798,1,started,
131899,100,131899,1,131994,1014860,131998,1,132000,285028,132001,320000,132002,0,132003,25,132009,8,131992,1574400,131995,1267200,131996,960000,131999,0,131993,27,131996,11,131998,20,131999,0,131898,1,started,
132000,100,132000,1,132093,1012412,132099,1,132101,939122,132102,320000,132103,0,132105,42,132109,11,132092,1267200,132094,1267200,132095,1958400,132100,0,132093,30,132095,40,132098,55,132100,0,132000,1,started,
132101,100,132102,1,132195,1012580,132198,1,132199,1286997,132200,320000,132201,0,132201,61,132204,24,132193,1267200,132195,1958400,132197,0,132198,0,132194,30,132196,100,132197,0,132198,0,132101,1,started,
132199,100,132199,1,132302,1012920,132314,1,132318,1312830,132321,320000,132323,0,132325,74,132329,28,132293,1267200,132304,1958400,132308,0,132314,0,132295,36,132306,100,132311,0,132316,0,132199,1,started,
132319,100,132320,1,132395,1013052,132397,1,132398,1585466,132399,320000,132400,0,132400,58,132403,21,132394,1958400,132396,1958400,132397,0,132398,0,132395,37,132396,100,132397,0,132398,0,132318,1,started,
132399,100,132399,1,132495,1013424,132497,1,132498,1412101,132499,320000,132499,0,132500,63,132505,26,132494,1958400,132495,1958400,132496,0,132497,0,132495,22,132496,100,132497,0,132498,0,132398,1,started,
132498,100,132498,1,132595,1013424,132597,1,132598,1386011,132598,320000,132599,0,132599,66,132602,28,132594,1497600,132596,1958400,132597,0,132597,0,132595,36,132596,100,132597,0,132598,0,132498,1,started,
132598,100,132598,1,132695,1014188,132698,1,132699,1573909,132700,320000,132700,0,132701,66,132703,27,132694,1958400,132696,1958400,132697,0,132698,0,132695,36,132697,100,132698,0,132699,0,132598,1,started,
132699,100,132699,1,132796,1015116,132798,1,132799,1654813,132799,320000,132800,0,132805,75,132807,31,132795,1958400,132797,1958400,132798,0,132798,0,132796,60,132797,83,132798,0,132799,0,132699,1,started,
132799,100,132799,1,132900,1015404,132905,1,132906,2024659,132907,320000,132908,0,132908,88,132911,37,132895,1958400,132900,1958400,132904,0,132906,0,132898,75,132902,100,132905,0,132906,0,132799,1,started,
132906,100,132907,1,132997,1015992,132999,1,133000,1872046,133001,320000,133001,0,133002,65,133005,33,132995,1958400,132997,1958400,132998,960000,133000,0,132996,81,132998,77,132999,20,133000,0,132906,1,started,
133000,100,133000,1,133097,1015992,133099,1,133100,908371,133100,320000,133101,0,133101,30,133105,17,133096,1958400,133097,1958400,133098,960000,133099,0,133097,50,133098,25,133099,18,133100,0,133000,1,started,
133100,100,133100,1,133197,1015444,133200,1,133201,205150,133202,320000,133203,0,133204,16,133208,8,133196,1497600,133198,1958400,133199,960000,133201,0,133197,10,133199,10,133200,11,133201,0,133100,1,started,
133202,100,133202,1,133298,1012752,133300,1,133301,586661,133301,320000,133302,0,133303,42,133313,13,133296,1497600,133298,1958400,133300,0,133301,0,133297,12,133299,44,133300,0,133301,0,133201,1,started,
133301,100,133301,1,133398,1008208,133400,1,133401,1436717,133401,320000,133402,0,133403,73,133406,24,133397,1958400,133399,1497600,133400,0,133400,0,133398,100,133399,44,133400,0,133401,0,133301,1,started,
133401,100,133401,1,133503,1008580,133506,1,133508,1274081,133508,320000,133509,0,133510,60,133513,24,133501,1958400,133504,1267200,133505,0,133507,0,133503,100,133505,27,133506,0,133507,0,133401,1,started,
133508,100,133508,1,133599,1008704,133601,1,133603,1330052,133604,320000,133605,0,133607,71,133613,27,133598,1958400,133600,1267200,133601,0,133602,0,133599,100,133601,40,133601,0,133602,0,133507,1,started,
133603,100,133603,1,133699,1009200,133701,1,133702,1446774,133702,320000,133703,0,133703,66,133706,26,133698,1958400,133699,1958400,133700,0,133701,0,133699,100,133700,25,133701,0,133701,0,133603,1,started,
133702,100,133702,1,133800,1009292,133803,1,133804,1243942,133805,320000,133806,0,133807,60,133810,24,133798,1958400,133800,1267200,133802,0,133803,0,133799,100,133801,20,133802,0,133803,0,133701,1,started,
133804,100,133804,1,133901,1010084,133908,1,133909,1252553,133910,320000,133911,0,133912,61,133915,24,133899,1958400,133902,1267200,133905,0,133908,0,133900,100,133904,22,133907,0,133909,0,133804,1,started,
133909,100,133910,1,134001,1011604,134004,1,134004,1735716,134005,320000,134005,0,134006,73,134008,30,133999,1958400,134001,1958400,134003,0,134004,0,134000,100,134003,50,134004,0,134004,0,133909,1,started,
134004,100,134005,1,134100,1011644,134102,1,134103,233216,134104,320000,134104,0,134105,16,134108,7,134099,1958400,134101,1958400,134102,0,134103,0,134100,20,134102,0,134102,0,134103,0,134004,1,started,
134103,100,134103,1,134201,1011848,134203,1,134204,348793,134205,320000,134205,0,134206,15,134209,6,134199,1958400,134201,1958400,134203,0,134204,0,134200,10,134202,20,134203,0,134204,0,134103,1,started,
134204,100,134204,1,134253,1008860,134256,1,134258,333587,134259,320000,134260,0,134262,36,134266,14,134250,1267200,134254,1267200,134255,0,134257,0,134253,20,134255,57,134256,0,134257,0,134204,1,started,
134258,100,134259,1,134352,1009496,134355,1,134355,967443,134356,320000,134357,0,134358,68,134361,18,134350,1267200,134353,1958400,134354,0,134355,0,134351,90,134354,50,134354,0,134355,0,134258,1,started,
134356,100,134356,1,134452,1010116,134454,1,134454,1261851,134455,320000,134455,0,134456,55,134458,22,134450,1958400,134452,1958400,134453,0,134454,0,134451,100,134453,9,134454,0,134454,0,134355,1,started,
134455,100,134455,1,134552,1010484,134554,1,134555,1317136,134555,320000,134556,0,134556,72,134559,28,134551,1958400,134553,1267200,134554,0,134554,0,134552,100,134553,37,134554,0,134555,0,134454,1,started,
134555,100,134555,1,134654,1010732,134655,1,134656,1388986,134657,320000,134657,0,134658,60,134660,20,134651,1958400,134654,1958400,134655,0,134656,0,134653,20,134655,100,134655,0,134656,0,134555,1,started,
134656,100,134656,1,134753,1011104,134755,1,134756,1314062,134757,320000,134757,0,134758,63,134761,26,134751,1574400,134753,1958400,134755,0,134756,0,134753,22,134755,100,134755,0,134756,0,134656,1,started,
134756,100,134756,1,134854,1011352,134856,1,134857,1330052,134857,320000,134858,0,134859,68,134862,26,134852,1267200,134854,1958400,134855,0,134856,0,134853,40,134855,100,134856,0,134857,0,134756,1,started,
134857,100,134857,1,134957,1012020,134964,1,134966,1243942,134968,320000,134970,0,134973,63,134978,26,134953,1267200,134958,1958400,134962,0,134964,0,134955,20,134961,100,134964,0,134966,0,134857,1,started,
134966,100,134968,1,135054,1013596,135056,1,135057,1781947,135057,320000,135058,0,135058,70,135061,29,135052,1958400,135055,1958400,135056,0,135056,0,135054,66,135055,88,135056,0,135057,0,134966,1,started,
135057,100,135057,1,135154,1013864,135156,1,135156,1573909,135157,320000,135157,0,135158,72,135160,31,135153,1958400,135154,1958400,135155,0,135156,0,135154,70,135155,66,135155,0,135156,0,135057,1,started,
135156,100,135156,1,135254,1014112,135256,1,135257,348793,135257,320000,135258,0,135258,15,135261,6,135253,1958400,135255,1958400,135256,0,135256,0,135254,30,135255,0,135256,0,135257,0,135156,1,started,
135257,100,135257,1,135355,1011480,135357,1,135357,388215,135358,320000,135358,0,135359,28,135361,11,135353,1267200,135355,1958400,135356,0,135357,0,135354,36,135356,20,135356,0,135357,0,135257,1,started,
135357,100,135358,1,135455,1011868,135457,1,135457,1423659,135462,320000,135463,0,135463,63,135466,26,135454,1958400,135455,1958400,135456,0,135457,0,135455,33,135456,90,135457,0,135457,0,135357,1,started,
135462,100,135462,1,135556,1012364,135558,1,135559,1321441,135559,320000,135560,0,135561,65,135566,28,135554,1267200,135556,1958400,135558,0,135558,0,135555,38,135557,100,135558,0,135559,0,135457,1,started,
135559,100,135559,1,135656,1012612,135658,1,135659,1666370,135659,320000,135660,0,135661,72,135663,31,135654,1958400,135657,1958400,135658,0,135658,0,135656,54,135657,90,135658,0,135659,0,135559,1,started,
135659,100,135659,1,135757,1012980,135763,1,135766,1252553,135769,320000,135770,0,135771,65,135774,27,135755,1267200,135758,1958400,135760,0,135763,0,135756,22,135760,100,135762,0,135765,0,135659,1,started,
135769,100,135769,1,135857,1013476,135859,1,135860,1539236,135861,320000,135861,0,135862,64,135865,28,135855,1958400,135857,1958400,135858,0,135859,0,135856,33,135858,100,135859,0,135860,0,135765,1,started,
135860,100,135860,1,135957,1013076,135958,1,135959,1294413,135959,320000,135960,0,135961,66,135963,25,135955,1728000,135957,1958400,135958,0,135959,0,135956,75,135958,55,135958,0,135959,0,135860,1,started,
135959,100,135959,1,136057,1014088,136060,1,136060,1093921,136061,320000,136062,0,136063,61,136071,23,136056,1267200,136058,1958400,136059,0,136060,0,136057,12,136059,90,136059,0,136060,0,135959,1,started,
136061,100,136061,1,136157,1014584,136159,1,136160,1620140,136160,320000,136161,0,136161,66,136164,25,136156,1958400,136158,1958400,136159,0,136159,0,136157,80,136158,60,136159,0,136159,0,136060,1,started,
136160,100,136160,1,136258,1014584,136259,1,136260,314120,136260,320000,136261,0,136261,15,136264,5,136256,1958400,136258,1958400,136259,0,136259,0,136257,27,136259,0,136259,0,136260,0,136159,1,started,
136260,100,136260,1,136358,1011448,136360,1,136361,598742,136363,320000,136363,0,136364,47,136366,18,136357,1958400,136359,1267200,136360,0,136361,0,136358,33,136359,50,136360,0,136361,0,136260,1,started,
136362,100,136362,1,136461,1011964,136466,1,136469,1273409,136471,320000,136471,0,136474,59,136479,24,136458,1958400,136462,1958400,136465,0,136467,0,136461,10,136464,100,136466,0,136468,0,136361,1,started,
136469,100,136469,1,136559,1012460,136562,1,136563,1347274,136564,320000,136565,0,136566,70,136569,28,136557,1267200,136560,1958400,136561,0,136562,0,136559,44,136561,100,136562,0,136563,0,136468,1,started,
136564,100,136564,1,136660,1012584,136664,1,136667,1330052,136669,320000,136671,0,136674,72,136679,27,136658,1267200,136660,1958400,136663,0,136664,0,136659,40,136661,100,136664,0,136666,0,136563,1,started,
136667,100,136668,1,136759,1013080,136761,1,136762,1631697,136763,320000,136764,0,136764,65,136766,29,136758,1958400,136760,1958400,136761,0,136762,0,136759,41,136760,100,136761,0,136762,0,136666,1,started,
136763,100,136763,1,136860,1013080,136862,1,136863,1677928,136863,320000,136864,0,136865,71,136867,31,136858,1958400,136860,1958400,136861,0,136862,0,136859,45,136861,100,136861,0,136862,0,136762,1,started,
136863,100,136863,1,136962,1013980,136968,1,136974,1235331,136975,320000,136978,0,136981,60,136987,27,136958,1267200,136963,1958400,136966,0,136970,0,136960,18,136966,100,136968,0,136972,0,136863,1,started,
136974,100,136974,1,137060,1015824,137064,1,137065,2209665,137066,320000,137067,0,137067,80,137072,37,137059,1958400,137061,1958400,137063,960000,137064,0,137060,80,137062,100,137064,58,137065,0,136973,1,started,
137065,100,137066,1,137161,1016288,137165,1,137166,1568002,137167,320000,137168,0,137169,58,137177,31,137159,1958400,137161,1958400,137164,960000,137165,0,137160,72,137163,54,137164,50,137166,0,137065,1,started,
137166,100,137167,1,137261,1016536,137264,1,137265,1600312,137266,320000,137266,0,137267,66,137275,33,137259,1958400,137261,1958400,137262,960000,137264,0,137260,75,137262,50,137263,70,137264,0,137166,1,started,
137265,100,137265,1,137361,1016808,137365,1,137366,1132260,137367,200000,137368,0,137369,31,137373,20,137360,1728000,137362,1958400,137363,1958400,137365,0,137361,38,137363,36,137365,33,137366,0,137265,1,started,
137367,100,137367,1,137461,1016808,137463,1,137464,233216,137465,320000,137465,0,137466,7,137468,4,137460,1728000,137461,1958400,137463,1958400,137464,0,137461,0,137462,20,137463,0,137464,0,137366,1,started,
137464,100,137464,1,137562,1014204,137567,1,137568,281921,137569,320000,137570,0,137571,25,137577,10,137560,1267200,137563,1267200,137566,0,137567,0,137561,25,137565,40,137566,0,137568,0,137464,1,started,
137569,100,137569,1,137662,1014260,137664,1,137664,1388986,137665,320000,137665,0,137666,60,137668,21,137660,1958400,137662,1958400,137663,0,137664,0,137661,100,137663,20,137663,0,137664,0,137568,1,started,
137664,100,137664,1,137762,1014632,137766,1,137767,1347274,137768,320000,137768,0,137769,73,137774,30,137761,1958400,137763,1267200,137765,0,137766,0,137762,100,137764,44,137765,0,137766,0,137664,1,started,
137767,100,137767,1,137868,1014672,137873,1,137877,1274081,137879,320000,137880,0,137882,65,137888,26,137861,1958400,137868,1267200,137871,0,137875,0,137866,100,137871,27,137873,0,137875,0,137767,1,started,
137877,100,137877,1,137963,1015168,137966,1,137966,1347274,137967,320000,137968,0,137969,70,137972,25,137961,1958400,137964,1267200,137965,0,137966,0,137963,100,137965,44,137965,0,137966,0,137876,1,started,
137967,100,137967,1,138065,1015168,138069,1,138070,1573909,138071,320000,138073,0,138074,69,138078,30,138062,1958400,138065,1958400,138067,0,138069,0,138063,100,138067,36,138068,0,138069,0,137966,1,started,
138071,100,138071,1,138165,1015540,138169,1,138170,1330052,138171,320000,138171,0,138172,66,138175,29,138163,1958400,138165,1267200,138167,0,138169,0,138164,100,138166,40,138168,0,138169,0,138070,1,started,
138170,100,138170,1,138274,1017064,138276,1,138276,1516120,138277,320000,138277,0,138278,65,138280,27,138273,1958400,138274,1958400,138275,0,138276,0,138273,90,138275,41,138276,0,138276,0,138170,1,started,
138276,100,138277,1,138374,1017020,138376,1,138384,495887,138386,320000,138387,0,138388,27,138390,11,138373,1728000,138374,1958400,138376,0,138376,0,138374,30,138375,20,138376,0,138377,0,138276,1,started,
138385,100,138385,1,138474,1016328,138476,1,138477,602359,138477,320000,138478,0,138478,26,138480,10,138473,1728000,138475,1958400,138476,0,138476,0,138474,25,138475,33,138476,0,138477,0,138382,1,started,
138477,100,138477,1,138576,1013048,138579,1,138581,454141,138582,320000,138583,0,138584,57,138587,18,138574,1267200,138576,1267200,138578,0,138579,0,138575,50,138577,55,138578,0,138580,0,138477,1,started,
138581,100,138581,1,138675,1013348,138677,1,138678,1735716,138678,320000,138679,0,138679,72,138682,26,138674,1958400,138675,1958400,138677,0,138677,0,138675,50,138676,100,138677,0,138678,0,138580,1,started,
138678,100,138678,1,138778,1013468,138783,1,138785,1157832,138786,320000,138788,0,138789,60,138797,23,138774,1958400,138778,1267200,138781,0,138784,0,138776,100,138780,0,138782,0,138784,0,138678,1,started,
138786,100,138786,1,138876,1013592,138878,1,138878,1504563,138879,320000,138879,0,138880,61,138882,19,138874,1958400,138876,1958400,138877,0,138878,0,138875,40,138877,90,138877,0,138878,0,138784,1,started,
138878,100,138878,1,138976,1013840,138978,1,138979,1273409,138980,320000,138981,0,138981,52,138984,23,138975,1958400,138977,1958400,138978,0,138979,0,138976,100,138977,10,138978,0,138979,0,138878,1,started,
138980,100,138980,1,139077,1014212,139080,1,139082,1200887,139083,320000,139083,0,139084,59,139088,24,139075,1958400,139078,1267200,139079,0,139081,0,139077,100,139079,10,139080,0,139081,0,138979,1,started,
139082,100,139082,1,139177,1014336,139179,1,139179,1458332,139180,320000,139180,0,139181,58,139183,21,139175,1958400,139177,1958400,139178,0,139179,0,139176,60,139178,66,139178,0,139179,0,139081,1,started,
139179,100,139179,1,139277,1014880,139279,1,139280,1273409,139280,320000,139280,0,139282,52,139284,25,139276,1958400,139277,1958400,139279,0,139279,0,139277,100,139278,10,139279,0,139279,0,139179,1,started,
139280,100,139280,1,139378,1016500,139380,1,139381,1330052,139382,320000,139384,0,139386,72,139392,28,139376,1958400,139378,1267200,139380,0,139381,0,139378,100,139379,40,139380,0,139381,0,139280,1,started,
139381,100,139381,1,139481,1017120,139484,1,139485,1245515,139486,320000,139486,0,139487,73,139492,26,139477,1958400,139481,1267200,139483,0,139484,0,139480,83,139482,66,139483,0,139485,0,139381,1,started,
139485,100,139485,1,139580,1017452,139583,1,139583,2047774,139584,320000,139585,0,139589,89,139592,35,139577,1958400,139581,1958400,139582,0,139583,0,139579,77,139582,100,139582,0,139583,0,139485,1,started,
139583,100,139583,1,139679,1017368,139681,1,139682,1481447,139682,320000,139683,0,139684,50,139686,26,139677,1958400,139679,1958400,139680,1958400,139681,0,139678,66,139680,55,139681,7,139682,0,139583,1,started,
139682,100,139682,1,139779,1017640,139781,1,139783,262506,139783,320000,139784,0,139784,10,139787,5,139778,1958400,139779,1958400,139780,1190400,139782,0,139779,10,139780,9,139781,11,139782,0,139682,1,started,
139783,100,139783,1,139880,1014812,139884,1,139885,576757,139886,320000,139886,0,139887,30,139891,12,139878,1267200,139881,1267200,139883,1958400,139885,0,139879,11,139882,50,139884,27,139885,0,139782,1,started,
139885,100,139885,1,139980,1014960,139984,1,139985,1252553,139986,320000,139987,0,139988,60,139991,21,139979,1267200,139981,1958400,139983,0,139984,0,139980,22,139983,100,139984,0,139985,0,139885,1,started,
139985,100,139986,1,140081,1015456,140086,1,140089,1252553,140093,320000,140093,0,140095,66,140102,25,140079,1267200,140081,1958400,140084,0,140087,0,140080,22,140083,100,140084,0,140088,0,139985,1,started,
140089,100,140089,1,140180,1015580,140182,1,140183,1620140,140183,320000,140184,0,140184,68,140187,27,140179,1958400,140181,1958400,140182,0,140182,0,140180,80,140181,60,140182,0,140183,0,140089,1,started,
140183,100,140183,1,140281,1016072,140283,1,140285,1631697,140286,320000,140287,0,140289,68,140295,30,140279,1958400,140281,1958400,140282,0,140283,0,140280,41,140282,100,140283,0,140283,0,140183,1,started,
140285,100,140285,1,140381,1016024,140384,1,140385,1504563,140385,320000,140386,0,140387,65,140389,28,140380,1958400,140382,1958400,140383,0,140384,0,140381,30,140383,100,140383,0,140384,0,140284,1,started,
140385,100,140385,1,140482,1016788,140484,1,140485,1539236,140486,320000,140486,0,140487,68,140489,28,140480,1958400,140482,1958400,140483,0,140484,0,140481,33,140483,100,140484,0,140485,0,140384,1,started,
140485,100,140485,1,140582,1018324,140583,1,140584,1312830,140585,320000,140586,0,140589,63,140603,27,140580,1267200,140582,1958400,140583,0,140584,0,140581,36,140583,100,140583,0,140584,0,140485,1,started,
140584,100,140584,1,140682,1018240,140684,1,140684,601918,140685,320000,140685,0,140686,33,140688,12,140681,1267200,140682,1958400,140683,0,140684,0,140681,40,140683,37,140683,0,140684,0,140584,1,started,
140684,100,140684,1,140782,1018240,140784,1,140785,276271,140785,320000,140785,0,140786,15,140789,5,140781,1267200,140783,1958400,140783,0,140784,0,140782,10,140783,20,140784,0,140784,0,140684,1,started,
140785,100,140785,1,140883,1015580,140885,1,140886,894036,140887,320000,140887,0,140888,52,140890,19,140881,1267200,140883,1958400,140884,0,140885,0,140882,30,140884,66,140885,0,140886,0,140785,1,started,
140886,100,140886,1,140995,1014704,140997,1,141004,1284966,141005,320000,141005,0,141006,63,141008,23,140992,1958400,140995,1958400,140996,0,140997,0,140994,100,140996,11,140997,0,140998,0,140886,1,started,
141004,100,141004,1,141093,1014812,141101,1,141102,1504563,141103,320000,141104,0,141105,65,141107,28,141092,1958400,141094,1958400,141101,0,141102,0,141093,100,141101,30,141101,0,141102,0,140998,1,started,
141103,100,141103,1,141194,1014936,141197,1,141198,1243942,141199,320000,141200,0,141201,55,141204,23,141192,1958400,141195,1267200,141196,0,141197,0,141194,100,141196,20,141197,0,141198,0,141102,1,started,
141199,100,141199,1,141294,1015164,141296,1,141297,1299914,141298,320000,141298,0,141299,59,141302,24,141292,1958400,141294,1267200,141296,0,141297,0,141294,100,141295,33,141296,0,141297,0,141198,1,started,
141297,100,141297,1,141395,1015536,141398,1,141399,1119754,141400,320000,141401,0,141402,55,141405,25,141393,1958400,141396,1267200,141397,0,141398,0,141394,90,141397,18,141398,0,141399,0,141297,1,started,
141400,100,141400,1,141494,1015660,141496,1,141497,1677928,141497,320000,141497,0,141498,70,141500,24,141493,1958400,141495,1958400,141496,0,141496,0,141494,45,141495,100,141496,0,141496,0,141399,1,started,
141497,100,141497,1,141595,1016404,141601,1,141602,1284966,141603,320000,141604,0,141604,61,141607,25,141593,1958400,141595,1958400,141601,0,141602,0,141594,11,141601,100,141601,0,141602,0,141497,1,started,
141603,100,141603,1,141697,1017556,141699,1,141700,1562351,141700,320000,141701,0,141702,63,141712,27,141696,1958400,141698,1958400,141699,0,141699,0,141697,45,141699,90,141699,0,141700,0,141602,1,started,
141700,100,141700,1,141798,1017788,141800,1,141800,2105563,141801,320000,141801,0,141802,62,141805,29,141796,1958400,141798,1958400,141799,1958400,141800,0,141797,77,141799,72,141799,33,141800,0,141700,1,started,
141800,100,141800,1,141898,1017788,141900,1,141901,256332,141901,320000,141902,0,141902,6,141905,4,141897,1958400,141898,1958400,141899,1958400,141900,0,141897,11,141899,11,141900,0,141901,0,141800,1,started,
141901,100,141901,1,141999,1015276,142002,1,142003,491740,142004,320000,142004,0,142005,26,142009,13,141997,1267200,141999,1958400,142000,960000,142003,0,141998,12,142000,36,142001,10,142003,0,141901,1,started,
142003,100,142003,1,142099,1015176,142101,1,142101,1089616,142102,320000,142103,0,142105,47,142109,23,142097,1267200,142099,1958400,142100,0,142101,0,142098,11,142100,90,142100,0,142101,0,142003,1,started,
142101,100,142101,1,142199,1015424,142200,1,142201,1620140,142201,320000,142202,0,142202,70,142204,28,142197,1958400,142199,1958400,142200,0,142201,0,142198,100,142200,40,142200,0,142201,0,142101,1,started,
142201,100,142201,1,142299,1015812,142302,1,142304,1631697,142305,320000,142306,0,142308,68,142310,30,142298,1958400,142300,1958400,142301,0,142302,0,142299,100,142301,41,142301,0,142303,0,142201,1,started,
142304,100,142304,1,142399,1015880,142401,1,142402,1573909,142402,320000,142403,0,142404,66,142406,28,142398,1958400,142400,1958400,142401,0,142401,0,142399,100,142400,36,142401,0,142402,0,142304,1,started,
142402,100,142402,1,142500,1016252,142505,1,142506,1469890,142507,320000,142509,0,142510,60,142515,25,142498,1958400,142501,1958400,142503,0,142505,0,142499,100,142503,27,142503,0,142505,0,142402,1,started,
142507,100,142507,1,142601,1016500,142604,1,142605,1299914,142606,320000,142607,0,142608,70,142611,27,142599,1958400,142601,1267200,142603,0,142604,0,142600,100,142602,33,142603,0,142604,0,142506,1,started,
142605,100,142605,1,142701,1017972,142703,1,142704,1286997,142704,320000,142705,0,142706,65,142708,25,142699,1958400,142701,1267200,142702,0,142703,0,142700,100,142702,30,142703,0,142703,0,142605,1,started,
142704,100,142704,1,142801,1018292,142803,1,142805,1445593,142805,320000,142806,0,142807,46,142810,24,142799,1958400,142801,1958400,142802,960000,142804,0,142800,60,142802,63,142803,10,142804,0,142704,1,started,
142805,100,142805,1,142901,1018292,142905,1,142906,348793,142907,320000,142907,0,142908,10,142911,6,142900,1958400,142902,1958400,142903,960000,142905,0,142901,10,142903,20,142904,0,142905,0,142804,1,started,
142906,100,142906,1,143001,1015524,143004,1,143004,1050269,143005,320000,143006,0,143006,37,143009,20,143000,1958400,143002,1958400,143003,960000,143004,0,143001,45,143003,40,143004,30,143004,0,142906,1,started,
143005,100,143005,1,143102,1015704,143104,1,143104,1065370,143105,320000,143105,0,143106,52,143108,21,143100,1958400,143102,1958400,143103,0,143104,0,143101,81,143103,11,143103,0,143104,0,143004,1,started,
143104,100,143104,1,143203,1016160,143206,1,143207,1200887,143208,320000,143209,0,143210,55,143213,23,143201,1958400,143203,1267200,143205,0,143206,0,143202,100,143205,10,143206,0,143207,0,143104,1,started,
143207,100,143208,1,143303,1016244,143305,1,143306,1441996,143307,320000,143308,0,143309,81,143312,30,143301,1958400,143303,1267200,143304,0,143305,0,143302,100,143304,66,143305,0,143305,0,143207,1,started,
143307,100,143307,1,143416,1017004,143423,1,143424,1274081,143426,320000,143427,0,143427,66,143430,26,143402,1958400,143416,1267200,143422,0,143423,0,143414,100,143418,27,143423,0,143424,0,143306,1,started,
143425,100,143426,1,143503,1016160,143505,1,143505,1677928,143506,320000,143506,0,143507,66,143509,30,143502,1958400,143503,1958400,143504,0,143505,0,143503,100,143504,45,143505,0,143505,0,143424,1,started,
143506,100,143506,1,143604,1016144,143605,1,143606,1205192,143606,320000,143607,0,143607,57,143610,24,143602,1958400,143604,1267200,143605,0,143606,0,143603,100,143605,11,143605,0,143606,0,143505,1,started,
143606,100,143606,1,143704,1016784,143706,1,143706,1793505,143707,320000,143707,0,143708,75,143710,31,143703,1958400,143704,1958400,143705,0,143706,0,143704,100,143705,55,143705,0,143706,0,143606,1,started,
143706,100,143706,1,143805,1017980,143806,1,143807,1214475,143807,320000,143808,0,143808,68,143811,26,143803,1958400,143805,1267200,143806,0,143807,0,143804,90,143806,40,143806,0,143807,0,143706,1,started,
143807,100,143807,1,143907,1018300,143911,1,143913,2151793,143913,320000,143914,0,143915,66,143918,30,143904,1958400,143908,1958400,143909,1958400,143911,0,143906,66,143909,80,143910,40,143912,0,143807,1,started,
143913,100,143913,1,144006,1018300,144009,1,144011,194688,144012,320000,144012,0,144014,10,144017,6,144004,1728000,144006,1958400,144008,1958400,144010,0,144005,22,144007,0,144009,0,144010,0,143912,1,started,
144011,100,144011,1,144106,1015356,144108,1,144110,411445,144111,320000,144112,0,144113,16,144118,9,144104,1728000,144106,1958400,144107,960000,144109,0,144105,11,144107,25,144108,11,144109,0,144010,1,started,
144110,100,144110,1,144207,1015128,144210,1,144211,1231697,144212,320000,144213,0,144214,60,144217,28,144205,1267200,144207,1958400,144209,0,144210,0,144206,44,144208,90,144210,0,144211,0,144109,1,started,
144211,100,144212,1,144310,1015584,144318,1,144322,1235331,144324,320000,144325,0,144327,60,144334,25,144305,1267200,144311,1958400,144315,0,144318,0,144309,18,144314,100,144316,0,144320,0,144211,1,started,
144322,100,144322,1,144407,1015652,144409,1,144410,1816620,144410,320000,144411,0,144411,76,144414,28,144405,1958400,144408,1958400,144409,0,144409,0,144406,57,144408,100,144409,0,144410,0,144320,1,started,
144410,100,144410,1,144509,1016148,144513,1,144515,1273409,144516,320000,144517,0,144518,59,144524,25,144506,1958400,144509,1958400,144511,0,144513,0,144508,10,144511,100,144513,0,144513,0,144410,1,started,
144515,100,144515,1,144608,1016272,144610,1,144611,1347274,144611,320000,144612,0,144613,73,144616,28,144606,1267200,144608,1958400,144609,0,144610,0,144607,44,144609,100,144610,0,144610,0,144515,1,started,
144611,100,144611,1,144708,1016816,144710,1,144711,1286997,144712,320000,144712,0,144713,65,144716,25,144707,1267200,144709,1958400,144710,0,144711,0,144708,30,144710,100,144710,0,144711,0,144611,1,started,
144711,100,144711,1,144809,1018216,144811,1,144811,1620140,144812,320000,144819,0,144820,71,144829,31,144807,1958400,144809,1958400,144810,0,144811,0,144808,50,144810,90,144810,0,144811,0,144711,1,started,
144811,100,144812,1,144908,1018132,144910,1,144911,903563,144911,320000,144912,0,144912,33,144915,12,144907,1958400,144909,1958400,144910,0,144910,0,144908,45,144909,33,144910,0,144911,0,144811,1,started,
144911,100,144911,1,145009,1018216,145011,1,145013,106082,145013,320000,145014,0,145015,14,145017,3,145008,1497600,145009,1958400,145011,0,145012,0,145008,0,145010,9,145011,0,145012,0,144911,1,started,
145013,100,145013,1,145109,1015456,145111,1,145111,1192505,145112,320000,145113,0,145113,52,145116,23,145108,1958400,145110,1958400,145110,0,145111,0,145109,63,145110,40,145111,0,145111,0,145012,1,started,
145112,100,145112,1,145210,1015788,145213,1,145214,1205192,145215,320000,145216,0,145217,57,145220,23,145208,1958400,145210,1267200,145212,0,145213,0,145209,100,145211,11,145212,0,145214,0,145111,1,started,
145214,100,145215,1,145310,1016128,145311,1,145312,1504563,145313,320000,145314,0,145314,61,145317,24,145308,1958400,145310,1958400,145311,0,145312,0,145309,30,145311,100,145311,0,145312,0,145214,1,started,
145313,100,145313,1,145410,1016376,145412,1,145413,1423659,145414,320000,145415,0,145416,61,145418,26,145409,1958400,145410,1958400,145411,0,145413,0,145410,63,145411,60,145412,0,145413,0,145312,1,started,
145414,100,145414,1,145511,1016748,145513,1,145514,1446774,145515,320000,145516,0,145516,59,145519,27,145509,1958400,145511,1958400,145513,0,145514,0,145510,100,145512,25,145513,0,145514,0,145413,1,started,
145515,100,145515,1,145611,1016872,145613,1,145613,1539236,145614,320000,145614,0,145615,66,145617,23,145610,1958400,145611,1958400,145612,0,145613,0,145611,33,145612,100,145613,0,145613,0,145514,1,started,
145614,100,145614,1,145713,1016996,145718,1,145720,1365870,145722,320000,145723,0,145725,59,145732,25,145710,1958400,145713,1958400,145716,0,145718,0,145711,100,145716,18,145717,0,145719,0,145613,1,started,
145720,100,145720,1,145812,1018660,145815,1,145817,1390330,145817,320000,145818,0,145819,72,145822,28,145810,1958400,145813,1267200,145814,0,145816,0,145811,100,145814,54,145815,0,145816,0,145719,1,started,
145817,100,145817,1,145913,1019404,145918,1,145923,1181833,145924,320000,145925,0,145926,75,145928,26,145911,1958400,145914,1267200,145916,0,145918,0,145913,76,145915,70,145917,0,145920,0,145816,1,started,
145924,100,145924,1,146014,1019808,146023,1,146025,2410533,146026,320000,146027,0,146027,62,146032,35,146012,1958400,146014,1958400,146019,960000,146023,1497600,146013,75,146018,90,146021,9,146024,76,145921,1,started,
146025,100,146026,1,146114,1019380,146116,1,146118,1216371,146118,320000,146118,0,146119,27,146123,21,146113,1958400,146114,1958400,146115,960000,146117,1497600,146114,63,146115,30,146116,0,146117,22,146025,1,started,
146118,100,146118,1,146214,1019380,146217,1,146218,129197,146218,320000,146219,0,146219,2,146224,2,146213,1958400,146215,1958400,146216,960000,146217,1497600,146214,11,146216,0,146217,0,146218,0,146117,1,started,
146218,100,146218,1,146316,1016124,146319,1,146320,965821,146321,320000,146321,0,146323,46,146327,16,146314,1958400,146316,1958400,146318,960000,146319,0,146315,45,146317,27,146319,60,146320,0,146218,1,started,
146320,100,146320,1,146417,1015928,146424,1,146426,1469890,146428,320000,146429,0,146431,63,146438,27,146414,1958400,146418,1958400,146421,0,146424,0,146416,27,146420,100,146423,0,146426,0,146320,1,started,
146427,100,146428,1,146516,1016316,146518,1,146519,1851293,146520,320000,146521,0,146522,77,146526,33,146514,1958400,146516,1958400,146518,0,146519,0,146515,60,146517,100,146518,0,146519,0,146426,1,started,
146519,100,146520,1,146616,1016280,146619,1,146621,924388,146622,320000,146623,0,146624,66,146627,21,146615,1267200,146617,1958400,146619,0,146620,0,146616,80,146618,50,146619,0,146620,0,146519,1,started,
146621,100,146621,1,146716,1016648,146718,1,146718,1412101,146719,320000,146719,0,146720,58,146723,24,146715,1958400,146716,1958400,146717,0,146718,0,146716,22,146717,100,146718,0,146718,0,146620,1,started,
146719,100,146719,1,146817,1016896,146819,1,146820,1312830,146820,320000,146821,0,146822,66,146825,27,146815,1267200,146817,1958400,146818,0,146819,0,146816,36,146818,100,146819,0,146820,0,146718,1,started,
146820,100,146820,1,146924,1017440,146933,1,146937,1243942,146940,320000,146940,0,146944,69,146947,26,146917,1267200,146926,1958400,146930,0,146935,0,146922,20,146929,100,146932,0,146935,0,146820,1,started,
146937,100,146938,1,147017,1018960,147019,1,147019,1885966,147020,320000,147020,0,147021,73,147024,30,147016,1958400,147017,1958400,147018,0,147019,0,147017,63,147018,100,147019,0,147019,0,146935,1,started,
147019,100,147020,1,147118,1018876,147119,1,147120,360351,147120,320000,147121,0,147121,15,147125,6,147116,1958400,147118,1958400,147119,0,147120,0,147117,20,147119,11,147119,0,147120,0,147019,1,started,
147120,100,147120,1,147218,1018876,147220,1,147221,283827,147221,320000,147222,0,147223,31,147226,9,147216,1267200,147218,1497600,147219,0,147220,0,147217,36,147219,20,147220,0,147221,0,147120,1,started,
147221,100,147221,1,147318,1016216,147320,1,147321,511526,147322,320000,147332,0,147333,45,147339,14,147317,1267200,147319,1497600,147320,0,147321,0,147318,30,147320,60,147320,0,147321,0,147221,1,started,
147321,100,147321,1,147418,1016552,147420,1,147421,1643255,147422,320000,147423,0,147424,81,147426,29,147417,1958400,147419,1958400,147420,0,147420,0,147418,42,147419,100,147420,0,147420,0,147321,1,started,
147421,100,147422,1,147519,1016924,147521,1,147524,1273409,147526,320000,147527,0,147535,59,147545,25,147518,1958400,147519,1958400,147521,0,147521,0,147519,10,147520,100,147521,0,147522,0,147421,1,started,
147525,100,147525,1,147619,1017048,147621,1,147622,1885966,147623,320000,147624,0,147625,78,147627,32,147618,1958400,147620,1958400,147621,0,147621,0,147619,63,147620,100,147621,0,147621,0,147522,1,started,
147622,100,147622,1,147720,1017420,147723,1,147725,1469890,147727,320000,147728,0,147729,61,147735,27,147718,1958400,147720,1958400,147721,0,147724,0,147719,27,147721,100,147723,0,147724,0,147622,1,started,
147725,100,147726,1,147820,1017420,147821,1,147822,1585466,147823,320000,147824,0,147824,72,147827,28,147818,1958400,147820,1958400,147821,0,147822,0,147819,37,147821,100,147821,0,147822,0,147725,1,started,
147823,100,147823,1,147920,1018184,147922,1,147923,1284966,147925,320000,147927,0,147929,57,147937,23,147919,1958400,147920,1958400,147921,0,147922,0,147920,11,147921,100,147921,0,147923,0,147822,1,started,
147924,100,147924,1,148020,1019156,148028,1,148031,1724159,148033,320000,148033,0,148034,72,148037,30,148019,1958400,148021,1958400,148021,0,148028,0,148020,77,148021,72,148022,0,148029,0,147923,1,started,
148032,100,148032,1,148121,1019716,148124,1,148124,1832667,148125,320000,148126,0,148127,64,148138,38,148119,1958400,148121,1958400,148123,1497600,148124,0,148120,50,148122,70,148123,70,148124,0,148030,1,started,
148124,100,148125,1,148222,1020284,148226,1,148228,2223929,148229,320000,148230,0,148230,64,148236,45,148220,1958400,148222,1958400,148224,1190400,148226,1497600,148221,100,148223,72,148225,63,148228,0,148124,1,started,
148228,100,148229,1,148323,1020632,148326,1,148328,679791,148329,200000,148329,0,148330,17,148334,13,148321,1958400,148324,1958400,148325,1190400,148327,1497600,148323,27,148325,22,148326,30,148327,0,148228,1,started,
148328,100,148328,1,148423,1020756,148425,1,148427,487486,148428,320000,148428,0,148429,10,148440,8,148421,1958400,148423,1958400,148424,1190400,148426,1497600,148422,22,148424,20,148425,0,148427,0,148328,1,started,
148427,100,148427,1,148523,1016296,148526,1,148527,1010208,148528,320000,148529,0,148530,46,148533,27,148521,1958400,148523,1497600,148525,0,148526,0,148522,45,148524,77,148525,0,148527,0,148427,1,started,
148528,100,148528,1,148623,1016524,148625,1,148625,1423659,148626,320000,148627,0,148627,63,148630,21,148622,1958400,148623,1958400,148624,0,148625,0,148623,33,148624,90,148625,0,148625,0,148527,1,started,
148626,100,148626,1,148724,1016524,148727,1,148728,1200887,148731,320000,148732,0,148735,59,148738,25,148722,1958400,148724,1267200,148726,0,148727,0,148723,100,148725,10,148726,0,148728,0,148625,1,started,
148728,100,148729,1,148826,1016772,148829,1,148830,1265470,148831,320000,148832,0,148833,66,148837,25,148824,1958400,148826,1267200,148828,0,148829,0,148825,100,148828,25,148828,0,148830,0,148728,1,started,
148830,100,148831,1,148924,1016896,148925,1,148926,1423659,148927,320000,148927,0,148928,55,148930,17,148922,1958400,148924,1958400,148925,0,148926,0,148923,33,148925,90,148925,0,148926,0,148830,1,started,
148926,100,148926,1,149024,1017268,149027,1,149028,1042255,149029,320000,149029,0,149030,52,149033,21,149023,1958400,149025,1958400,149026,0,149027,0,149024,90,149026,0,149026,0,149027,0,148926,1,started,
149028,100,149028,1,149124,1017392,149126,1,149127,1504563,149127,320000,149127,0,149128,65,149130,28,149123,1958400,149125,1958400,149125,0,149126,0,149124,100,149125,30,149126,0,149126,0,149028,1,started,
149127,100,149127,1,149225,1018184,149227,1,149228,1157832,149228,320000,149229,0,149230,55,149240,21,149223,1958400,149225,1267200,149227,0,149227,0,149225,100,149226,0,149227,0,149228,0,149126,1,started,
149228,100,149228,1,149325,1019356,149327,1,149328,1254136,149328,320000,149329,0,149329,64,149332,24,149324,1958400,149326,1728000,149327,0,149327,0,149325,50,149326,77,149327,0,149328,0,149228,1,started,
149328,100,149328,1,149425,1019304,149427,1,149428,233216,149429,320000,149430,0,149430,10,149433,4,149424,1958400,149426,1728000,149427,0,149428,0,149425,20,149426,0,149427,0,149428,0,149328,1,started,
149428,100,149429,1,149526,1016028,149528,1,149529,488236,149530,320000,149530,0,149531,25,149534,8,149524,1497600,149526,1958400,149528,0,149529,0,149525,22,149527,30,149528,0,149529,0,149428,1,started,
149529,100,149529,1,149626,1016380,149629,1,149631,1006437,149631,320000,149632,0,149633,63,149636,24,149625,1267200,149627,1958400,149628,0,149630,0,149626,40,149628,72,149629,0,149630,0,149529,1,started,
149631,100,149631,1,149730,1016972,149739,1,149740,1243942,149741,320000,149741,0,149742,60,149744,24,149725,1267200,149731,1958400,149738,0,149739,0,149728,20,149738,100,149739,0,149740,0,149630,1,started,
149740,100,149740,1,149827,1017368,149829,1,149830,1319640,149831,320000,149831,0,149832,60,149834,22,149825,1958400,149827,1958400,149828,0,149829,0,149826,100,149828,14,149829,0,149830,0,149740,1,started,
149830,100,149830,1,149927,1017584,149930,1,149933,1128365,149934,320000,149934,0,149935,57,149937,23,149926,1958400,149928,1267200,149929,0,149931,0,149927,90,149929,20,149930,0,149932,0,149830,1,started,
149933,100,149933,1,150027,1017956,150029,1,150029,1446774,150030,320000,150030,0,150031,64,150033,23,150026,1958400,150027,1958400,150028,0,150029,0,150027,25,150028,100,150028,0,150029,0,149932,1,started,
150029,100,150029,1,150128,1018080,150130,1,150130,1328966,150131,320000,150131,0,150133,61,150140,28,150126,1497600,150128,1958400,150129,0,150130,0,150127,27,150129,100,150129,0,150130,0,150029,1,started,
150130,100,150131,1,150228,1018948,150230,1,150230,1620140,150231,320000,150231,0,150232,70,150239,29,150226,1958400,150228,1958400,150229,0,150230,0,150227,40,150229,100,150229,0,150230,0,150130,1,started,
150230,100,150230,1,150328,1020296,150333,1,150337,1237261,150340,320000,150340,0,150345,76,150364,31,150327,1497600,150329,1958400,150331,0,150333,0,150328,80,150330,63,150332,0,150334,0,150230,1,started,
150338,100,150338,1,150428,1020296,150430,1,150431,1689486,150431,320000,150432,0,150432,64,150434,26,150427,1958400,150429,1958400,150430,0,150430,0,150428,80,150429,66,150430,0,150431,0,150337,1,started,
150431,100,150431,1,150529,1020296,150531,1,150533,314120,150534,320000,150534,0,150536,15,150539,5,150527,1958400,150529,1958400,150531,0,150532,0,150529,27,150531,0,150531,0,150532,0,150431,1,started,
150533,100,150533,1,150629,1017228,150631,1,150632,700750,150633,320000,150634,0,150635,40,150639,16,150628,1497600,150629,1958400,150631,0,150631,0,150629,30,150630,44,150631,0,150632,0,150533,1,started,
150632,100,150633,1,150683,1017476,150691,1,150694,1265470,150696,320000,150698,0,150700,72,150707,27,150678,1267200,150684,1958400,150689,0,150691,0,150681,25,150688,100,150689,0,150693,0,150632,1,started,
150694,100,150695,1,150779,1017952,150781,1,150782,1735716,150782,320000,150782,0,150783,75,150785,30,150778,1958400,150780,1958400,150780,0,150781,0,150779,50,150780,100,150781,0,150781,0,150693,1,started,
150782,100,150782,1,150880,1018200,150888,1,150889,1388986,150889,320000,150890,0,150891,60,150893,25,150878,1958400,150883,1958400,150887,0,150888,0,150879,20,150885,100,150887,0,150888,0,150781,1,started,
150889,100,150889,1,150980,1018448,150982,1,150982,1330052,150983,320000,150983,0,150984,68,150993,27,150979,1267200,150980,1958400,150981,0,150982,0,150980,40,150981,100,150982,0,150982,0,150888,1,started,
150983,100,150983,1,151080,1014468,151083,1,151084,1326419,151084,320000,151085,0,151086,78,151088,28,151079,1267200,151081,1958400,151082,0,151083,0,151080,66,151081,90,151082,0,151083,0,150982,1,started,
151084,100,151084,1,151181,1014468,151182,1,151183,1412101,151183,320000,151184,0,151184,63,151187,23,151179,1958400,151181,1958400,151182,0,151183,0,151180,100,151182,22,151182,0,151183,0,151083,1,started,
151183,100,151183,1,151281,1015404,151283,1,151283,1469890,151284,320000,151284,0,151285,61,151287,27,151279,1958400,151281,1958400,151282,0,151283,0,151280,100,151282,27,151282,0,151283,0,151183,1,started,
151283,100,151283,1,151382,1016124,151385,1,151386,1153511,151387,320000,151388,0,151389,60,151392,23,151380,1958400,151383,1267200,151384,0,151385,0,151382,81,151384,50,151384,0,151386,0,151283,1,started,
151386,100,151387,1,151483,1016124,151486,1,151487,504250,151488,320000,151489,0,151490,28,151493,10,151481,1958400,151484,1267200,151485,0,151486,0,151482,36,151485,20,151486,0,151487,0,151386,1,started,
151487,100,151488,1,151582,1013012,151584,1,151585,545274,151585,320000,151586,0,151587,30,151589,10,151581,1958400,151583,1958400,151584,0,151584,0,151582,11,151584,36,151584,0,151585,0,151487,1,started,
151585,100,151585,1,151683,1013524,151684,1,151685,1308082,151686,320000,151686,0,151687,52,151689,23,151681,1958400,151683,1958400,151684,0,151685,0,151682,36,151684,77,151684,0,151685,0,151585,1,started,
151685,100,151685,1,151783,1014052,151786,1,151787,1312830,151787,320000,151788,0,151789,66,151792,27,151782,1958400,151784,1267200,151785,0,151786,0,151783,100,151785,36,151786,0,151786,0,151685,1,started,
151787,100,151787,1,151884,1014424,151887,1,151888,1218781,151889,320000,151890,0,151891,63,151894,25,151882,1958400,151884,1267200,151886,0,151887,0,151883,90,151885,41,151886,0,151888,0,151787,1,started,
151888,100,151889,1,151984,1014672,151985,1,151986,1469890,151987,320000,151987,0,151988,65,151991,22,151982,1958400,151984,1958400,151985,0,151985,0,151983,55,151985,72,151985,0,151986,0,151888,1,started,
151986,100,151986,1,152084,1015292,152086,1,152086,1388986,152087,320000,152087,0,152088,60,152090,25,152083,1958400,152084,1958400,152085,0,152086,0,152084,20,152085,100,152085,0,152086,0,151986,1,started,
152086,100,152086,1,152185,1015540,152187,1,152187,1316289,152188,320000,152188,0,152189,66,152192,26,152183,1497600,152185,1958400,152186,0,152187,0,152184,25,152186,100,152186,0,152187,0,152086,1,started,
152187,100,152187,1,152285,1016580,152286,1,152287,1504563,152287,320000,152288,0,152288,65,152291,26,152283,1958400,152285,1958400,152286,0,152286,0,152284,30,152286,100,152286,0,152287,0,152187,1,started,
152287,100,152287,1,152386,1018032,152392,1,152399,1141954,152401,320000,152405,0,152414,72,152428,28,152383,1267200,152386,1958400,152390,0,152392,0,152385,50,152389,80,152390,0,152396,0,152287,1,started,
152399,100,152399,1,152485,1018344,152491,1,152493,2198024,152493,320000,152494,0,152495,80,152499,31,152484,1958400,152486,1958400,152487,1958400,152492,0,152485,80,152487,77,152491,33,152492,0,152397,1,started,
152493,100,152493,1,152586,1019224,152589,1,152590,2614101,152592,200000,152592,0,152594,75,152598,48,152584,1958400,152586,1958400,152587,1958400,152589,0,152585,66,152587,70,152588,90,152590,0,152492,1,started,
152591,100,152591,1,152686,1019692,152688,1,152689,1597024,152690,200000,152690,0,152691,40,152694,25,152684,1958400,152686,1958400,152687,1958400,152689,0,152685,44,152687,44,152688,50,152689,0,152590,1,started,
152689,100,152689,1,152786,1019860,152788,1,152789,391848,152790,320000,152790,0,152791,12,152794,7,152785,1958400,152786,1267200,152787,1958400,152789,0,152786,30,152787,10,152788,0,152789,0,152689,1,started,
152789,100,152789,1,152886,1017256,152889,1,152890,715464,152890,320000,152891,0,152891,23,152904,10,152885,1958400,152887,1267200,152888,1958400,152889,0,152886,40,152888,10,152889,18,152890,0,152789,1,started,
152890,100,152890,1,152987,1017292,152990,1,152991,1205192,152992,320000,152993,0,152994,57,152997,19,152986,1958400,152988,1267200,152989,0,152990,0,152987,100,152989,11,152989,0,152990,0,152890,1,started,
152991,100,152991,1,153087,1017840,153089,1,153089,1296524,153090,320000,153090,0,153091,56,153096,19,153086,1958400,153087,1958400,153088,0,153089,0,153087,12,153088,100,153089,0,153089,0,152991,1,started,
153089,100,153089,1,153187,1018088,153189,1,153190,1157832,153190,320000,153191,0,153191,52,153194,21,153186,1958400,153188,1958400,153189,0,153189,0,153187,60,153188,40,153189,0,153190,0,153089,1,started,
153190,100,153190,1,153288,1018584,153290,1,153291,1273409,153292,320000,153293,0,153294,59,153296,25,153286,1958400,153288,1958400,153290,0,153291,0,153287,100,153289,10,153290,0,153291,0,153190,1,started,
153292,100,153292,1,153388,1019084,153390,1,153390,1735716,153391,320000,153391,0,153392,70,153394,27,153387,1958400,153388,1958400,153389,0,153390,0,153388,50,153389,100,153390,0,153390,0,153291,1,started,
153391,100,153391,1,153488,1019332,153490,1,153491,1273409,153491,320000,153501,0,153502,56,153504,26,153487,1958400,153489,1958400,153490,0,153491,0,153488,10,153490,100,153490,0,153491,0,153390,1,started,
153491,100,153491,1,153588,1019096,153590,1,153591,2036216,153591,320000,153592,0,153592,86,153595,34,153587,1958400,153589,1958400,153590,0,153590,0,153588,76,153589,100,153590,0,153591,0,153491,1,started,
153591,100,153591,1,153689,1020104,153691,1,153692,1388986,153692,320000,153693,0,153693,65,153695,28,153688,1958400,153689,1958400,153690,0,153691,0,153689,90,153690,30,153691,0,153691,0,153591,1,started,
153692,100,153692,1,153790,1020020,153792,1,153793,591136,153793,320000,153794,0,153795,26,153798,10,153788,1958400,153790,1497600,153791,0,153792,0,153789,40,153791,20,153791,0,153792,0,153691,1,started,
153793,100,153793,1,153890,1020020,153893,1,153894,172252,153895,320000,153896,0,153897,14,153900,5,153888,1958400,153890,1267200,153892,0,153893,0,153890,11,153892,10,153893,0,153894,0,153793,1,started,
153895,100,153895,1,153991,1016740,153993,1,153994,467058,153995,320000,153996,0,153997,52,154000,15,153989,1267200,153991,1267200,153993,0,153994,0,153990,36,153992,72,153993,0,153994,0,153894,1,started,
153994,100,153995,1,154091,1017052,154093,1,154094,924174,154095,320000,154095,0,154096,52,154099,17,154089,1958400,154091,1267200,154092,0,154093,0,154090,66,154092,37,154093,0,154094,0,153994,1,started,
154094,100,154094,1,154191,1017424,154193,1,154194,1171420,154195,320000,154195,0,154196,61,154199,24,154189,1958400,154192,1267200,154193,0,154194,0,154191,90,154193,30,154193,0,154194,0,154094,1,started,
154194,100,154195,1,154291,1017672,154293,1,154293,1446774,154294,320000,154294,0,154295,66,154297,20,154290,1958400,154291,1958400,154292,0,154293,0,154291,25,154292,100,154293,0,154293,0,154194,1,started,
154294,100,154294,1,154392,1017804,154394,1,154396,1365870,154397,320000,154397,0,154398,55,154401,23,154390,1958400,154392,1958400,154394,0,154395,0,154391,100,154393,18,154394,0,154395,0,154293,1,started,
154396,100,154396,1,154492,1018300,154496,1,154497,1200887,154498,320000,154499,0,154500,55,154503,23,154490,1958400,154493,1267200,154495,0,154496,0,154492,100,154495,10,154496,0,154497,0,154396,1,started,
154498,100,154498,1,154592,1018300,154594,1,154595,1689486,154596,320000,154597,0,154597,66,154600,24,154591,1958400,154592,1958400,154594,0,154595,0,154592,46,154593,100,154594,0,154595,0,154497,1,started,
154595,100,154596,1,154694,1019092,154696,1,154697,1284966,154698,320000,154699,0,154699,57,154702,24,154692,1958400,154694,1958400,154696,0,154697,0,154693,100,154695,11,154696,0,154697,0,154595,1,started,
154697,100,154698,1,154794,1020008,154796,1,154796,881333,154797,320000,154797,0,154798,61,154800,22,154793,1958400,154794,1267200,154795,0,154796,0,154794,50,154795,70,154795,0,154796,0,154697,1,started,
154796,100,154797,1,154895,1020544,154898,1,154899,1562351,154900,320000,154900,0,154901,68,154903,28,154893,1958400,154895,1958400,154896,0,154899,0,154894,72,154896,63,154896,0,154899,0,154796,1,started,
154899,100,154900,1,154995,1020668,154997,1,154998,483626,154998,320000,154999,0,154999,26,155002,10,154994,1728000,154996,1728000,154997,0,154997,0,154995,25,154996,30,154997,0,154998,0,154899,1,started,
154998,100,154998,1,155096,1019264,155098,1,155099,342442,155100,320000,155100,0,155101,21,155106,7,155094,1958400,155096,1267200,155098,0,155098,0,155095,22,155097,20,155098,0,155099,0,154998,1,started,
155099,100,155099,1,155197,1017612,155199,1,155200,355115,155201,320000,155203,0,155208,50,155216,13,155195,1267200,155197,1267200,155198,0,155199,0,155196,10,155198,72,155199,0,155200,0,155099,1,started,
155200,100,155200,1,155296,1018060,155298,1,155298,1735716,155299,320000,155299,0,155300,72,155302,29,155295,1958400,155296,1958400,155297,0,155298,0,155296,50,155297,100,155298,0,155298,0,155200,1,started,
155298,100,155299,1,155397,1018304,155398,1,155399,1539236,155399,320000,155400,0,155401,68,155403,28,155395,1958400,155397,1958400,155398,0,155399,0,155396,33,155398,100,155398,0,155399,0,155298,1,started,
155399,100,155399,1,155497,1018552,155498,1,155499,1631697,155499,320000,155500,0,155500,68,155503,30,155495,1958400,155497,1958400,155498,0,155499,0,155496,41,155498,100,155498,0,155499,0,155399,1,started,
155499,100,155499,1,155602,1018924,155610,1,155614,1243942,155616,320000,155618,0,155620,66,155626,26,155597,1267200,155604,1958400,155609,0,155611,0,155600,20,155607,100,155609,0,155612,0,155499,1,started,
155614,100,155615,1,155697,1019048,155699,1,155700,1735716,155700,320000,155700,0,155701,68,155704,29,155696,1958400,155698,1958400,155699,0,155699,0,155697,50,155698,100,155699,0,155699,0,155613,1,started,
155700,100,155700,1,155798,1020168,155800,1,155801,1252553,155802,320000,155803,0,155806,66,155814,26,155796,1267200,155798,1958400,155800,0,155801,0,155798,22,155799,100,155800,0,155801,0,155699,1,started,
155801,100,155801,1,155899,1021056,155900,1,155901,1643255,155901,320000,155902,0,155903,70,155905,29,155897,1958400,155899,1958400,155900,0,155901,0,155898,70,155900,72,155900,0,155901,0,155801,1,started,
155901,100,155901,1,155999,1021168,156001,1,156003,314120,156004,320000,156004,0,156005,15,156008,6,155998,1958400,156000,1958400,156001,0,156002,0,155999,27,156000,0,156001,0,156002,0,155901,1,started,
156003,100,156003,1,156100,1018280,156103,1,156105,507425,156106,320000,156106,0,156107,28,156111,11,156098,1958400,156101,1267200,156103,0,156104,0,156099,40,156102,10,156103,0,156104,0,156002,1,started,
156105,100,156105,1,156199,1017680,156201,1,156202,1885966,156202,320000,156203,0,156203,78,156206,29,156198,1958400,156200,1958400,156201,0,156201,0,156199,63,156200,100,156201,0,156202,0,156104,1,started,
156202,100,156202,1,156300,1017800,156302,1,156302,1169390,156303,320000,156303,0,156304,52,156306,21,156299,1958400,156300,1958400,156301,0,156302,0,156299,90,156301,11,156301,0,156302,0,156202,1,started,
156303,100,156303,1,156400,1017852,156402,1,156403,1620140,156403,320000,156403,0,156404,71,156406,27,156399,1958400,156400,1958400,156401,0,156402,0,156400,60,156401,80,156402,0,156402,0,156302,1,started,
156403,100,156403,1,156500,1018080,156502,1,156503,1342755,156503,320000,156504,0,156504,55,156506,23,156499,1958400,156501,1958400,156502,0,156502,0,156500,72,156501,44,156502,0,156503,0,156402,1,started,
156503,100,156503,1,156602,1018452,156605,1,156606,1119754,156607,320000,156608,0,156609,55,156612,23,156600,1958400,156602,1267200,156604,0,156605,0,156601,90,156603,18,156604,0,156606,0,156503,1,started,
156606,100,156607,1,156701,1018576,156703,1,156703,1677928,156704,320000,156704,0,156705,72,156707,31,156700,1958400,156701,1958400,156702,0,156703,0,156701,100,156702,45,156702,0,156703,0,156606,1,started,
156703,100,156703,1,156802,1019216,156804,1,156806,1274081,156807,320000,156808,0,156809,60,156818,25,156800,1958400,156802,1267200,156804,0,156804,0,156801,100,156803,27,156804,0,156805,0,156703,1,started,
156806,100,156806,1,156902,1020676,156903,1,156904,1735716,156904,320000,156905,0,156906,73,156911,31,156900,1958400,156902,1958400,156903,0,156904,0,156901,80,156903,70,156903,0,156904,0,156805,1,started,
156904,100,156904,1,157002,1021616,157007,1,157007,1868563,157008,320000,157008,0,157009,65,157018,32,157001,1958400,157003,1958400,157004,1190400,157007,0,157001,60,157004,88,157006,42,157007,0,156904,1,started,
157007,100,157007,1,157103,1021740,157109,1,157112,1330689,157113,320000,157113,0,157114,61,157119,32,157101,1958400,157104,1958400,157107,960000,157111,0,157102,70,157106,33,157109,63,157111,0,157007,1,started,
157112,100,157112,1,157203,1021864,157206,1,157207,1562023,157207,200000,157208,0,157209,57,157214,30,157202,1958400,157204,1574400,157205,960000,157206,0,157203,90,157204,63,157206,33,157207,0,157111,1,started,
157207,100,157207,1,157304,1021840,157306,1,157307,245464,157308,320000,157308,0,157309,10,157312,5,157302,1958400,157304,1574400,157305,960000,157307,0,157303,10,157305,18,157306,0,157307,0,157207,1,started,
157307,100,157307,1,157404,1019192,157407,1,157408,969504,157409,320000,157409,0,157410,32,157414,16,157402,1958400,157404,1267200,157406,1958400,157407,0,157404,27,157405,18,157407,50,157408,0,157307,1,started,
157408,100,157408,1,157505,1019116,157508,1,157509,1205192,157510,320000,157511,0,157512,52,157515,24,157503,1958400,157505,1267200,157507,0,157508,0,157504,100,157506,11,157508,0,157509,0,157408,1,started,
157510,100,157510,1,157604,1019596,157606,1,157606,1539236,157607,320000,157607,0,157608,65,157610,25,157603,1958400,157604,1958400,157605,0,157606,0,157604,33,157605,100,157605,0,157606,0,157509,1,started,
157606,100,157606,1,157704,1019720,157706,1,157707,1319640,157707,320000,157708,0,157708,61,157711,25,157703,1958400,157705,1958400,157706,0,157706,0,157704,44,157705,70,157706,0,157707,0,157606,1,started,
157707,100,157707,1,157805,1019968,157810,1,157812,1157832,157814,320000,157815,0,157816,57,157822,21,157803,1958400,157807,1958400,157809,0,157811,0,157805,100,157808,0,157809,0,157812,0,157707,1,started,
157813,100,157813,1,157905,1020340,157907,1,157907,1412101,157908,320000,157908,0,157909,58,157911,24,157903,1958400,157905,1958400,157906,0,157907,0,157904,100,157906,22,157906,0,157907,0,157812,1,started,
157907,100,157907,1,158005,1020340,158014,1,158014,1205192,158015,320000,158015,0,158016,55,158018,22,158004,1958400,158012,1267200,158013,0,158014,0,158005,100,158013,11,158014,0,158014,0,157907,1,started,
158014,100,158015,1,158106,1021460,158107,1,158108,1296524,158108,320000,158109,0,158109,62,158111,23,158104,1958400,158106,1958400,158107,0,158108,0,158105,12,158107,100,158107,0,158108,0,158014,1,started,
158108,100,158108,1,158209,1022276,158211,1,158212,1141954,158213,320000,158214,0,158216,65,158219,25,158207,1267200,158209,1958400,158210,0,158211,0,158208,50,158210,80,158210,0,158212,0,158108,1,started,
158212,100,158213,1,158309,1022276,158311,1,158312,360351,158313,320000,158313,0,158314,15,158316,6,158307,1958400,158309,1958400,158310,0,158311,0,158308,20,158310,11,158311,0,158312,0,158212,1,started,
158312,100,158313,1,158409,1019100,158412,1,158413,336867,158414,320000,158414,0,158415,23,158418,9,158408,1958400,158410,1497600,158411,0,158412,0,158409,18,158410,20,158412,0,158413,0,158312,1,started,
158413,100,158413,1,158509,1019608,158511,1,158512,1128365,158512,320000,158513,0,158514,52,158518,21,158508,1958400,158510,1267200,158510,0,158511,0,158509,90,158510,20,158511,0,158511,0,158413,1,started,
158512,100,158512,1,158610,1019744,158611,1,158612,1423659,158613,320000,158613,0,158614,64,158616,24,158608,1958400,158610,1958400,158611,0,158612,0,158609,57,158611,66,158611,0,158612,0,158511,1,started,
158612,100,158612,1,158710,1019180,158712,1,158713,1735716,158713,320000,158714,0,158714,71,158717,30,158709,1958400,158710,1958400,158711,0,158712,0,158710,70,158711,80,158712,0,158712,0,158612,1,started,
158713,100,158713,1,158810,1019180,158812,1,158812,1354313,158813,320000,158813,0,158814,60,158816,25,158809,1958400,158810,1958400,158811,0,158812,0,158810,72,158811,45,158812,0,158812,0,158712,1,started,
158813,100,158813,1,158911,1019552,158913,1,158915,1388986,158916,320000,158916,0,158917,60,158920,25,158909,1958400,158911,1958400,158913,0,158914,0,158910,20,158912,100,158913,0,158914,0,158812,1,started,
158915,100,158915,1,159011,1019552,159014,1,159016,1200887,159017,320000,159017,0,159018,55,159021,23,159010,1267200,159012,1958400,159013,0,159015,0,159011,10,159013,100,159014,0,159015,0,158915,1,started,
159016,100,159016,1,159112,1020028,159114,1,159115,1252553,159115,320000,159117,0,159118,63,159121,24,159110,1267200,159112,1958400,159113,0,159114,0,159111,22,159113,100,159113,0,159114,0,159015,1,started,
159115,100,159115,1,159212,1021204,159215,1,159216,1051309,159217,320000,159218,0,159219,58,159223,22,159210,1267200,159212,1958400,159214,0,159215,0,159211,37,159214,77,159215,0,159216,0,159114,1,started,
159217,100,159217,1,159312,1021996,159314,1,159315,1851293,159316,320000,159317,0,159318,80,159321,30,159310,1958400,159312,1958400,159313,0,159314,0,159311,90,159313,70,159313,0,159315,0,159216,1,started,
159315,100,159315,1,159412,1022500,159414,1,159414,1539236,159415,320000,159415,0,159419,66,159423,28,159411,1958400,159412,1958400,159413,0,159414,0,159411,63,159413,70,159413,0,159414,0,159315,1,started,
159414,100,159415,1,159512,1022832,159516,1,159517,2094005,159518,320000,159518,0,159520,75,159524,34,159511,1958400,159513,1958400,159514,1958400,159516,0,159512,81,159514,80,159515,20,159516,0,159414,1,started,
159517,100,159517,1,159613,1023112,159616,1,159617,2236540,159618,200000,159619,0,159620,67,159623,43,159611,1958400,159613,1958400,159615,1728000,159617,0,159612,75,159614,60,159616,77,159617,0,159517,1,started,
159618,100,159618,1,159713,1023228,159716,1,159717,753313,159718,320000,159718,0,159719,19,159722,12,159712,1958400,159713,1958400,159715,1958400,159716,0,159713,36,159714,9,159716,20,159717,0,159617,1,started,
159717,100,159717,1,159814,1022524,159817,1,159818,122617,159819,320000,159820,0,159821,14,159826,6,159812,1267200,159815,1267200,159817,0,159818,0,159814,10,159816,18,159817,0,159818,0,159717,1,started,
159818,100,159819,1,159914,1020700,159916,1,159917,1504563,159918,320000,159918,0,159919,65,159921,28,159912,1958400,159914,1958400,159915,0,159916,0,159913,40,159915,90,159916,0,159916,0,159818,1,started,
159917,100,159917,1,160015,1021068,160020,1,160023,1265470,160025,320000,160027,0,160027,70,160034,26,160013,1267200,160015,1958400,160018,0,160021,0,160014,25,160016,100,160018,0,160021,0,159917,1,started,
160023,100,160025,1,160114,1021316,160116,1,160117,1562351,160118,320000,160119,0,160119,60,160122,25,160113,1958400,160115,1958400,160116,0,160117,0,160114,45,160115,90,160116,0,160117,0,160023,1,started,
160118,100,160118,1,160214,1021440,160217,1,160218,1331197,160218,320000,160219,0,160220,58,160222,24,160213,1958400,160215,1958400,160216,0,160217,0,160214,75,160216,40,160216,0,160217,0,160117,1,started,
160218,100,160218,1,160317,1021728,160321,1,160326,1365870,160328,320000,160328,0,160333,60,160340,28,160314,1958400,160318,1958400,160321,0,160323,0,160317,18,160320,100,160321,0,160324,0,160217,1,started,
160326,100,160326,1,160415,1021796,160417,1,160417,1851293,160418,320000,160418,0,160419,77,160421,30,160414,1958400,160415,1958400,160416,0,160417,0,160415,60,160416,100,160416,0,160417,0,160325,1,started,
160417,100,160417,1,160515,1022960,160517,1,160518,1284966,160518,320000,160519,0,160519,57,160522,24,160514,1958400,160516,1958400,160517,0,160517,0,160515,11,160516,100,160517,0,160518,0,160417,1,started,
160518,100,160518,1,160615,1023740,160617,1,160618,1412101,160618,320000,160619,0,160619,61,160622,24,160614,1958400,160616,1958400,160617,0,160617,0,160615,62,160616,60,160617,0,160618,0,160518,1,started,
160618,100,160618,1,160717,1023740,160719,1,160720,117639,160721,320000,160722,0,160723,10,160727,4,160715,1958400,160717,1958400,160718,0,160720,0,160716,0,160718,10,160719,0,160720,0,160618,1,started,
160721,100,160721,1,160817,1020608,160819,1,160820,700044,160820,320000,160821,0,160822,38,160826,13,160815,1267200,160817,1958400,160818,0,160819,0,160816,44,160818,44,160819,0,160820,0,160720,1,started,
160820,100,160820,1,160921,1021016,160926,1,160928,1158504,160930,320000,160932,0,160933,66,160944,26,160917,1267200,160921,1958400,160924,0,160927,0,160919,27,160924,90,160926,0,160928,0,160820,1,started,
160928,100,160930,1,161017,1021508,161019,1,161019,1390330,161020,320000,161020,0,161021,70,161033,28,161015,1267200,161017,1958400,161018,0,161019,0,161016,54,161018,100,161018,0,161019,0,160928,1,started,
161019,100,161019,1,161117,1021716,161119,1,161120,1585466,161120,320000,161120,0,161121,68,161124,29,161116,1958400,161117,1958400,161119,0,161119,0,161117,77,161118,60,161119,0,161119,0,161019,1,started,
161120,100,161120,1,161217,1021344,161219,1,161220,1666370,161220,320000,161221,0,161221,71,161224,31,161216,1958400,161218,1958400,161219,0,161219,0,161217,54,161218,90,161219,0,161220,0,161119,1,started,
161220,100,161220,1,161318,1021468,161320,1,161321,1273409,161322,320000,161323,0,161324,57,161327,25,161317,1958400,161319,1958400,161320,0,161321,0,161318,100,161319,10,161320,0,161321,0,161220,1,started,
161322,100,161322,1,161418,1021480,161420,1,161421,1677928,161421,320000,161422,0,161422,71,161425,29,161417,1958400,161418,1958400,161419,0,161420,0,161418,100,161419,45,161420,0,161420,0,161321,1,started,
161421,100,161421,1,161519,1022732,161520,1,161521,1469890,161521,320000,161522,0,161523,61,161526,27,161517,1958400,161519,1958400,161520,0,161520,0,161518,100,161520,27,161520,0,161521,0,161421,1,started,
161521,100,161521,1,161620,1023296,161625,1,161627,2050980,161627,320000,161628,0,161629,84,161633,34,161618,1958400,161620,1958400,161621,960000,161626,0,161619,85,161621,90,161623,12,161626,0,161521,1,started,
161627,100,161627,1,161720,1023444,161723,1,161725,821477,161726,320000,161726,0,161727,25,161731,14,161718,1958400,161720,1958400,161721,960000,161724,0,161719,36,161721,33,161723,10,161724,0,161626,1,started,
161725,100,161725,1,161820,1023444,161823,1,161825,301418,161825,320000,161826,0,161827,16,161830,7,161818,1958400,161821,1267200,161822,960000,161824,0,161820,11,161822,40,161823,0,161824,0,161724,1,started,
161825,100,161825,1,161921,1020752,161924,1,161925,575169,161926,320000,161926,0,161927,29,161931,14,161919,1958400,161921,1267200,161922,960000,161924,0,161920,25,161922,66,161923,0,161924,0,161824,1,started,
161925,100,161925,1,162021,1020704,162023,1,162024,612102,162024,320000,162025,0,162025,60,162027,17,162019,1958400,162021,1267200,162023,0,162023,0,162020,20,162022,88,162023,0,162024,0,161925,1,started,
162024,100,162024,1,162121,1021156,162128,1,162129,1331197,162130,320000,162130,0,162131,57,162135,25,162119,1958400,162121,1958400,162124,0,162128,0,162120,70,162124,45,162127,0,162128,0,162024,1,started,
162129,100,162129,1,162221,1021268,162223,1,162223,1781947,162224,320000,162224,0,162225,71,162227,26,162220,1958400,162221,1958400,162222,0,162223,0,162221,54,162222,100,162223,0,162223,0,162129,1,started,
162224,100,162224,1,162322,1021516,162325,1,162326,1136976,162327,320000,162328,0,162329,61,162332,24,162320,1958400,162322,1267200,162324,0,162325,0,162321,90,162323,22,162324,0,162325,0,162223,1,started,
162326,100,162326,1,162425,1021692,162430,1,162432,1265470,162433,320000,162433,0,162434,62,162437,25,162421,1958400,162425,1267200,162429,0,162431,0,162423,100,162429,25,162430,0,162431,0,162326,1,started,
162432,100,162432,1,162522,1021816,162525,1,162525,1390330,162526,320000,162527,0,162527,73,162531,30,162521,1958400,162523,1267200,162524,0,162525,0,162522,100,162524,54,162524,0,162525,0,162431,1,started,
162526,100,162526,1,162624,1023076,162628,1,162629,1388986,162629,320000,162641,0,162642,60,162645,24,162621,1958400,162624,1958400,162628,0,162628,0,162622,90,162627,30,162628,0,162629,0,162525,1,started,
162629,100,162629,1,162724,1023944,162727,1,162727,1426576,162728,320000,162728,0,162729,63,162732,27,162722,1958400,162725,1574400,162726,960000,162727,0,162724,75,162725,60,162726,60,162727,0,162629,1,started,
162727,100,162727,1,162824,1023944,162826,1,162827,129197,162828,320000,162828,0,162829,3,162832,2,162822,1958400,162824,1574400,162825,960000,162826,0,162823,11,162825,0,162826,0,162827,0,162727,1,started,
162827,100,162827,1,162925,1020916,162928,1,162931,538465,162932,320000,162933,0,162934,29,162940,13,162922,1958400,162925,1267200,162927,960000,162929,0,162924,33,162926,36,162928,0,162930,0,162827,1,started,
162931,100,162931,1,163025,1021024,163028,1,163029,1136976,163030,320000,163031,0,163032,50,163035,17,163023,1267200,163025,1958400,163027,0,163028,0,163024,22,163026,90,163028,0,163029,0,162930,1,started,
163029,100,163030,1,163127,1021520,163133,1,163136,1205192,163138,320000,163139,0,163141,61,163146,23,163124,1267200,163128,1958400,163132,0,163134,0,163126,11,163131,100,163133,0,163135,0,163029,1,started,
163136,100,163136,1,163225,1021748,163227,1,163227,1758832,163228,320000,163228,0,163229,73,163231,29,163224,1958400,163225,1958400,163226,0,163227,0,163225,72,163226,80,163226,0,163227,0,163135,1,started,
163227,100,163227,1,163325,1021940,163327,1,163328,1157832,163328,320000,163328,0,163329,50,163331,21,163324,1958400,163326,1958400,163326,0,163327,0,163325,100,163326,0,163327,0,163327,0,163227,1,started,
163328,100,163328,1,163426,1022312,163427,1,163428,1157832,163429,320000,163429,0,163429,52,163432,21,163424,1958400,163426,1267200,163427,0,163428,0,163425,100,163427,0,163427,0,163428,0,163327,1,started,
163428,100,163428,1,163526,1022436,163528,1,163528,1180947,163529,320000,163529,0,163530,52,163546,23,163525,1958400,163526,1958400,163527,0,163528,0,163526,80,163527,22,163528,0,163528,0,163428,1,started,
163528,100,163529,1,163627,1021464,163628,1,163629,1735716,163629,320000,163630,0,163630,75,163633,29,163625,1958400,163627,1958400,163628,0,163628,0,163626,50,163628,100,163628,0,163629,0,163528,1,started,
163629,100,163629,1,163727,1018736,163730,1,163732,1280504,163733,320000,163733,0,163734,70,163738,30,163726,1497600,163728,1958400,163730,0,163731,0,163727,54,163729,81,163730,0,163731,0,163629,1,started,
163732,100,163732,1,163828,1019644,163831,1,163834,1403038,163840,320000,163841,0,163842,63,163846,29,163826,1497600,163828,1958400,163830,960000,163832,0,163827,50,163829,90,163831,20,163833,0,163731,1,started,
163839,100,163839,1,163930,1020384,163940,1,163943,1977322,163945,320000,163946,0,163948,70,163964,38,163927,1497600,163930,1958400,163936,1958400,163942,0,163929,60,163934,66,163940,72,163942,0,163833,1,started,
163943,100,163944,1,164029,1019588,164031,1,164032,3134197,164033,320000,164033,0,164034,67,164038,57,164027,1958400,164029,1958400,164030,1958400,164031,1958400,164028,60,164030,77,164031,77,164032,57,163943,1,started,
164032,100,164032,1,164129,1019580,164132,1,164134,1620140,164135,320000,164136,0,164137,34,164143,28,164127,1958400,164129,1958400,164130,1958400,164132,1958400,164129,100,164130,30,164131,10,164133,0,164032,1,started,
164135,100,164135,1,164230,1016688,164234,1,164236,459505,164237,320000,164238,0,164239,25,164245,16,164228,1958400,164231,1267200,164232,960000,164234,960000,164229,22,164232,10,164234,27,164236,46,164134,1,started,
164236,100,164236,1,164332,1016568,164335,1,164336,1085982,164337,320000,164337,0,164338,44,164342,22,164328,1267200,164332,1267200,164334,1958400,164335,0,164331,12,164333,25,164335,80,164336,0,164236,1,started,
164336,100,164336,1,164431,1016644,164438,1,164440,217338,164442,320000,164443,0,164447,48,164456,8,164429,1267200,164431,1267200,164437,0,164440,0,164430,40,164435,10,164438,0,164440,0,164336,1,started,
164442,100,164442,1,164531,1016768,164532,1,164533,1781947,164533,320000,164534,0,164534,75,164537,29,164529,1958400,164531,1958400,164532,0,164533,0,164530,66,164532,88,164532,0,164533,0,164440,1,started,
164533,100,164533,1,164631,1017068,164635,1,164637,1469890,164638,320000,164641,0,164642,61,164644,28,164630,1958400,164632,1958400,164634,0,164636,0,164631,27,164633,100,164634,0,164636,0,164533,1,started,
164637,100,164637,1,164731,1017564,164734,1,164734,1351580,164735,320000,164736,0,164736,71,164739,29,164730,1267200,164732,1958400,164733,0,164734,0,164731,45,164733,100,164733,0,164734,0,164636,1,started,
164735,100,164735,1,164832,1017812,164837,1,164840,1252553,164841,320000,164843,0,164846,66,164858,25,164830,1267200,164833,1958400,164835,0,164837,0,164831,22,164834,100,164837,0,164838,0,164734,1,started,
164840,100,164840,1,164932,1019348,164934,1,164935,1851293,164935,320000,164936,0,164936,77,164939,32,164930,1958400,164932,1958400,164934,0,164934,0,164931,60,164933,100,164934,0,164935,0,164840,1,started,
164935,100,164935,1,165033,1019884,165035,1,165037,910800,165038,320000,165039,0,165040,55,165043,21,165031,1267200,165033,1958400,165035,0,165036,0,165032,50,165034,60,165035,0,165036,0,164935,1,started,
165037,100,165037,1,165133,1020004,165135,1,165136,363970,165137,320000,165137,0,165138,23,165141,8,165131,1267200,165134,1958400,165135,0,165136,0,165133,25,165135,22,165135,0,165136,0,165036,1,started,
165136,100,165137,1,165233,1017640,165236,1,165237,318271,165237,320000,165238,0,165239,27,165244,9,165232,1267200,165234,1497600,165235,0,165236,0,165233,44,165235,20,165236,0,165236,0,165136,1,started,
165237,100,165237,1,165334,1018076,165336,1,165337,1735716,165337,320000,165338,0,165338,72,165341,28,165332,1958400,165334,1958400,165335,0,165336,0,165333,50,165335,100,165336,0,165336,0,165237,1,started,
165337,100,165337,1,165434,1018448,165436,1,165437,1286997,165437,320000,165438,0,165439,65,165442,25,165432,1267200,165434,1958400,165436,0,165436,0,165433,30,165435,100,165436,0,165437,0,165337,1,started,
165437,100,165437,1,165534,1018696,165536,1,165536,1620140,165537,320000,165537,0,165538,70,165540,29,165533,1958400,165534,1958400,165535,0,165536,0,165534,40,165535,100,165536,0,165536,0,165437,1,started,
165537,100,165537,1,165635,1019440,165637,1,165638,1265470,165638,320000,165639,0,165640,66,165644,25,165633,1267200,165635,1958400,165636,0,165637,0,165634,25,165636,100,165637,0,165638,0,165536,1,started,
165638,100,165638,1,165735,1019564,165736,1,165737,1573909,165737,320000,165738,0,165738,66,165741,28,165733,1958400,165735,1958400,165736,0,165737,0,165734,36,165736,100,165736,0,165737,0,165638,1,started,
165737,100,165737,1,165835,1020356,165838,1,165839,1209498,165839,320000,165840,0,165841,61,165850,23,165834,1267200,165836,1958400,165837,0,165838,0,165835,12,165837,100,165838,0,165838,0,165737,1,started,
165839,100,165839,1,165936,1022000,165939,1,165940,1407552,165940,320000,165941,0,165943,77,165951,32,165935,1267200,165937,1958400,165938,0,165939,0,165936,58,165938,100,165939,0,165940,0,165839,1,started,
165940,100,165940,1,166036,1021784,166038,1,166039,2218621,166039,320000,166039,0,166040,77,166044,44,166034,1267200,166036,1958400,166037,1958400,166038,0,166035,88,166037,66,166038,93,166038,0,165940,1,started,
166039,100,166039,1,166136,1021784,166138,1,166139,383098,166139,320000,166140,0,166140,13,166143,8,166135,1958400,166136,1497600,166137,1958400,166138,0,166136,12,166137,20,166138,10,166139,0,166038,1,started,
166139,100,166139,1,166237,1021784,166240,1,166241,348793,166242,320000,166243,0,166244,19,166249,10,166235,1267200,166237,1958400,166238,1958400,166240,0,166236,0,166238,20,166239,10,166241,0,166139,1,started,
166241,100,166241,1,166337,1018272,166340,1,166340,1047003,166341,320000,166341,0,166343,51,166346,23,166335,1267200,166338,1958400,166339,0,166340,0,166337,36,166339,77,166339,0,166340,0,166241,1,started,
166340,100,166341,1,166437,1018732,166440,1,166440,1351580,166441,320000,166441,0,166442,68,166446,27,166436,1267200,166438,1958400,166439,0,166440,0,166437,45,166439,100,166439,0,166440,0,166340,1,started,
166440,100,166441,1,166542,1019104,166550,1,166553,1252553,166556,320000,166558,0,166559,69,166562,25,166537,1267200,166544,1958400,166548,0,166551,0,166540,22,166546,100,166550,0,166553,0,166440,1,started,
166555,100,166555,1,166638,1019352,166639,1,166640,1735716,166640,320000,166641,0,166641,68,166646,27,166636,1958400,166638,1958400,166639,0,166640,0,166637,50,166639,100,166639,0,166640,0,166553,1,started,
166640,100,166640,1,166738,1019600,166740,1,166740,1420503,166741,320000,166741,0,166742,65,166744,29,166737,1728000,166738,1958400,166739,0,166740,0,166738,30,166739,100,166740,0,166740,0,166640,1,started,
166740,100,166741,1,166839,1019848,166841,1,166843,1265470,166845,320000,166846,0,166848,70,166858,25,166837,1267200,166839,1958400,166841,0,166841,0,166838,25,166840,100,166841,0,166842,0,166740,1,started,
166844,100,166844,1,166939,1021356,166941,1,166942,1411364,166942,320000,166943,0,166943,70,166946,29,166937,1497600,166939,1958400,166940,0,166941,0,166938,40,166940,100,166941,0,166941,0,166843,1,started,
166942,100,166942,1,167040,1021756,167042,1,167043,676470,167043,320000,167044,0,167045,45,167047,15,167038,1267200,167040,1958400,167041,0,167042,0,167039,60,167041,36,167042,0,167043,0,166941,1,started,
167043,100,167043,1,167143,1021756,167149,1,167151,49423,167152,320000,167154,0,167158,9,167161,2,167138,1267200,167145,1958400,167147,0,167150,0,167141,11,167147,0,167149,0,167151,0,167043,1,started,
167152,100,167152,1,167240,1018572,167241,1,167242,1123159,167243,320000,167243,0,167244,43,167246,18,167238,1958400,167240,1958400,167241,0,167241,0,167239,57,167241,40,167241,0,167242,0,167151,1,started,
167242,100,167242,1,167344,1019044,167350,1,167354,1128365,167356,320000,167358,0,167360,63,167369,26,167340,1267200,167346,1958400,167350,0,167352,0,167344,20,167348,90,167350,0,167354,0,167242,1,started,
167354,100,167355,1,167440,1019416,167442,1,167443,1539236,167443,320000,167444,0,167444,64,167447,26,167439,1958400,167441,1958400,167442,0,167443,0,167440,33,167441,100,167442,0,167443,0,167354,1,started,
167443,100,167443,1,167541,1019648,167546,1,167548,1113852,167550,320000,167552,0,167552,65,167560,27,167539,1497600,167541,1958400,167544,0,167548,0,167540,66,167544,60,167546,0,167548,0,167443,1,started,
167549,100,167550,1,167641,1020016,167643,1,167644,1446774,167644,320000,167644,0,167645,62,167647,24,167640,1958400,167641,1958400,167643,0,167643,0,167641,25,167642,100,167643,0,167643,0,167548,1,started,
167644,100,167644,1,167742,1020264,167745,1,167746,1252553,167749,320000,167750,0,167753,63,167762,27,167740,1267200,167743,1958400,167744,0,167745,0,167741,22,167744,100,167745,0,167746,0,167644,1,started,
167747,100,167747,1,167842,1020808,167844,1,167845,1735716,167846,320000,167847,0,167847,75,167850,30,167840,1958400,167842,1958400,167844,0,167845,0,167841,50,167843,100,167844,0,167845,0,167746,1,started,
167846,100,167846,1,167944,1022152,167951,1,167958,1257531,167960,320000,167962,0,167973,72,167979,30,167942,1267200,167945,1958400,167949,0,167955,0,167944,50,167947,90,167951,0,167957,0,167845,1,started,
167958,100,167960,1,168044,1022184,168045,1,168046,1851293,168046,320000,168047,0,168050,70,168054,28,168042,1958400,168044,1958400,168045,0,168045,0,168043,80,168044,80,168045,0,168046,0,167958,1,started,
168046,100,168046,1,168144,1022184,168147,1,168147,459244,168148,320000,168148,0,168149,20,168152,11,168143,1574400,168145,1958400,168146,960000,168147,0,168144,41,168145,10,168146,23,168147,0,168046,1,started,
168148,100,168148,1,168245,1019312,168247,1,168248,464370,168248,320000,168249,0,168249,13,168252,7,168243,1958400,168245,1958400,168246,960000,168247,0,168244,22,168246,18,168247,0,168248,0,168147,1,started,
168248,100,168248,1,168345,1019556,168348,1,168349,924388,168349,320000,168350,0,168351,46,168354,25,168344,1958400,168346,1267200,168347,0,168348,0,168345,50,168347,80,168348,0,168348,0,168248,1,started,
168349,100,168349,1,168447,1019804,168451,1,168453,1085310,168455,320000,168455,0,168457,57,168461,24,168444,1958400,168448,1267200,168450,0,168452,0,168446,90,168450,10,168451,0,168452,0,168349,1,started,
168454,100,168454,1,168546,1019116,168549,1,168550,1424774,168551,320000,168552,0,168553,83,168556,30,168544,1958400,168546,1267200,168548,0,168549,0,168546,100,168548,62,168549,0,168550,0,168453,1,started,
168550,100,168551,1,168646,1019116,168649,1,168649,1312830,168650,320000,168650,0,168651,63,168657,25,168645,1958400,168647,1267200,168648,0,168649,0,168646,100,168648,36,168648,0,168649,0,168550,1,started,
168649,100,168650,1,168746,1019356,168748,1,168749,1504563,168749,320000,168749,0,168750,65,168753,27,168745,1958400,168747,1958400,168747,0,168748,0,168746,100,168747,30,168748,0,168748,0,168649,1,started,
168749,100,168749,1,168847,1019356,168849,1,168850,1286997,168850,320000,168851,0,168852,65,168856,26,168845,1958400,168847,1267200,168849,0,168849,0,168846,100,168848,30,168849,0,168850,0,168748,1,started,
168850,100,168850,1,168948,1020120,168950,1,168951,1312830,168951,320000,168952,0,168953,69,168957,26,168946,1958400,168948,1267200,168949,0,168950,0,168947,100,168949,36,168950,0,168950,0,168850,1,started,
168951,100,168951,1,169048,1019660,169057,1,169060,1291975,169061,320000,169061,0,169063,72,169065,27,169046,1958400,169052,1267200,169056,0,169058,0,169047,90,169056,58,169057,0,169058,0,168951,1,started,
169061,100,169061,1,169150,1019660,169154,1,169155,547305,169157,320000,169157,0,169159,31,169164,9,169147,1958400,169151,1267200,169153,0,169155,0,169148,36,169153,30,169153,0,169155,0,169060,1,started,
169156,100,169156,1,169248,1019660,169250,1,169250,510601,169251,320000,169251,0,169252,17,169254,9,169247,1958400,169248,1267200,169249,0,169250,0,169247,44,169249,0,169249,0,169250,0,169155,1,started,
169250,100,169250,1,169348,1016656,169350,1,169350,598742,169351,320000,169351,0,169352,44,169355,15,169347,1958400,169348,1267200,169349,0,169350,0,169348,33,169349,50,169350,0,169350,0,169250,1,started,
169350,100,169351,1,169449,1017016,169450,1,169451,1539236,169451,320000,169452,0,169453,71,169455,27,169447,1958400,169449,1958400,169450,0,169450,0,169448,33,169449,100,169450,0,169451,0,169350,1,started,
169451,100,169451,1,169549,1017388,169551,1,169552,1366996,169554,320000,169555,0,169558,63,169565,28,169548,1497600,169550,1958400,169551,0,169551,0,169549,33,169550,100,169551,0,169552,0,169451,1,started,
169553,100,169554,1,169649,1017492,169651,1,169651,1666370,169653,320000,169654,0,169655,73,169657,30,169648,1958400,169650,1958400,169650,0,169651,0,169649,44,169650,100,169651,0,169651,0,169552,1,started,
169652,100,169652,1,169750,1017864,169753,1,169754,1299914,169755,320000,169757,0,169758,63,169762,28,169748,1267200,169750,1958400,169752,0,169753,0,169750,33,169751,100,169753,0,169754,0,169651,1,started,
169755,100,169755,1,169851,1017864,169854,1,169855,1330052,169856,320000,169857,0,169858,70,169861,27,169849,1267200,169851,1958400,169853,0,169854,0,169850,40,169852,100,169853,0,169855,0,169754,1,started,
169855,100,169855,1,169951,1019016,169958,1,169962,1299914,169964,320000,169966,0,169969,68,169976,25,169949,1267200,169952,1958400,169955,0,169960,0,169951,33,169954,100,169956,0,169960,0,169855,1,started,
169962,100,169963,1,170050,1019884,170053,1,170057,1805063,170059,320000,170060,0,170060,82,170064,35,170049,1958400,170051,1958400,170052,0,170054,0,170050,66,170051,90,170053,0,170055,0,169962,1,started,
170057,100,170057,1,170151,1020172,170154,1,170154,1308082,170155,320000,170155,0,170156,55,170159,23,170149,1958400,170151,1958400,170153,0,170154,0,170150,63,170153,50,170153,0,170154,0,170057,1,started,
170154,100,170154,1,170251,1020172,170253,1,170254,244774,170254,320000,170254,0,170255,10,170257,4,170250,1958400,170251,1958400,170252,0,170253,0,170251,10,170252,11,170253,0,170253,0,170154,1,started,
170254,100,170254,1,170352,1017388,170356,1,170357,406781,170358,320000,170359,0,170360,47,170363,19,170350,1267200,170353,1267200,170355,0,170356,0,170351,40,170354,54,170355,0,170356,0,170253,1,started,
170357,100,170358,1,170454,1017920,170460,1,170462,1312830,170464,320000,170464,0,170466,68,170469,25,170451,1267200,170455,1958400,170458,0,170460,0,170453,36,170457,100,170458,0,170461,0,170357,1,started,
170463,100,170463,1,170552,1018168,170554,1,170554,1504563,170555,320000,170555,0,170556,63,170558,27,170551,1958400,170553,1958400,170553,0,170554,0,170551,30,170553,100,170554,0,170554,0,170462,1,started,
170555,100,170555,1,170652,1018292,170654,1,170655,1365870,170655,320000,170656,0,170656,64,170659,25,170651,1958400,170653,1958400,170654,0,170654,0,170652,28,170653,90,170654,0,170655,0,170554,1,started,
170655,100,170655,1,170753,1018788,170755,1,170756,1347981,170756,320000,170757,0,170757,65,170760,27,170751,1497600,170753,1958400,170754,0,170755,0,170753,30,170754,100,170755,0,170755,0,170655,1,started,
170756,100,170756,1,170854,1018788,170856,1,170857,1330052,170857,320000,170858,0,170858,68,170864,26,170852,1267200,170854,1958400,170855,0,170856,0,170853,40,170855,100,170856,0,170856,0,170756,1,started,
170857,100,170857,1,170954,1019340,170956,1,170956,1350457,170957,320000,170957,0,170958,63,170960,25,170952,1728000,170954,1958400,170955,0,170956,0,170953,22,170955,100,170955,0,170956,0,170856,1,started,
170956,100,170957,1,171060,1020200,171065,1,171066,1201559,171067,320000,171068,0,171069,68,171084,26,171052,1267200,171061,1958400,171064,0,171065,0,171059,37,171063,90,171064,0,171065,0,170956,1,started,
171066,100,171067,1,171154,1019696,171157,1,171157,1146274,171158,320000,171158,0,171159,34,171162,19,171153,1958400,171155,1958400,171156,960000,171157,0,171154,66,171155,33,171156,0,171157,0,171066,1,started,
171157,100,171158,1,171255,1019696,171257,1,171259,314120,171259,320000,171260,0,171261,10,171269,5,171253,1958400,171255,1958400,171256,960000,171258,0,171254,0,171256,27,171257,0,171258,0,171157,1,started,
171259,100,171259,1,171355,1017032,171357,1,171358,1064225,171359,320000,171359,0,171360,38,171372,13,171354,1958400,171355,1267200,171356,1958400,171358,0,171355,27,171356,40,171357,50,171358,0,171258,1,started,
171358,100,171358,1,171455,1016888,171457,1,171458,1149664,171458,320000,171459,0,171459,61,171462,23,171454,1958400,171456,1267200,171457,0,171457,0,171455,87,171456,33,171457,0,171458,0,171358,1,started,
171458,100,171458,1,171565,1017136,171573,1,171576,1200887,171578,320000,171582,0,171583,64,171586,24,171561,1267200,171567,1958400,171571,0,171574,0,171563,10,171569,100,171571,0,171576,0,171458,1,started,
171576,100,171578,1,171656,1017260,171658,1,171658,1735716,171659,320000,171659,0,171660,72,171663,25,171655,1958400,171656,1958400,171657,0,171658,0,171656,50,171657,100,171657,0,171658,0,171576,1,started,
171658,100,171658,1,171757,1017632,171765,1,171769,1265470,171770,320000,171772,0,171774,65,171783,28,171755,1267200,171759,1958400,171762,0,171766,0,171757,25,171760,100,171764,0,171767,0,171658,1,started,
171769,100,171769,1,171857,1017756,171858,1,171859,1920640,171859,320000,171860,0,171860,80,171863,31,171855,1958400,171857,1958400,171858,0,171859,0,171856,66,171858,100,171858,0,171859,0,171767,1,started,
171859,100,171859,1,171960,1018796,171963,1,171965,1265470,171967,320000,171968,0,171969,60,171975,27,171959,1267200,171961,1958400,171961,0,171963,0,171960,25,171961,100,171962,0,171964,0,171859,1,started,
171965,100,171966,1,172061,1019728,172063,1,172063,1874409,172064,320000,172064,0,172065,80,172067,31,172059,1958400,172061,1958400,172062,0,172063,0,172060,90,172062,72,172062,0,172063,0,171965,1,started,
172063,100,172063,1,172162,1019816,172169,1,172175,2001543,172176,320000,172183,0,172185,87,172189,37,172160,1958400,172163,1958400,172166,0,172170,0,172161,90,172164,83,172168,0,172170,0,172063,1,started,
172175,100,172175,1,172261,1019856,172264,1,172265,1401386,172266,320000,172266,0,172267,25,172270,18,172260,1958400,172262,1958400,172263,960000,172264,960000,172261,55,172263,60,172264,16,172265,16,172175,1,started,
172265,100,172265,1,172362,1019944,172365,1,172367,325678,172368,320000,172369,0,172369,7,172373,6,172360,1958400,172362,1958400,172364,960000,172365,960000,172361,18,172363,10,172365,0,172366,0,172265,1,started,
172367,100,172367,1,172462,1017924,172464,1,172466,1221441,172466,320000,172467,0,172467,32,172471,24,172461,1958400,172462,1958400,172463,960000,172465,960000,172462,50,172463,50,172464,18,172465,11,172367,1,started,
172466,100,172466,1,172563,1017576,172565,1,172566,1200712,172566,320000,172567,0,172567,45,172570,24,172561,1958400,172563,1497600,172564,0,172565,0,172562,90,172564,25,172565,0,172565,0,172466,1,started,
172566,100,172566,1,172663,1017824,172666,1,172668,1205192,172668,320000,172669,0,172670,57,172673,23,172661,1958400,172664,1267200,172665,0,172667,0,172663,100,172665,11,172666,0,172667,0,172566,1,started,
172668,100,172668,1,172763,1017992,172766,1,172767,820598,172767,320000,172768,0,172769,60,172772,22,172762,1958400,172764,1267200,172765,0,172766,0,172763,44,172765,72,172766,0,172767,0,172667,1,started,
172767,100,172767,1,172863,1018236,172866,1,172867,1631697,172868,320000,172868,0,172869,68,172871,30,172862,1958400,172864,1958400,172865,0,172866,0,172863,100,172865,41,172865,0,172866,0,172767,1,started,
172867,100,172867,1,172965,1018560,172967,1,172969,1243942,172970,320000,172970,0,172971,60,172974,25,172963,1958400,172965,1267200,172967,0,172968,0,172964,100,172966,20,172967,0,172968,0,172867,1,started,
172969,100,172969,1,173066,1019180,173070,1,173072,1388986,173074,320000,173076,0,173078,63,173082,27,173063,1958400,173067,1958400,173069,0,173071,0,173065,100,173068,20,173070,0,173072,0,172968,1,started,
173072,100,173073,1,173165,1020596,173167,1,173168,1347274,173168,320000,173169,0,173170,70,173179,28,173163,1958400,173165,1267200,173166,0,173167,0,173164,100,173166,44,173167,0,173167,0,173072,1,started,
173168,100,173168,1,173265,1020772,173268,1,173270,743099,173271,320000,173271,0,173272,50,173275,17,173264,1958400,173266,1267200,173267,0,173269,0,173265,44,173267,54,173268,0,173269,0,173168,1,started,
173270,100,173270,1,173365,1020736,173367,1,173368,426522,173368,320000,173368,0,173369,21,173371,7,173364,1958400,173366,1267200,173367,0,173367,0,173365,33,173366,10,173367,0,173367,0,173269,1,started,
173368,100,173368,1,173466,1017504,173468,1,173469,399794,173470,320000,173472,0,173483,43,173486,14,173464,1574400,173467,1267200,173468,0,173469,0,173465,36,173468,33,173468,0,173469,0,173368,1,started,
173469,100,173469,1,173566,1017224,173569,1,173569,1347274,173570,320000,173570,0,173571,68,173575,26,173565,1958400,173567,1267200,173568,0,173569,0,173566,100,173568,44,173568,0,173569,0,173469,1,started,
173569,100,173570,1,173667,1017472,173670,1,173671,1205192,173672,320000,173673,0,173674,61,173677,24,173665,1958400,173668,1267200,173669,0,173670,0,173666,100,173669,11,173669,0,173671,0,173569,1,started,
173671,100,173672,1,173768,1017644,173770,1,173771,1240080,173772,320000,173772,0,173773,66,173775,26,173766,1958400,173768,1267200,173770,0,173770,0,173767,87,173769,54,173770,0,173771,0,173671,1,started,
173771,100,173771,1,173868,1017768,173869,1,173870,1296524,173870,320000,173871,0,173871,56,173874,21,173866,1958400,173868,1958400,173869,0,173870,0,173867,100,173869,12,173869,0,173870,0,173771,1,started,
173870,100,173870,1,173969,1018140,173971,1,173972,1200887,173973,320000,173975,0,173976,59,173979,24,173967,1958400,173969,1267200,173970,0,173971,0,173968,100,173970,10,173970,0,173971,0,173870,1,started,
173972,100,173972,1,174069,1018140,174071,1,174072,1299914,174073,320000,174074,0,174075,68,174078,26,174067,1958400,174069,1267200,174070,0,174071,0,174068,100,174070,33,174071,0,174072,0,173971,1,started,
174072,100,174073,1,174174,1019116,174176,1,174176,1539236,174177,320000,174177,0,174178,61,174180,25,174168,1958400,174174,1958400,174175,0,174176,0,174171,100,174175,33,174175,0,174176,0,174072,1,started,
174176,100,174177,1,174269,1020172,174271,1,174272,1920640,174272,320000,174273,0,174274,82,174276,36,174268,1958400,174270,1958400,174271,0,174271,0,174269,66,174270,100,174271,0,174272,0,174176,1,started,
174272,100,174272,1,174370,1020004,174372,1,174373,1146274,174374,320000,174374,0,174375,50,174378,21,174368,1958400,174370,1958400,174371,0,174372,0,174369,44,174371,55,174372,0,174373,0,174272,1,started,
174373,100,174373,1,174470,1020004,174473,1,174473,325678,174474,320000,174475,0,174475,10,174478,4,174469,1958400,174470,1958400,174472,0,174473,0,174470,10,174471,18,174472,0,174473,0,174373,1,started,
174474,100,174474,1,174571,1017052,174574,1,174576,363726,174577,320000,174577,0,174578,42,174582,15,174569,1267200,174571,1267200,174573,0,174575,0,174570,44,174573,40,174574,0,174575,0,174473,1,started,
174576,100,174576,1,174671,1017512,174674,1,174676,1205192,174679,320000,174679,0,174680,57,174683,23,174669,1267200,174671,1958400,174672,0,174674,0,174670,11,174672,100,174673,0,174674,0,174575,1,started,
174676,100,174676,1,174771,1017760,174773,1,174773,1770390,174774,320000,174774,0,174775,73,174777,29,174770,1958400,174771,1958400,174772,0,174773,0,174771,100,174772,53,174772,0,174773,0,174675,1,started,
174773,100,174773,1,174871,1017884,174873,1,174874,1238736,174874,320000,174875,0,174875,55,174878,23,174870,1958400,174871,1958400,174873,0,174874,0,174871,63,174873,44,174873,0,174874,0,174773,1,started,
174874,100,174874,1,174972,1018172,174974,1,174975,1620140,174976,320000,174976,0,174977,70,174979,28,174970,1958400,174972,1958400,174973,0,174974,0,174971,40,174973,100,174974,0,174975,0,174874,1,started,
174975,100,174975,1,175075,1018544,175079,1,175081,1446774,175083,320000,175085,0,175087,60,175092,27,175071,1958400,175075,1958400,175078,0,175080,0,175073,25,175077,100,175079,0,175081,0,174975,1,started,
175083,100,175083,1,175173,1018668,175176,1,175177,1392349,175178,320000,175179,0,175180,70,175184,28,175171,1497600,175173,1958400,175175,0,175176,0,175172,37,175174,100,175175,0,175177,0,175081,1,started,
175178,100,175178,1,175273,1020240,175275,1,175276,1330052,175277,320000,175277,0,175278,70,175281,27,175271,1267200,175274,1958400,175275,0,175276,0,175273,40,175275,100,175275,0,175276,0,175177,1,started,
175276,100,175276,1,175373,1020688,175375,1,175376,1624188,175377,320000,175377,0,175378,64,175381,24,175371,1958400,175373,1958400,175374,960000,175376,0,175373,66,175374,66,175375,44,175376,0,175276,1,started,
175376,100,175376,1,175473,1020688,175475,1,175476,568389,175477,320000,175477,0,175478,13,175480,7,175472,1958400,175474,1958400,175475,1958400,175476,0,175473,20,175474,9,175475,20,175476,0,175376,1,started,
175476,100,175476,1,175574,1017664,175577,1,175578,603048,175579,320000,175579,0,175580,28,175584,15,175572,1267200,175574,1267200,175576,1958400,175577,0,175574,11,175575,40,175577,33,175578,0,175476,1,started,
175578,100,175578,1,175676,1017912,175679,1,175681,83867,175682,320000,175683,0,175684,43,175687,5,175673,1267200,175676,1267200,175678,0,175680,0,175675,10,175678,9,175679,0,175680,0,175578,1,started,
175681,100,175681,1,175774,1018136,175776,1,175777,1666370,175777,320000,175777,0,175778,70,175780,25,175773,1958400,175775,1958400,175776,0,175776,0,175774,44,175775,100,175776,0,175776,0,175681,1,started,
175777,100,175777,1,175874,1018384,175876,1,175882,1469890,175883,320000,175884,0,175884,65,175887,28,175873,1958400,175875,1958400,175876,0,175877,0,175874,50,175876,77,175876,0,175877,0,175777,1,started,
175882,100,175882,1,175975,1018876,175976,1,175977,1446774,175978,320000,175978,0,175978,64,175981,27,175973,1958400,175975,1958400,175976,0,175977,0,175974,25,175976,100,175976,0,175977,0,175877,1,started,
175977,100,175977,1,176075,1019000,176077,1,176078,1296524,176079,320000,176080,0,176081,61,176084,24,176074,1958400,176075,1958400,176077,0,176078,0,176075,12,176076,100,176077,0,176078,0,175977,1,started,
176079,100,176079,1,176176,1014560,176178,1,176179,1330052,176180,320000,176180,0,176181,70,176185,28,176174,1267200,176176,1958400,176178,0,176179,0,176175,40,176177,100,176178,0,176179,0,176078,1,started,
176179,100,176179,1,176276,1015880,176277,1,176278,1585466,176278,320000,176279,0,176279,72,176283,26,176274,1958400,176276,1958400,176277,0,176278,0,176275,37,176277,100,176277,0,176278,0,176179,1,started,
176278,100,176278,1,176376,1016496,176378,1,176379,1770390,176379,320000,176379,0,176383,76,176388,34,176375,1958400,176376,1958400,176377,0,176378,0,176376,63,176377,90,176378,0,176378,0,176278,1,started,
176379,100,176379,1,176478,1017220,176488,1,176488,3238217,176489,320000,176490,0,176491,90,176494,38,176475,1958400,176479,1958400,176487,1958400,176488,0,176477,90,176486,90,176487,100,176488,0,176378,1,started,
176489,100,176489,1,176577,1017316,176579,1,176580,1100043,176580,320000,176581,0,176581,28,176585,18,176575,1958400,176577,1958400,176578,1958400,176579,0,176576,40,176578,33,176579,22,176580,0,176488,1,started,
176580,100,176580,1,176677,1017564,176681,1,176681,357175,176682,320000,176683,0,176684,15,176689,7,176676,1958400,176678,1958400,176679,1267200,176681,0,176677,27,176679,0,176680,10,176681,0,176580,1,started,
176682,100,176682,1,176778,1014680,176780,1,176781,319697,176781,320000,176792,0,176793,40,176797,12,176776,1497600,176778,1267200,176779,0,176780,0,176777,44,176779,9,176780,0,176781,0,176681,1,started,
176781,100,176781,1,176878,1015160,176880,1,176881,1157832,176882,320000,176883,0,176883,62,176887,21,176876,1958400,176878,1267200,176880,0,176881,0,176878,100,176879,0,176880,0,176881,0,176781,1,started,
176881,100,176881,1,176978,1015532,176981,1,176985,1235331,176988,320000,176990,0,176993,57,177001,25,176977,1958400,176979,1267200,176980,0,176982,0,176978,100,176980,18,176981,0,176983,0,176881,1,started,
176985,100,176985,1,177078,1015664,177080,1,177081,1793505,177081,320000,177082,0,177083,78,177085,31,177077,1958400,177079,1958400,177080,0,177080,0,177078,100,177080,55,177080,0,177081,0,176983,1,started,
177081,100,177081,1,177181,1016284,177187,1,177190,1365870,177191,320000,177192,0,177194,59,177202,25,177177,1958400,177181,1958400,177185,0,177187,0,177179,100,177184,18,177186,0,177189,0,177081,1,started,
177190,100,177190,1,177279,1016532,177281,1,177281,1677928,177282,320000,177282,0,177283,70,177285,30,177278,1958400,177279,1958400,177280,0,177281,0,177279,100,177280,45,177281,0,177281,0,177189,1,started,
177281,100,177282,1,177379,1017096,177382,1,177383,1504563,177384,320000,177385,0,177386,63,177388,26,177378,1958400,177380,1958400,177381,0,177382,0,177379,100,177380,30,177381,0,177382,0,177281,1,started,
177384,100,177384,1,177479,1018472,177481,1,177482,1504563,177482,320000,177483,0,177488,65,177491,28,177478,1958400,177480,1958400,177481,0,177481,0,177479,30,177481,100,177481,0,177482,0,177383,1,started,
177482,100,177482,1,177580,1019004,177582,1,177583,569519,177584,320000,177584,0,177585,25,177588,10,177578,1267200,177581,1958400,177582,0,177583,0,177580,11,177582,45,177582,0,177583,0,177482,1,started,
177583,100,177584,1,177681,1019088,177685,1,177687,45118,177688,320000,177688,0,177689,5,177693,1,177679,1267200,177682,1958400,177684,0,177685,0,177680,10,177683,0,177684,0,177686,0,177583,1,started,
177687,100,177687,1,177780,1016120,177782,1,177783,1026377,177784,320000,177784,0,177785,63,177787,20,177779,1958400,177781,1267200,177782,0,177783,0,177780,70,177781,50,177782,0,177783,0,177686,1,started,
177783,100,177783,1,177883,1016548,177887,1,177889,1273409,177891,320000,177892,0,177894,59,177901,19,177880,1958400,177884,1958400,177886,0,177888,0,177883,10,177885,100,177887,0,177888,0,177783,1,started,
177890,100,177890,1,177981,1016920,177984,1,177990,1407552,177991,320000,177991,0,177993,75,177996,31,177980,1267200,177982,1958400,177983,0,177984,0,177981,58,177983,100,177983,0,177984,0,177888,1,started,
177990,100,177990,1,178087,1017416,178096,1,178099,1330052,178103,320000,178103,0,178106,73,178114,27,178081,1267200,178087,1958400,178094,0,178097,0,178085,40,178090,100,178096,0,178098,0,177989,1,started,
178100,100,178101,1,178182,1018036,178184,1,178185,1735716,178186,320000,178186,0,178187,70,178189,30,178180,1958400,178182,1958400,178184,0,178184,0,178182,50,178183,100,178184,0,178185,0,178099,1,started,
178185,100,178186,1,178284,1018160,178290,1,178292,1469890,178294,320000,178294,0,178296,63,178302,27,178281,1958400,178285,1958400,178288,0,178290,0,178282,27,178287,100,178289,0,178291,0,178185,1,started,
178292,100,178292,1,178383,1019032,178385,1,178386,1411364,178387,320000,178387,0,178388,68,178391,28,178381,1497600,178383,1958400,178385,0,178385,0,178382,40,178384,100,178385,0,178386,0,178291,1,started,
178386,100,178386,1,178483,1020720,178485,1,178490,1373107,178496,320000,178498,0,178500,76,178517,29,178481,1267200,178484,1958400,178485,0,178487,0,178483,50,178484,100,178485,0,178488,0,178386,1,started,
178491,100,178493,1,178533,1020924,178536,1,178538,2313601,178539,320000,178540,0,178541,100,178547,39,178532,1958400,178533,1958400,178535,0,178537,0,178533,100,178535,100,178536,0,178538,0,178490,1,started,
178539,100,178539,1,178633,1021824,178638,1,178639,1897524,178640,320000,178640,0,178641,57,178646,36,178632,1958400,178634,1958400,178637,1958400,178639,0,178633,33,178636,44,178638,87,178639,0,178538,1,started,
178639,100,178639,1,178734,1021700,178738,1,178739,2561964,178740,320000,178740,0,178741,70,178745,42,178732,1958400,178734,1958400,178736,1958400,178738,960000,178733,80,178735,66,178738,66,178739,50,178639,1,started,
178739,100,178740,1,178834,1021560,178836,1,178837,556832,178838,320000,178838,0,178839,12,178842,10,178832,1958400,178834,1958400,178835,1958400,178836,960000,178833,10,178835,20,178836,18,178837,0,178739,1,started,
178837,100,178838,1,178935,1018332,178937,1,178939,568389,178940,320000,178940,0,178941,12,178944,10,178933,1958400,178935,1958400,178936,1958400,178938,960000,178934,9,178936,20,178937,20,178939,0,178837,1,started,
178939,100,178939,1,179034,1017900,179036,1,179037,637736,179038,320000,179038,0,179039,35,179043,13,179033,1958400,179035,1958400,179036,0,179037,0,179034,44,179035,11,179036,0,179037,0,178939,1,started,
179037,100,179037,1,179135,1018324,179137,1,179138,1334358,179139,320000,179140,0,179141,68,179144,30,179133,1958400,179135,1267200,179137,0,179137,0,179135,100,179136,41,179137,0,179138,0,179037,1,started,
179138,100,179138,1,179235,1018572,179238,1,179238,1214475,179239,320000,179241,0,179242,65,179250,26,179234,1958400,179236,1267200,179237,0,179238,0,179235,90,179237,40,179237,0,179238,0,179138,1,started,
179238,100,179239,1,179335,1018640,179337,1,179338,1620140,179338,320000,179338,0,179339,70,179342,27,179334,1958400,179336,1958400,179337,0,179337,0,179335,100,179336,40,179337,0,179337,0,179238,1,started,
179338,100,179338,1,179436,1019012,179437,1,179438,1284966,179438,320000,179439,0,179440,57,179444,23,179434,1958400,179436,1958400,179437,0,179437,0,179435,100,179436,11,179437,0,179438,0,179338,1,started,
179438,100,179438,1,179536,1019012,179538,1,179538,1573909,179539,320000,179539,0,179540,66,179543,29,179534,1958400,179536,1958400,179537,0,179538,0,179535,100,179537,36,179537,0,179538,0,179438,1,started,
179538,100,179538,1,179636,1020104,179638,1,179639,1539236,179639,320000,179640,0,179640,63,179645,27,179635,1958400,179637,1958400,179638,0,179638,0,179636,100,179637,33,179638,0,179639,0,179538,1,started,
179639,100,179639,1,179736,1020988,179738,1,179739,1758832,179739,320000,179740,0,179740,77,179743,32,179735,1958400,179737,1958400,179738,0,179738,0,179736,90,179738,62,179738,0,179739,0,179639,1,started,
179739,100,179739,1,179837,1020988,179838,1,179839,233216,179840,320000,179840,0,179840,10,179843,4,179835,1958400,179837,1958400,179838,0,179839,0,179836,0,179838,20,179838,0,179839,0,179739,1,started,
179839,100,179839,1,179937,1017604,179940,1,179940,96784,179941,320000,179942,0,179942,15,179946,6,179936,1958400,179938,1267200,179939,0,179940,0,179937,0,179939,22,179939,0,179940,0,179839,1,started,
179941,100,179941,1,180037,1017844,180039,1,180040,1435216,180040,320000,180040,0,180041,57,180044,20,180036,1958400,180038,1958400,180038,0,180039,0,180037,44,180038,80,180039,0,180039,0,179940,1,started,
180040,100,180040,1,180138,1018308,180140,1,180141,963382,180142,320000,180143,0,180145,57,180148,24,180136,1958400,180139,1267200,180140,0,180141,0,180138,72,180139,30,180140,0,180141,0,180039,1,started,
180141,100,180141,1,180238,1018556,180240,1,180240,1620140,180241,320000,180241,0,180242,66,180244,29,180237,1958400,180238,1958400,180239,0,180240,0,180238,100,180239,40,180239,0,180240,0,180141,1,started,
180240,100,180240,1,180339,1018836,180342,1,180343,1252553,180344,320000,180345,0,180346,66,180349,26,180337,1958400,180339,1267200,180341,0,180342,0,180338,100,180341,22,180341,0,180343,0,180240,1,started,
180343,100,180344,1,180440,1019176,180442,1,180444,1243942,180445,320000,180448,0,180449,60,180452,24,180437,1958400,180440,1267200,180442,0,180443,0,180439,100,180441,20,180442,0,180443,0,180343,1,started,
180444,100,180444,1,180539,1019300,180541,1,180541,1735716,180542,320000,180542,0,180543,75,180545,31,180538,1958400,180539,1958400,180540,0,180541,0,180539,100,180540,50,180540,0,180541,0,180443,1,started,
180541,100,180541,1,180640,1020420,180646,1,180649,1273409,180650,320000,180652,0,180654,59,180660,25,180638,1958400,180641,1958400,180644,0,180648,0,180639,100,180643,10,180645,0,180648,0,180541,1,started,
180649,100,180650,1,180741,1021804,180744,1,180744,1647744,180745,320000,180745,0,180746,73,180749,32,180738,1958400,180742,1497600,180743,1958400,180744,0,180741,90,180742,70,180743,14,180744,0,180648,1,started,
180744,100,180745,1,180840,1021804,180843,1,180845,117639,180846,320000,180847,0,180848,6,180853,4,180838,1958400,180840,1267200,180841,1958400,180844,0,180839,10,180841,0,180842,0,180844,0,180744,1,started,
180845,100,180845,1,180944,1021424,180946,1,180947,573818,180948,320000,180948,0,180949,21,180952,11,180943,1958400,180944,1267200,180945,960000,180947,0,180944,41,180945,10,180946,25,180947,0,180845,1,started,
180947,100,180947,1,181042,1018524,181045,1,181046,402475,181047,320000,181047,0,181048,47,181052,14,181039,1267200,181043,1267200,181044,0,181045,0,181041,60,181044,33,181045,0,181046,0,180947,1,started,
181046,100,181046,1,181141,1018300,181143,1,181144,1416163,181144,320000,181145,0,181145,80,181148,27,181140,1958400,181141,1267200,181143,0,181143,0,181141,100,181142,60,181143,0,181144,0,181046,1,started,
181144,100,181144,1,181244,1018424,181247,1,181248,1469890,181248,320000,181250,0,181252,60,181257,25,181242,1958400,181244,1958400,181246,0,181247,0,181243,27,181246,100,181246,0,181247,0,181144,1,started,
181248,100,181248,1,181344,1018300,181346,1,181347,1392349,181348,320000,181349,0,181350,72,181352,27,181342,1497600,181344,1958400,181345,0,181346,0,181343,37,181345,100,181346,0,181347,0,181247,1,started,
181347,100,181348,1,181444,1018548,181446,1,181447,1286997,181448,320000,181448,0,181449,65,181452,26,181442,1267200,181444,1958400,181446,0,181446,0,181444,30,181445,100,181446,0,181447,0,181347,1,started,
181447,100,181447,1,181544,1018796,181545,1,181546,1539236,181547,320000,181547,0,181548,65,181550,27,181542,1958400,181544,1958400,181545,0,181546,0,181543,33,181545,100,181545,0,181546,0,181447,1,started,
181546,100,181546,1,181644,1019256,181646,1,181646,1205192,181647,320000,181647,0,181648,61,181650,23,181643,1267200,181644,1958400,181645,0,181646,0,181643,11,181645,100,181645,0,181646,0,181546,1,started,
181646,100,181647,1,181746,1020408,181748,1,181749,1286997,181749,320000,181750,0,181750,65,181753,27,181745,1267200,181747,1958400,181748,0,181748,0,181746,30,181747,100,181748,0,181749,0,181646,1,started,
181749,100,181749,1,181847,1020572,181848,1,181849,820598,181850,320000,181850,0,181851,60,181853,19,181845,1267200,181847,1958400,181848,0,181849,0,181846,72,181848,44,181848,0,181849,0,181749,1,started,
181849,100,181849,1,181948,1020692,181951,1,181953,117639,181955,320000,181955,0,181956,9,181960,3,181946,1267200,181949,1958400,181950,0,181952,0,181947,0,181950,10,181951,0,181953,0,181849,1,started,
181954,100,181954,1,182048,1017520,182051,1,182051,428308,182052,320000,182053,0,182055,55,182058,16,182046,1267200,182048,1267200,182050,0,182051,0,182047,44,182050,55,182050,0,182051,0,181953,1,started,
182052,100,182052,1,182148,1017704,182150,1,182150,1504563,182151,320000,182151,0,182152,55,182154,20,182146,1958400,182148,1958400,182149,0,182150,0,182148,30,182149,100,182149,0,182150,0,182051,1,started,
182150,100,182150,1,182248,1018164,182250,1,182250,1157832,182251,320000,182251,0,182252,52,182254,22,182247,1958400,182248,1958400,182249,0,182250,0,182248,50,182249,50,182250,0,182250,0,182150,1,started,
182250,100,182251,1,182349,1018468,182351,1,182352,1179802,182353,320000,182354,0,182355,60,182358,24,182347,1958400,182349,1267200,182350,0,182351,0,182348,87,182350,40,182351,0,182352,0,182250,1,started,
182352,100,182353,1,182449,1018716,182450,1,182451,1469890,182451,320000,182452,0,182453,63,182455,26,182447,1958400,182449,1958400,182450,0,182450,0,182448,27,182450,100,182450,0,182451,0,182352,1,started,
182451,100,182451,1,182549,1019088,182551,1,182552,1116827,182553,320000,182553,0,182554,55,182564,23,182548,1958400,182549,1497600,182551,0,182551,0,182549,80,182550,30,182551,0,182552,0,182451,1,started,
182552,100,182552,1,182651,1019088,182654,1,182655,1273409,182656,320000,182657,0,182657,57,182660,25,182649,1958400,182652,1958400,182654,0,182655,0,182650,10,182653,100,182654,0,182655,0,182552,1,started,
182656,100,182656,1,182750,1019852,182762,1,182763,1330052,182764,320000,182765,0,182766,71,182768,29,182748,1267200,182750,1958400,182752,0,182763,0,182749,40,182751,100,182752,0,182763,0,182655,1,started,
182764,100,182764,1,182850,1021096,182851,1,182852,1435216,182853,320000,182853,0,182854,55,182856,18,182848,1958400,182850,1958400,182851,0,182852,0,182849,80,182851,44,182851,0,182852,0,182763,1,started,
182852,100,182853,1,182951,1021456,182960,1,182961,1593864,182962,320000,182962,0,182963,79,182969,33,182949,1958400,182951,1728000,182954,0,182960,0,182950,90,182954,63,182955,0,182961,0,182852,1,started,
182961,100,182961,1,183051,1021496,183053,1,183054,1581602,183055,320000,183055,0,183056,82,183059,33,183049,1958400,183051,1728000,183052,0,183053,0,183050,70,183052,88,183053,0,183054,0,182961,1,started,
183054,100,183054,1,183151,1021516,183154,1,183155,1471914,183155,200000,183156,0,183156,52,183159,25,183150,1958400,183152,1958400,183153,960000,183154,0,183151,63,183153,60,183154,22,183155,0,183054,1,started,
183155,100,183155,1,183252,1021632,183255,1,183256,140755,183256,320000,183256,0,183257,3,183261,2,183250,1958400,183252,1958400,183254,960000,183255,0,183252,12,183253,0,183254,0,183255,0,183155,1,started,
183256,100,183256,1,183353,1018908,183356,1,183357,578434,183357,320000,183358,0,183359,30,183363,15,183351,1267200,183353,1958400,183354,960000,183356,0,183352,30,183354,33,183355,30,183356,0,183255,1,started,
183357,100,183357,1,183453,1019000,183455,1,183456,1299914,183456,320000,183457,0,183458,65,183461,26,183451,1267200,183453,1958400,183455,0,183455,0,183452,33,183454,100,183455,0,183456,0,183357,1,started,
183456,100,183456,1,183553,1019372,183555,1,183556,1411364,183556,320000,183557,0,183558,68,183561,27,183551,1497600,183553,1958400,183555,0,183555,0,183553,40,183554,100,183555,0,183556,0,183456,1,started,
183556,100,183556,1,183653,1018580,183655,1,183656,1851293,183656,320000,183657,0,183657,80,183659,31,183652,1958400,183654,1958400,183655,0,183655,0,183653,70,183654,90,183655,0,183656,0,183556,1,started,
183656,100,183656,1,183756,1015068,183763,1,183769,1205192,183770,320000,183770,0,183772,61,183775,26,183753,1267200,183758,1958400,183762,0,183764,0,183754,11,183760,100,183762,0,183765,0,183656,1,started,
183769,100,183769,1,183854,1015192,183856,1,183856,1735716,183857,320000,183857,0,183858,72,183860,29,183853,1958400,183854,1958400,183855,0,183856,0,183854,50,183855,100,183856,0,183856,0,183769,1,started,
183856,100,183857,1,183955,1015700,183957,1,183958,1252553,183959,320000,183959,0,183960,63,183965,26,183953,1267200,183955,1958400,183957,0,183958,0,183954,22,183956,100,183957,0,183958,0,183856,1,started,
183958,100,183958,1,184057,1017412,184059,1,184060,1562351,184061,320000,184061,0,184062,66,184065,29,184055,1958400,184057,1958400,184058,0,184059,0,184056,90,184058,45,184059,0,184060,0,183958,1,started,
184060,100,184060,1,184156,1017452,184158,1,184159,487486,184160,320000,184160,0,184161,21,184165,5,184155,1958400,184156,1958400,184157,0,184158,0,184156,22,184157,20,184158,0,184159,0,184060,1,started,
184159,100,184159,1,184257,1017452,184259,1,184260,288074,184260,320000,184261,0,184262,25,184265,8,184255,1574400,184257,1267200,184258,0,184259,0,184256,33,184258,12,184259,0,184260,0,184159,1,started,
184260,100,184260,1,184357,1014724,184360,1,184361,380948,184361,320000,184363,0,184364,50,184368,13,184355,1267200,184358,1267200,184359,0,184360,0,184357,44,184359,44,184359,0,184360,0,184260,1,started,
184361,100,184361,1,184457,1015240,184460,1,184460,1330052,184461,320000,184461,0,184463,66,184466,26,184456,1958400,184458,1267200,184459,0,184460,0,184457,100,184459,40,184459,0,184460,0,184361,1,started,
184461,100,184461,1,184562,1015612,184573,1,184576,1286997,184577,320000,184578,0,184580,69,184585,25,184557,1958400,184562,1267200,184573,0,184575,0,184560,100,184573,30,184573,0,184575,0,184460,1,started,
184576,100,184577,1,184658,1015920,184660,1,184660,1666370,184661,320000,184661,0,184662,68,184665,31,184656,1958400,184658,1958400,184659,0,184660,0,184657,100,184659,44,184659,0,184660,0,184575,1,started,
184660,100,184660,1,184760,1016540,184767,1,184769,1274081,184771,320000,184772,0,184774,66,184780,27,184757,1958400,184760,1267200,184765,0,184767,0,184759,100,184763,27,184766,0,184769,0,184660,1,started,
184770,100,184770,1,184859,1016664,184861,1,184862,1677928,184863,320000,184863,0,184864,70,184867,31,184857,1958400,184859,1958400,184860,0,184861,0,184858,100,184860,45,184861,0,184862,0,184769,1,started,
184862,100,184862,1,184960,1017828,184964,1,184967,1312830,184969,320000,184971,0,184973,66,184978,29,184958,1958400,184960,1267200,184962,0,184965,0,184959,100,184961,36,184963,0,184966,0,184862,1,started,
184968,100,184968,1,185059,1019156,185061,1,185061,1874409,185062,320000,185062,0,185065,80,185072,34,185058,1958400,185059,1958400,185060,0,185061,0,185059,72,185060,90,185060,0,185061,0,184967,1,started,
185061,100,185061,1,185160,1019640,185163,1,185166,2634346,185167,320000,185168,0,185169,73,185174,33,185158,1958400,185160,1958400,185161,1958400,185164,960000,185159,75,185161,77,185162,60,185166,83,185061,1,started,
185167,100,185167,1,185260,1020004,185263,1,185264,556832,185265,320000,185266,0,185266,10,185270,8,185258,1958400,185260,1958400,185262,1958400,185263,960000,185260,11,185261,27,185263,10,185264,0,185166,1,started,
185265,100,185265,1,185360,1016732,185364,1,185366,258363,185367,320000,185367,0,185369,10,185374,8,185359,1267200,185361,1267200,185362,1958400,185364,960000,185360,0,185362,30,185363,11,185365,0,185264,1,started,
185366,100,185366,1,185460,1017468,185463,1,185473,555687,185473,320000,185473,0,185474,45,185477,15,185459,1267200,185461,1958400,185462,0,185463,0,185460,40,185461,33,185462,0,185472,0,185366,1,started,
185473,100,185473,1,185561,1017892,185563,1,185564,1098200,185564,320000,185565,0,185565,66,185568,26,185559,1958400,185561,1497600,185562,0,185563,0,185560,40,185562,100,185563,0,185563,0,185472,1,started,
185564,100,185564,1,185662,1018264,185665,1,185666,1197253,185667,320000,185668,0,185669,61,185672,24,185660,1958400,185662,1267200,185664,0,185665,0,185661,90,185663,36,185664,0,185666,0,185564,1,started,
185666,100,185667,1,185762,1018620,185765,1,185766,1243942,185767,320000,185768,0,185769,60,185772,25,185760,1958400,185763,1267200,185764,0,185765,0,185761,100,185764,20,185765,0,185766,0,185666,1,started,
185767,100,185767,1,185862,1019240,185865,1,185867,1274081,185868,320000,185868,0,185869,61,185872,25,185860,1958400,185863,1267200,185864,0,185866,0,185862,100,185864,27,185865,0,185866,0,185766,1,started,
185867,100,185867,1,185963,1019488,185967,1,185970,1265470,185971,320000,185972,0,185973,62,185976,25,185961,1958400,185964,1267200,185966,0,185968,0,185963,100,185966,25,185967,0,185969,0,185866,1,started,
185970,100,185970,1,186063,1019860,186074,1,186075,1573909,186075,320000,186076,0,186082,65,186084,29,186061,1958400,186063,1958400,186073,0,186074,0,186062,100,186073,36,186073,0,186074,0,185969,1,started,
186075,100,186075,1,186163,1019988,186165,1,186165,1601513,186167,320000,186167,0,186168,83,186171,34,186161,1958400,186163,1497600,186164,0,186165,0,186162,100,186164,70,186164,0,186165,0,186075,1,started,
186166,100,186166,1,186264,1020708,186266,1,186266,834216,186267,320000,186267,0,186268,31,186270,11,186262,1958400,186264,1958400,186265,0,186266,0,186263,22,186265,50,186265,0,186266,0,186165,1,started,
186266,100,186266,1,186364,1020660,186366,1,186367,244405,186368,320000,186369,0,186369,15,186372,6,186363,1497600,186365,1958400,186366,0,186367,0,186364,20,186365,10,186366,0,186367,0,186266,1,started,
186368,100,186368,1,186465,1017680,186467,1,186468,178589,186469,320000,186470,0,186471,21,186474,6,186463,1267200,186465,1267200,186467,0,186468,0,186464,30,186466,11,186467,0,186468,0,186367,1,started,
186469,100,186469,1,186565,1018212,186567,1,186567,1735716,186568,320000,186568,0,186569,72,186571,29,186563,1958400,186565,1958400,186566,0,186567,0,186565,50,186566,100,186566,0,186567,0,186468,1,started,
186567,100,186567,1,186665,1018584,186667,1,186668,1388986,186682,320000,186683,0,186683,64,186686,28,186664,1958400,186665,1958400,186666,0,186667,0,186665,20,186666,100,186667,0,186668,0,186567,1,started,
186682,100,186682,1,186766,1018956,186768,1,186769,1120426,186769,320000,186770,0,186771,56,186773,22,186764,1267200,186766,1958400,186767,0,186768,0,186765,45,186766,80,186767,0,186768,0,186668,1,started,
186769,100,186769,1,186866,1018956,186869,1,186870,1365870,186870,320000,186871,0,186872,57,186874,22,186865,1958400,186867,1958400,186868,0,186869,0,186866,100,186867,18,186868,0,186869,0,186768,1,started,
186870,100,186870,1,186967,1019328,186969,1,186970,736289,186970,320000,186971,0,186972,57,186984,20,186965,1958400,186967,1267200,186968,0,186969,0,186966,30,186968,90,186969,0,186969,0,186869,1,started,
186970,100,186970,1,187067,1019452,187068,1,187069,1284966,187069,320000,187070,0,187070,61,187083,24,187065,1958400,187067,1958400,187068,0,187069,0,187066,11,187068,100,187068,0,187069,0,186970,1,started,
187069,100,187069,1,187168,1020004,187172,1,187173,1243942,187174,320000,187175,0,187176,63,187179,27,187166,1267200,187169,1958400,187171,0,187173,0,187167,20,187171,100,187171,0,187173,0,187069,1,started,
187174,100,187174,1,187268,1020720,187270,1,187271,1096395,187272,320000,187273,0,187273,66,187275,22,187266,1267200,187269,1958400,187270,0,187271,0,187268,77,187270,66,187270,0,187271,0,187173,1,started,
187271,100,187272,1,187368,1021276,187375,1,187377,1573909,187380,320000,187381,0,187382,75,187384,33,187367,1958400,187369,1958400,187373,0,187375,0,187368,81,187371,55,187375,0,187377,0,187271,1,started,
187377,100,187380,1,187470,1021640,187476,1,187478,2677541,187479,320000,187480,0,187481,80,187486,33,187467,1958400,187470,1958400,187472,1958400,187477,960000,187469,80,187471,88,187474,54,187478,50,187377,1,started,
187479,100,187479,1,187571,1022332,187576,1,187578,2486229,187579,320000,187579,0,187580,56,187584,40,187568,1958400,187572,1958400,187575,1497600,187577,1958400,187569,54,187574,69,187576,40,187577,70,187478,1,started,
187578,100,187578,1,187669,1022316,187671,1,187673,1146274,187673,200000,187673,0,187674,25,187677,20,187668,1958400,187669,1958400,187670,1497600,187672,1958400,187669,33,187670,36,187671,0,187672,30,187578,1,started,
187673,100,187673,1,187770,1022316,187774,1,187776,79562,187777,320000,187777,0,187778,9,187782,6,187769,1267200,187771,1267200,187773,960000,187774,1958400,187770,9,187772,9,187773,0,187775,0,187672,1,started,
187776,100,187776,1,187870,1019680,187872,1,187873,961655,187874,320000,187874,0,187875,41,187878,22,187868,1267200,187870,1958400,187871,960000,187873,0,187870,45,187871,60,187872,33,187873,0,187776,1,started,
187873,100,187873,1,187971,1019796,187975,1,187976,1243942,187977,320000,187978,0,187979,39,187983,19,187969,1958400,187971,1267200,187973,960000,187975,0,187970,100,187973,20,187974,0,187976,0,187873,1,started,
187977,100,187977,1,188072,1019916,188077,1,188078,1706250,188079,320000,188080,0,188081,53,188085,24,188069,1958400,188072,1267200,188074,1958400,188077,0,188071,100,188074,20,188076,40,188078,0,187976,1,started,
188078,100,188079,1,188171,1019832,188175,1,188177,1286997,188178,320000,188180,0,188181,61,188185,25,188170,1958400,188173,1267200,188174,0,188176,0,188171,100,188174,30,188175,0,188177,0,188078,1,started,
188178,100,188178,1,188271,1020080,188273,1,188274,953855,188275,320000,188275,0,188276,57,188278,20,188270,1958400,188272,1267200,188273,0,188274,0,188271,60,188273,60,188273,0,188274,0,188177,1,started,
188274,100,188274,1,188372,1020172,188374,1,188375,1273409,188376,320000,188376,0,188377,57,188380,23,188370,1958400,188373,1958400,188374,0,188375,0,188372,66,188373,44,188374,0,188375,0,188274,1,started,
188375,100,188375,1,188472,1019556,188473,1,188474,1620140,188475,320000,188475,0,188476,70,188478,30,188470,1958400,188472,1958400,188473,0,188474,0,188471,40,188473,100,188473,0,188474,0,188375,1,started,
188474,100,188474,1,188572,1020836,188575,1,188576,1480040,188577,320000,188577,0,188578,70,188581,29,188571,1728000,188573,1958400,188574,0,188575,0,188572,50,188574,90,188575,0,188576,0,188474,1,started,
188576,100,188576,1,188672,1021132,188674,1,188675,1585466,188676,320000,188676,0,188677,63,188679,25,188671,1958400,188673,1958400,188674,0,188674,0,188672,87,188673,50,188674,0,188675,0,188576,1,started,
188675,100,188675,1,188773,1021132,188776,1,188777,357175,188778,320000,188779,0,188780,15,188783,6,188771,1958400,188774,1267200,188775,0,188777,0,188773,27,188775,10,188776,0,188777,0,188675,1,started,
188778,100,188778,1,188874,1017776,188877,1,188878,426293,188879,320000,188879,0,188880,25,188884,9,188872,1958400,188874,1267200,188876,0,188877,0,188873,30,188875,18,188876,0,188878,0,188777,1,started,
188878,100,188878,1,188974,1018336,188976,1,188976,1214475,188977,320000,188977,0,188978,65,188980,19,188973,1267200,188974,1958400,188975,0,188976,0,188974,40,188975,90,188975,0,188976,0,188878,1,started,
188976,100,188977,1,189074,1018336,189076,1,189077,1157832,189078,320000,189079,0,189079,52,189081,17,189073,1958400,189075,1958400,189076,0,189077,0,189074,100,189075,0,189076,0,189077,0,188976,1,started,
189078,100,189078,1,189175,1018560,189177,1,189178,983322,189178,320000,189179,0,189180,55,189191,22,189173,1958400,189175,1267200,189176,0,189177,0,189174,70,189176,40,189177,0,189178,0,189077,1,started,
189178,100,189178,1,189275,1018932,189276,1,189277,1446774,189277,320000,189278,0,189278,66,189280,23,189273,1958400,189275,1958400,189276,0,189277,0,189274,25,189276,100,189276,0,189277,0,189178,1,started,
189277,100,189277,1,189376,1019352,189378,1,189380,1157832,189382,320000,189382,0,189384,60,189390,23,189374,1958400,189376,1958400,189377,0,189379,0,189375,0,189377,100,189377,0,189379,0,189277,1,started,
189380,100,189380,1,189475,1019476,189477,1,189478,1620140,189478,320000,189479,0,189479,66,189482,28,189474,1958400,189476,1958400,189477,0,189477,0,189475,40,189476,100,189477,0,189478,0,189380,1,started,
189478,100,189478,1,189576,1020092,189577,1,189578,1573909,189579,320000,189580,0,189580,66,189583,28,189574,1958400,189576,1958400,189577,0,189578,0,189575,36,189577,100,189577,0,189578,0,189478,1,started,
189578,100,189578,1,189676,1021476,189678,1,189681,1620140,189682,320000,189682,0,189683,76,189686,31,189675,1958400,189676,1958400,189677,0,189678,0,189676,50,189677,90,189678,0,189681,0,189578,1,started,
189681,100,189681,1,189778,1021656,189780,1,189780,1677928,189781,320000,189781,0,189782,70,189786,31,189776,1958400,189778,1958400,189779,0,189780,0,189777,55,189779,90,189779,0,189780,0,189681,1,started,
189780,100,189780,1,189880,1022012,189884,1,189885,3538717,189886,320000,189886,0,189887,95,189896,38,189877,1958400,189881,1958400,189883,1958400,189884,1958400,189878,90,189883,100,189884,66,189885,50,189780,1,started,
189886,100,189886,1,189980,1021996,189985,1,189988,430264,189989,200000,189990,0,189991,12,189997,9,189977,1958400,189980,1958400,189983,960000,189986,1728000,189979,20,189982,0,189984,10,189987,20,189885,1,started,
189988,100,189988,1,190080,1021996,190085,1,190088,519796,190089,320000,190090,0,190091,14,190096,9,190078,1958400,190081,1958400,190083,960000,190085,1728000,190079,30,190082,11,190084,20,190087,0,189987,1,started,
190088,100,190088,1,190179,1019452,190182,1,190184,1023888,190186,320000,190187,0,190188,37,190192,6,190178,1267200,190180,1267200,190181,1958400,190182,0,190179,0,190180,36,190181,75,190182,0,190087,1,started,
190184,100,190186,1,190280,1019272,190283,1,190284,1330052,190285,320000,190286,0,190287,75,190290,25,190278,1267200,190280,1958400,190281,0,190283,0,190279,40,190281,100,190282,0,190284,0,190183,1,started,
190284,100,190285,1,190381,1019400,190384,1,190387,1299914,190389,320000,190391,0,190400,68,190403,27,190379,1267200,190382,1958400,190384,0,190385,0,190381,33,190383,100,190384,0,190386,0,190284,1,started,
190387,100,190388,1,190481,1019648,190483,1,190484,1620140,190485,320000,190485,0,190486,70,190489,27,190479,1958400,190481,1958400,190482,0,190483,0,190480,40,190482,100,190483,0,190484,0,190387,1,started,
190484,100,190484,1,190582,1020020,190586,1,190588,1274081,190590,320000,190591,0,190593,61,190596,27,190579,1267200,190583,1958400,190585,0,190587,0,190581,27,190584,100,190586,0,190588,0,190484,1,started,
190589,100,190589,1,190682,1020020,190685,1,190686,1312830,190687,320000,190688,0,190689,66,190692,25,190680,1267200,190682,1958400,190684,0,190685,0,190681,36,190683,100,190684,0,190686,0,190588,1,started,
190686,100,190686,1,190781,1020564,190784,1,190785,1677928,190786,320000,190786,0,190787,71,190789,28,190780,1958400,190781,1958400,190783,0,190784,0,190781,45,190783,100,190784,0,190784,0,190686,1,started,
190785,100,190785,1,190887,1022048,190898,1,190901,1504563,190902,320000,190903,0,190904,70,190915,30,190881,1958400,190888,1958400,190897,0,190898,0,190882,30,190897,100,190898,0,190898,0,190785,1,started,
190901,100,190902,1,190982,1021584,190985,1,190985,1254782,190986,320000,190986,0,190987,36,190990,17,190981,1497600,190983,1958400,190984,1958400,190985,0,190982,70,190983,50,190984,20,190985,0,190901,1,started,
190985,100,190985,1,191083,1021792,191090,1,191092,117639,191094,320000,191095,0,191096,9,191101,6,191081,1267200,191083,1958400,191088,1958400,191091,0,191082,0,191084,10,191090,0,191091,0,190985,1,started,
191092,100,191093,1,191184,1015128,191186,1,191186,614620,191187,320000,191187,0,191188,40,191191,9,191182,1958400,191184,1958400,191185,0,191186,0,191183,20,191185,33,191186,0,191186,0,191092,1,started,
191187,100,191187,1,191289,1015376,191291,1,191292,1273409,191292,320000,191293,0,191293,59,191296,25,191288,1958400,191290,1958400,191291,0,191291,0,191289,100,191290,10,191291,0,191292,0,191186,1,started,
191292,100,191292,1,191385,1015804,191387,1,191387,1620140,191388,320000,191389,0,191389,66,191392,24,191383,1958400,191385,1958400,191386,0,191387,0,191384,40,191386,100,191387,0,191387,0,191292,1,started,
191387,100,191388,1,191484,1016052,191486,1,191487,1504563,191487,320000,191488,0,191488,61,191491,27,191483,1958400,191485,1958400,191486,0,191486,0,191484,30,191485,100,191486,0,191486,0,191387,1,started,
191487,100,191487,1,191585,1016672,191587,1,191587,1200887,191589,320000,191589,0,191590,57,191593,23,191583,1267200,191585,1958400,191586,0,191587,0,191584,10,191586,100,191586,0,191587,0,191487,1,started,
191588,100,191588,1,191685,1016796,191687,1,191688,1666370,191688,320000,191688,0,191689,70,191691,29,191684,1958400,191685,1958400,191686,0,191687,0,191685,44,191686,100,191687,0,191687,0,191587,1,started,
191688,100,191688,1,191785,1017416,191787,1,191788,1265470,191789,320000,191789,0,191790,61,191792,26,191784,1267200,191786,1958400,191787,0,191787,0,191785,25,191786,100,191787,0,191788,0,191687,1,started,
191788,100,191788,1,191886,1018652,191888,1,191889,1446774,191889,320000,191889,0,191890,65,191893,25,191885,1958400,191887,1958400,191888,0,191888,0,191886,50,191887,75,191888,0,191888,0,191788,1,started,
191889,100,191889,1,191988,1019516,191993,1,192000,1441568,192001,320000,192002,0,192002,80,192005,32,191985,1497600,191989,1958400,191991,0,191994,0,191987,63,191990,90,191992,0,192000,0,191889,1,started,
192001,100,192001,1,192087,1019724,192089,1,192089,1065370,192090,320000,192090,0,192091,33,192093,14,192085,1958400,192087,1958400,192088,0,192089,0,192086,37,192088,55,192088,0,192089,0,192000,1,started,
192089,100,192089,1,192189,1019848,192192,1,192194,117639,192195,320000,192195,0,192196,14,192212,5,192186,1267200,192189,1958400,192191,0,192193,0,192188,0,192190,10,192191,0,192193,0,192089,1,started,
192194,100,192194,1,192288,1017400,192290,1,192291,997368,192292,320000,192292,0,192293,63,192297,23,192286,1267200,192288,1958400,192290,0,192290,0,192287,54,192289,66,192290,0,192291,0,192193,1,started,
192291,100,192291,1,192390,1017728,192397,1,192402,1286997,192404,320000,192406,0,192408,68,192417,26,192387,1267200,192392,1958400,192396,0,192400,0,192388,30,192395,100,192397,0,192400,0,192291,1,started,
192402,100,192403,1,192491,1018100,192494,1,192494,1666370,192495,320000,192495,0,192496,68,192499,29,192487,1958400,192492,1958400,192493,0,192494,0,192490,44,192493,100,192494,0,192494,0,192401,1,started,
192495,100,192495,1,192588,1018464,192590,1,192591,1330052,192591,320000,192592,0,192593,70,192595,28,192587,1267200,192589,1958400,192590,0,192591,0,192588,40,192590,100,192590,0,192591,0,192494,1,started,
192591,100,192591,1,192689,1019076,192691,1,192692,1273409,192693,320000,192694,0,192694,55,192697,21,192687,1958400,192689,1958400,192691,0,192692,0,192689,100,192690,10,192691,0,192692,0,192591,1,started,
192692,100,192693,1,192790,1019200,192793,1,192794,1252553,192795,320000,192796,0,192797,63,192800,25,192788,1958400,192790,1267200,192792,0,192793,0,192789,100,192792,22,192793,0,192794,0,192692,1,started,
192795,100,192795,1,192893,1020088,192900,1,192905,1274081,192906,320000,192907,0,192908,63,192911,25,192888,1958400,192895,1267200,192899,0,192901,0,192891,100,192897,27,192899,0,192902,0,192794,1,started,
192905,100,192905,1,192991,1021604,192995,1,192996,2729678,192996,320000,192997,0,192998,75,193005,33,192988,1958400,192991,1958400,192993,1958400,192995,0,192990,66,192992,100,192994,70,192995,0,192905,1,started,
192996,100,192996,1,193090,1021596,193094,1,193095,545274,193096,320000,193097,0,193098,19,193101,11,193089,1958400,193091,1958400,193092,1958400,193094,0,193090,36,193091,11,193094,0,193095,0,192996,1,started,
193095,100,193096,1,193191,1021920,193194,1,193195,243287,193197,320000,193197,0,193198,10,193202,5,193189,1958400,193191,1497600,193193,1958400,193194,0,193190,11,193192,18,193194,0,193195,0,193095,1,started,
193196,100,193196,1,193291,1019152,193293,1,193293,1045873,193294,320000,193294,0,193295,54,193304,18,193289,1958400,193291,1267200,193292,0,193293,0,193290,81,193292,25,193293,0,193293,0,193195,1,started,
193294,100,193294,1,193391,1018536,193393,1,193394,1620140,193395,320000,193396,0,193397,70,193399,24,193390,1958400,193391,1958400,193392,0,193393,0,193390,40,193392,100,193393,0,193394,0,193293,1,started,
193395,100,193395,1,193492,1018784,193494,1,193495,1296524,193496,320000,193496,0,193497,61,193505,24,193490,1958400,193492,1958400,193493,0,193494,0,193491,12,193493,100,193494,0,193495,0,193394,1,started,
193495,100,193495,1,193592,1018908,193595,1,193597,1469890,193598,320000,193598,0,193599,61,193601,23,193590,1958400,193592,1958400,193594,0,193596,0,193591,100,193593,27,193595,0,193597,0,193495,1,started,
193597,100,193597,1,193692,1019032,193694,1,193695,1412101,193696,320000,193696,0,193697,63,193699,26,193690,1958400,193692,1958400,193694,0,193695,0,193692,100,193693,22,193694,0,193695,0,193597,1,started,
193695,100,193696,1,193794,1019236,193798,1,193800,1412101,193801,320000,193802,0,193804,66,193808,27,193791,1958400,193795,1958400,193797,0,193798,0,193793,100,193796,22,193798,0,193799,0,193695,1,started,
193800,100,193800,1,193893,1019360,193895,1,193896,1677928,193897,320000,193897,0,193898,68,193900,30,193891,1958400,193893,1958400,193894,0,193895,0,193892,100,193894,45,193895,0,193896,0,193799,1,started,
193896,100,193896,1,193993,1020916,193996,1,193996,1184337,193997,320000,193998,0,193998,63,194004,24,193991,1958400,193994,1267200,193995,0,193996,0,193993,90,193995,33,193995,0,193996,0,193896,1,started,
193997,100,193997,1,194093,1021564,194096,1,194100,1608582,194101,320000,194102,0,194107,73,194111,30,194092,1958400,194093,1958400,194095,0,194096,0,194093,77,194095,62,194095,0,194097,0,193996,1,started,
194100,100,194100,1,194194,1021724,194198,1,194199,2217150,194200,320000,194205,0,194206,90,194209,37,194193,1958400,194195,1958400,194196,652800,194198,0,194194,90,194196,100,194197,25,194199,0,194100,1,started,
194199,100,194199,1,194294,1021816,194296,1,194297,2036216,194298,200000,194298,0,194299,53,194302,33,194293,1958400,194295,1958400,194296,1958400,194297,0,194294,55,194295,44,194296,77,194297,0,194199,1,started,
194297,100,194297,1,194395,1021772,194398,1,194399,117639,194400,320000,194400,0,194401,3,194405,2,194393,1267200,194395,1958400,194396,1958400,194398,0,194394,0,194396,10,194397,0,194398,0,194297,1,started,
194399,100,194399,1,194496,1019100,194499,1,194501,679380,194502,320000,194503,0,194504,30,194508,16,194494,1958400,194496,1267200,194498,960000,194500,0,194495,50,194497,18,194499,10,194500,0,194399,1,started,
194501,100,194501,1,194596,1019084,194599,1,194600,974039,194601,320000,194602,0,194603,55,194606,18,194594,1958400,194596,1267200,194598,0,194600,0,194595,80,194598,11,194599,0,194600,0,194501,1,started,
194601,100,194601,1,194695,1019440,194697,1,194698,1504563,194698,320000,194699,0,194699,57,194701,20,194694,1958400,194696,1958400,194697,0,194697,0,194695,30,194696,100,194697,0,194698,0,194600,1,started,
194698,100,194698,1,194796,1019640,194798,1,194798,1504563,194799,320000,194799,0,194800,68,194802,28,194794,1958400,194796,1958400,194797,0,194798,0,194795,30,194797,100,194797,0,194798,0,194698,1,started,
194798,100,194798,1,194896,1019764,194898,1,194898,1308082,194899,320000,194899,0,194900,57,194902,24,194895,1958400,194896,1958400,194897,0,194898,0,194896,50,194897,63,194898,0,194898,0,194798,1,started,
194898,100,194899,1,194996,1020260,194998,1,194999,1354313,194999,320000,195000,0,195000,59,195003,24,194995,1958400,194997,1958400,194998,0,194998,0,194996,63,194998,54,194998,0,194999,0,194898,1,started,
194999,100,194999,1,195098,1020260,195102,1,195104,1284966,195105,320000,195105,0,195107,61,195113,25,195096,1958400,195099,1958400,195101,0,195103,0,195098,100,195100,11,195101,0,195104,0,194999,1,started,
195104,100,195105,1,195197,1020860,195199,1,195199,1781947,195200,320000,195200,0,195201,73,195203,30,195196,1958400,195197,1958400,195198,0,195199,0,195196,100,195198,54,195199,0,195199,0,195104,1,started,
195200,100,195200,1,195297,1021964,195299,1,195300,1273409,195301,320000,195301,0,195302,55,195305,25,195296,1958400,195297,1958400,195298,0,195299,0,195297,80,195298,30,195299,0,195300,0,195199,1,started,
195300,100,195300,1,195397,1022508,195399,1,195400,1342755,195400,320000,195401,0,195401,58,195404,19,195396,1958400,195398,1958400,195399,0,195399,0,195397,50,195398,66,195399,0,195400,0,195300,1,started,
195400,100,195400,1,195498,1022508,195500,1,195500,325678,195501,320000,195501,0,195502,14,195504,7,195496,1958400,195498,1958400,195499,0,195500,0,195497,10,195499,18,195499,0,195500,0,195400,1,started,
195500,100,195500,1,195598,1019816,195600,1,195601,803162,195601,320000,195601,0,195602,42,195604,15,195597,1267200,195599,1958400,195600,0,195600,0,195598,25,195599,60,195600,0,195600,0,195500,1,started,
195601,100,195601,1,195699,1019816,195700,1,195701,1157832,195701,320000,195702,0,195711,50,195717,17,195697,1958400,195699,1958400,195700,0,195700,0,195698,90,195699,10,195700,0,195701,0,195601,1,started,
195701,100,195701,1,195799,1020188,195800,1,195801,1677928,195801,320000,195802,0,195803,80,195813,29,195798,1958400,195799,1958400,195800,0,195801,0,195798,45,195800,100,195800,0,195801,0,195701,1,started,
195801,100,195801,1,195899,1019664,195901,1,195901,1851293,195902,320000,195903,0,195904,80,195906,34,195898,1958400,195899,1958400,195900,0,195901,0,195899,60,195900,100,195901,0,195901,0,195801,1,started,
195902,100,195902,1,195999,1019912,196001,1,196002,1573909,196003,320000,196003,0,196004,66,196007,29,195998,1958400,196000,1958400,196001,0,196001,0,195999,36,196000,100,196001,0,196002,0,195901,1,started,
196002,100,196002,1,196100,1020160,196101,1,196103,1504563,196104,320000,196105,0,196106,65,196111,28,196099,1958400,196100,1958400,196101,0,196102,0,196099,30,196101,100,196101,0,196102,0,196002,1,started,
196103,100,196103,1,196200,1020620,196202,1,196203,1620140,196204,320000,196205,0,196205,70,196208,29,196199,1958400,196200,1958400,196201,0,196203,0,196200,40,196201,100,196202,0,196203,0,196103,1,started,
196203,100,196204,1,196301,1021768,196304,1,196307,1354313,196312,320000,196313,0,196315,59,196322,26,196299,1958400,196301,1958400,196302,0,196306,0,196300,27,196302,90,196303,0,196307,0,196203,1,started,
196308,100,196308,1,196401,1021984,196406,1,196408,2417365,196410,320000,196411,0,196413,95,196419,37,196399,1958400,196401,1958400,196404,960000,196407,0,196400,90,196402,100,196406,100,196408,0,196307,1,started,
196409,100,196409,1,196503,1022388,196507,1,196509,589142,196510,320000,196510,0,196512,7,196517,4,196500,1958400,196503,1958400,196505,960000,196507,0,196502,27,196504,20,196506,20,196508,0,196408,1,started,
196509,100,196509,1,196603,1021800,196608,1,196610,404219,196611,320000,196612,0,196613,21,196617,10,196600,1958400,196604,1958400,196606,960000,196609,0,196602,11,196605,20,196607,20,196609,0,196508,1,started,
196610,100,196610,1,196703,1019204,196705,1,196706,1204063,196707,320000,196707,0,196708,47,196710,25,196701,1958400,196703,1958400,196704,0,196705,0,196702,44,196704,60,196705,0,196706,0,196609,1,started,
196706,100,196706,1,196803,1019740,196806,1,196808,1252553,196809,320000,196809,0,196810,63,196813,23,196801,1267200,196804,1958400,196805,0,196807,0,196803,22,196805,100,196806,0,196807,0,196706,1,started,
196808,100,196808,1,196904,1019988,196906,1,196908,1351580,196909,320000,196910,0,196914,70,196917,27,196901,1267200,196904,1958400,196906,0,196907,0,196903,45,196905,100,196906,0,196907,0,196807,1,started,
196909,100,196909,1,197004,1020236,197006,1,197006,1284966,197007,320000,197007,0,197008,57,197010,20,197001,1958400,197004,1958400,197005,0,197006,0,197003,100,197005,11,197005,0,197006,0,196908,1,started,
197006,100,197006,1,197103,1020604,197105,1,197106,1365870,197107,320000,197108,0,197108,57,197110,25,197102,1958400,197104,1958400,197105,0,197106,0,197103,100,197104,18,197105,0,197106,0,197006,1,started,
197107,100,197107,1,197204,1020604,197207,1,197209,1200887,197209,320000,197210,0,197211,55,197215,23,197202,1958400,197205,1267200,197206,0,197208,0,197203,100,197206,10,197207,0,197208,0,197106,1,started,
197209,100,197209,1,197305,1021204,197308,1,197309,1243942,197310,320000,197311,0,197312,60,197316,25,197303,1958400,197305,1267200,197307,0,197308,0,197304,100,197306,20,197307,0,197309,0,197208,1,started,
197309,100,197310,1,197404,1022116,197406,1,197406,1128365,197407,320000,197407,0,197408,55,197411,20,197403,1958400,197404,1267200,197405,0,197406,0,197404,90,197405,20,197406,0,197406,0,197309,1,started,
197407,100,197407,1,197504,1022612,197506,1,197507,1562351,197507,320000,197508,0,197508,68,197511,25,197503,1958400,197505,1958400,197506,0,197506,0,197504,54,197505,81,197506,0,197507,0,197406,1,started,
197507,100,197507,1,197605,1022612,197607,1,197607,558580,197608,320000,197608,0,197609,25,197611,9,197603,1728000,197605,1958400,197606,0,197607,0,197604,20,197606,33,197606,0,197607,0,197507,1,started,
197607,100,197607,1,197705,1019484,197707,1,197708,420170,197708,320000,197709,0,197709,28,197712,11,197704,1267200,197706,1958400,197707,0,197707,0,197705,30,197706,25,197707,0,197708,0,197607,1,started,
197708,100,197708,1,197805,1020224,197807,1,197808,1215620,197808,320000,197809,0,197809,52,197811,20,197804,1958400,197806,1958400,197807,0,197807,0,197805,50,197806,55,197807,0,197808,0,197708,1,started,
197808,100,197808,1,197906,1020692,197908,1,197909,1388986,197909,320000,197909,0,197910,60,197912,25,197904,1958400,197906,1958400,197907,0,197908,0,197905,20,197907,100,197907,0,197908,0,197808,1,started,
197909,100,197909,1,198006,1020940,198008,1,198008,979688,198009,320000,198009,0,198010,63,198012,23,198005,1267200,198006,1958400,198007,0,198008,0,198006,66,198007,60,198008,0,198008,0,197908,1,started,
198008,100,198009,1,198106,1021064,198108,1,198109,1400543,198109,320000,198109,0,198110,61,198113,25,198105,1958400,198107,1958400,198107,0,198108,0,198106,81,198107,40,198108,0,198108,0,198008,1,started,
198109,100,198109,1,198207,1021160,198210,1,198212,1200887,198213,320000,198214,0,198215,59,198217,24,198205,1958400,198208,1267200,198209,0,198210,0,198207,100,198209,10,198210,0,198212,0,198109,1,started,
198212,100,198212,1,198307,1021284,198309,1,198310,1446774,198310,320000,198310,0,198311,58,198324,22,198305,1958400,198307,1958400,198308,0,198309,0,198306,55,198308,70,198309,0,198309,0,198212,1,started,
198310,100,198310,1,198408,1017120,198410,1,198410,1666370,198411,320000,198411,0,198412,73,198417,32,198406,1958400,198408,1958400,198409,0,198410,0,198407,44,198409,100,198409,0,198410,0,198310,1,started,
198410,100,198410,1,198507,1018108,198509,1,198510,1573909,198510,320000,198511,0,198511,68,198514,27,198506,1958400,198508,1958400,198509,0,198509,0,198507,70,198508,66,198509,0,198510,0,198410,1,started,
198510,100,198510,1,198608,1018356,198611,1,198612,1932197,198613,320000,198613,0,198615,85,198622,36,198606,1958400,198608,1958400,198610,0,198611,0,198607,77,198609,90,198610,0,198612,0,198510,1,started,
198612,100,198612,1,198708,1018852,198711,1,198712,2059332,198712,320000,198713,0,198714,90,198720,38,198707,1958400,198709,1958400,198710,0,198711,0,198708,88,198710,90,198710,0,198711,0,198612,1,started,
198712,100,198712,1,198808,1018992,198810,1,198811,1088486,198812,200000,198813,0,198814,45,198816,18,198807,1958400,198809,1958400,198810,0,198811,0,198808,54,198810,40,198810,0,198811,0,198711,1,started,
198811,100,198812,1,198909,1019108,198911,1,198911,256332,198912,320000,198912,0,198913,11,198915,4,198907,1958400,198909,1958400,198910,0,198911,0,198908,11,198910,11,198910,0,198911,0,198811,1,started,
198911,100,198911,1,199009,1016048,199011,1,199011,846889,199012,320000,199013,0,199014,57,199016,21,199008,1958400,199009,1267200,199010,0,199011,0,199009,50,199010,62,199011,0,199011,0,198911,1,started,
199011,100,199012,1,199114,1016624,199118,1,199121,1261851,199124,320000,199124,0,199128,56,199136,24,199109,1958400,199114,1958400,199116,0,199119,0,199112,9,199116,100,199118,0,199120,0,199011,1,started,
199121,100,199122,1,199210,1017120,199211,1,199213,1851293,199214,320000,199215,0,199216,77,199222,31,199208,1958400,199210,1958400,199211,0,199212,0,199209,60,199211,100,199211,0,199212,0,199120,1,started,
199213,100,199213,1,199310,1017428,199312,1,199313,1527678,199313,320000,199314,0,199314,66,199317,28,199309,1958400,199310,1958400,199311,0,199312,0,199310,62,199311,70,199312,0,199313,0,199213,1,started,
199313,100,199313,1,199411,1017948,199413,1,199414,1469890,199415,320000,199416,0,199416,61,199419,27,199409,1958400,199411,1958400,199413,0,199414,0,199410,27,199412,100,199413,0,199414,0,199313,1,started,
199414,100,199415,1,199514,1018196,199516,1,199517,1573909,199518,320000,199518,0,199519,65,199522,28,199510,1958400,199514,1958400,199515,0,199516,0,199513,36,199515,100,199516,0,199516,0,199414,1,started,
199517,100,199517,1,199611,1019344,199613,1,199614,1735716,199614,320000,199615,0,199615,73,199618,31,199610,1958400,199611,1958400,199613,0,199613,0,199611,50,199612,100,199613,0,199613,0,199517,1,started,
199614,100,199614,1,199711,1020500,199714,1,199714,1573909,199715,320000,199716,0,199717,70,199719,29,199710,1958400,199712,1958400,199713,0,199714,0,199711,55,199713,81,199713,0,199714,0,199614,1,started,
199715,100,199715,1,199812,1020692,199815,1,199816,49423,199817,320000,199818,0,199819,5,199823,1,199810,1267200,199813,1958400,199814,0,199816,0,199812,11,199814,0,199815,0,199816,0,199714,1,started,
199817,100,199817,1,199912,1017708,199914,1,199914,626178,199915,320000,199915,0,199916,28,199918,12,199911,1958400,199912,1958400,199913,0,199914,0,199911,27,199913,27,199913,0,199914,0,199816,1,started,
199914,100,199914,1,200015,1018264,200019,1,200020,1412101,200021,320000,200022,0,200024,65,200029,22,200011,1958400,200015,1958400,200017,0,200019,0,200013,22,200017,100,200018,0,200020,0,199914,1,started,
200020,100,200020,1,200113,1018884,200115,1,200116,1573909,200117,320000,200117,0,200118,63,200120,28,200111,1958400,200113,1958400,200114,0,200115,0,200112,36,200114,100,200115,0,200116,0,200020,1,started,
200116,100,200116,1,200214,1019132,200217,1,200218,1330052,200219,320000,200219,0,200222,70,200225,28,200212,1267200,200214,1958400,200216,0,200217,0,200213,40,200215,100,200216,0,200217,0,200116,1,started,
200218,100,200218,1,200313,1019860,200316,1,200317,1631697,200317,320000,200318,0,200319,68,200321,29,200312,1958400,200314,1958400,200315,0,200316,0,200313,41,200315,100,200315,0,200316,0,200218,1,started,
200317,100,200317,1,200422,1020000,200425,1,200426,1286997,200427,320000,200427,0,200428,63,200431,26,200412,1267200,200423,1958400,200424,0,200425,0,200413,30,200424,100,200425,0,200426,0,200316,1,started,
200426,100,200426,1,200514,1020488,200515,1,200516,1365870,200516,320000,200517,0,200517,61,200520,26,200512,1958400,200514,1958400,200515,0,200516,0,200513,30,200515,88,200515,0,200516,0,200426,1,started,
200516,100,200516,1,200614,1021932,200616,1,200617,1312830,200617,320000,200617,0,200618,66,200620,27,200613,1267200,200614,1958400,200615,0,200616,0,200614,36,200615,100,200616,0,200616,0,200516,1,started,
200617,100,200617,1,200714,1022676,200717,1,200718,1990998,200718,320000,200719,0,200723,68,200731,36,200713,1958400,200715,1958400,200716,960000,200717,0,200714,80,200716,90,200717,11,200718,0,200617,1,started,
200718,100,200718,1,200815,1023380,200819,1,200820,1684000,200820,320000,200821,0,200822,68,200827,37,200813,1958400,200815,1958400,200817,960000,200819,0,200814,63,200817,70,200818,66,200819,0,200718,1,started,
200820,100,200820,1,200915,1023512,200925,1,200925,926678,200926,320000,200926,0,200927,28,200931,13,200914,1958400,200915,1958400,200923,1958400,200925,0,200914,50,200923,20,200924,10,200925,0,200819,1,started,
200925,100,200926,1,201015,1022544,201018,1,201018,849621,201019,320000,201019,0,201020,25,201024,15,201014,1728000,201016,1958400,201017,1958400,201018,0,201015,44,201016,40,201017,0,201018,0,200925,1,started,
201018,100,201019,1,201116,1019492,201119,1,201119,527579,201120,320000,201121,0,201122,36,201134,18,201114,1267200,201116,1958400,201118,0,201119,0,201115,63,201117,22,201118,0,201119,0,201018,1,started,
201120,100,201120,1,201216,1019716,201217,1,201218,1677928,201219,320000,201219,0,201220,71,201222,26,201214,1958400,201216,1958400,201217,0,201218,0,201215,100,201217,45,201217,0,201218,0,201119,1,started,
201218,100,201218,1,201316,1020068,201318,1,201319,1446774,201319,320000,201320,0,201320,59,201327,27,201315,1958400,201316,1958400,201318,0,201318,0,201316,100,201317,25,201318,0,201319,0,201218,1,started,
201319,100,201319,1,201417,1020284,201419,1,201419,838950,201420,320000,201420,0,201421,61,201423,21,201415,1958400,201417,1267200,201418,0,201419,0,201417,40,201418,87,201418,0,201419,0,201319,1,started,
201419,100,201419,1,201521,1020532,201528,1,201532,1573909,201534,320000,201536,0,201539,72,201547,31,201517,1958400,201523,1958400,201527,0,201530,0,201519,36,201525,100,201528,0,201530,0,201419,1,started,
201532,100,201533,1,201618,1020904,201621,1,201623,1330052,201624,320000,201624,0,201625,66,201628,26,201616,1267200,201619,1958400,201620,0,201622,0,201618,40,201620,100,201621,0,201622,0,201530,1,started,
201623,100,201623,1,201719,1021400,201723,1,201724,1330052,201726,320000,201726,0,201727,70,201735,27,201717,1267200,201720,1958400,201721,0,201724,0,201718,40,201721,100,201722,0,201724,0,201623,1,started,
201725,100,201725,1,201818,1022624,201820,1,201823,1620140,201824,320000,201824,0,201825,68,201828,30,201817,1958400,201818,1958400,201819,0,201821,0,201818,40,201819,100,201820,0,201821,0,201724,1,started,
201823,100,201823,1,201919,1022788,201921,1,201922,406582,201923,320000,201924,0,201925,11,201928,5,201917,1958400,201919,1958400,201920,0,201921,0,201918,25,201920,10,201920,0,201921,0,201821,1,started,
201922,100,201923,1,202019,1022788,202021,1,202021,88173,202022,320000,202022,0,202023,15,202025,5,202017,1267200,202019,1958400,202020,0,202021,0,202018,20,202020,0,202020,0,202021,0,201922,1,started,
202021,100,202021,1,202119,1019740,202121,1,202121,1469890,202122,320000,202123,0,202123,60,202126,26,202118,1958400,202119,1958400,202120,0,202121,0,202119,46,202120,81,202121,0,202121,0,202021,1,started,
202122,100,202122,1,202222,1020232,202225,1,202226,1161221,202226,320000,202227,0,202228,61,202231,22,202218,1958400,202223,1267200,202224,0,202225,0,202219,88,202224,33,202225,0,202226,0,202121,1,started,
202226,100,202226,1,202320,1020628,202321,1,202322,1412101,202323,320000,202324,0,202325,65,202329,27,202318,1958400,202320,1958400,202321,0,202322,0,202319,100,202321,22,202321,0,202322,0,202226,1,started,
202323,100,202323,1,202420,1020728,202424,1,202425,969260,202425,320000,202426,0,202427,61,202429,20,202419,1958400,202421,1267200,202423,0,202424,0,202420,55,202422,77,202423,0,202424,0,202322,1,started,
202425,100,202425,1,202520,1021224,202522,1,202523,1273409,202523,320000,202524,0,202524,55,202526,24,202519,1958400,202521,1958400,202522,0,202522,0,202520,22,202521,88,202522,0,202522,0,202424,1,started,
202523,100,202523,1,202621,1021224,202622,1,202623,1331197,202623,320000,202624,0,202624,57,202627,23,202619,1958400,202621,1958400,202622,0,202623,0,202620,55,202622,60,202622,0,202623,0,202523,1,started,
202623,100,202623,1,202721,1021808,202723,1,202725,1157832,202726,320000,202726,0,202727,55,202730,23,202720,1958400,202721,1958400,202723,0,202724,0,202721,80,202722,20,202723,0,202724,0,202623,1,started,
202725,100,202725,1,202822,1022732,202825,1,202826,1243942,202827,320000,202828,0,202829,57,202833,23,202820,1958400,202822,1267200,202824,0,202825,0,202821,100,202823,20,202824,0,202826,0,202725,1,started,
202826,100,202827,1,202925,1023604,202932,1,202933,1459218,202934,320000,202947,0,202949,86,202970,32,202920,1958400,202926,1267200,202927,0,202933,0,202922,100,202927,70,202932,0,202933,0,202826,1,started,
202933,100,202934,1,203023,1024136,203026,1,203027,2406063,203028,320000,203029,0,203030,70,203033,46,203021,1958400,203023,1958400,203025,1958400,203027,0,203022,75,203024,100,203026,33,203027,0,202933,1,started,
203028,100,203028,1,203124,1024268,203127,1,203128,2085314,203129,200000,203129,0,203130,75,203133,45,203121,1958400,203124,1958400,203126,960000,203128,0,203123,90,203126,80,203127,54,203128,0,203027,1,started,
203128,100,203128,1,203223,1024252,203226,1,203226,1106876,203227,200000,203227,0,203228,41,203231,22,203222,1958400,203223,1958400,203224,960000,203226,0,203223,44,203224,44,203225,40,203226,0,203128,1,started,
203227,100,203227,1,203324,1024192,203327,1,203328,106082,203329,320000,203329,0,203330,3,203343,2,203323,1958400,203325,1958400,203326,960000,203327,0,203324,9,203326,0,203327,0,203328,0,203226,1,started,
203328,100,203328,1,203424,1019620,203426,1,203427,1793505,203427,320000,203427,0,203428,53,203434,29,203422,1958400,203424,1958400,203425,1958400,203426,0,203423,70,203425,60,203426,25,203426,0,203328,1,started,
203427,100,203427,1,203524,1019804,203526,1,203527,1157832,203527,320000,203528,0,203528,34,203531,21,203523,1958400,203524,1958400,203525,1958400,203526,0,203524,0,203525,100,203526,0,203527,0,203426,1,started,
203527,100,203527,1,203625,1020408,203629,1,203630,1335008,203631,320000,203631,0,203632,50,203635,30,203623,1267200,203626,1958400,203628,960000,203629,0,203624,33,203627,100,203629,16,203630,0,203527,1,started,
203630,100,203630,1,203725,1020408,203727,1,203728,1208582,203729,320000,203730,0,203730,44,203734,14,203723,1267200,203725,1958400,203726,1958400,203727,0,203724,44,203726,11,203727,77,203728,0,203630,1,started,
203728,100,203729,1,203826,1020712,203829,1,203830,1510157,203831,320000,203832,0,203833,47,203836,26,203824,1958400,203826,1497600,203828,1958400,203829,0,203825,100,203827,10,203829,25,203830,0,203728,1,started,
203830,100,203831,1,203925,1020948,203927,1,203928,1458332,203928,320000,203928,0,203929,47,203931,19,203924,1958400,203926,1958400,203927,0,203927,0,203925,66,203926,60,203927,0,203927,0,203830,1,started,
203928,100,203928,1,204026,1021072,204027,1,204028,1273409,204028,320000,204029,0,204029,52,204032,23,204024,1958400,204026,1958400,204027,0,204027,0,204025,10,204026,100,204027,0,204028,0,203928,1,started,
204028,100,204028,1,204126,1021712,204129,1,204130,1191360,204131,320000,204132,0,204132,70,204135,29,204125,1267200,204127,1958400,204129,0,204130,0,204126,40,204128,88,204129,0,204130,0,204028,1,started,
204131,100,204131,1,204226,1022980,204228,1,204229,1330052,204234,320000,204235,0,204237,66,204246,27,204225,1267200,204226,1958400,204227,0,204228,0,204226,40,204227,100,204228,0,204228,0,204130,1,started,
204229,100,204229,1,204329,1023204,204331,1,204331,949793,204332,320000,204332,0,204333,36,204335,13,204327,1958400,204329,1958400,204330,0,204331,0,204328,60,204330,22,204330,0,204331,0,204229,1,started,
204331,100,204331,1,204430,1023112,204432,1,204434,297658,204435,320000,204435,0,204436,14,204439,5,204428,1958400,204430,1728000,204431,0,204433,0,204429,18,204431,10,204432,0,204433,0,204331,1,started,
204434,100,204434,1,204530,1019932,204533,1,204534,701173,204534,320000,204535,0,204536,50,204539,17,204528,1958400,204531,1267200,204532,0,204533,0,204530,40,204531,55,204532,0,204533,0,204433,1,started,
204534,100,204534,1,204630,1020192,204632,1,204632,1273409,204633,320000,204633,0,204634,55,204636,19,204629,1958400,204630,1958400,204631,0,204632,0,204629,77,204631,33,204631,0,204632,0,204534,1,started,
204632,100,204632,1,204731,1020564,204733,1,204735,1157832,204736,320000,204736,0,204737,50,204741,21,204729,1958400,204731,1958400,204732,0,204734,0,204730,90,204732,10,204733,0,204734,0,204632,1,started,
204735,100,204735,1,204831,1020924,204832,1,204834,1793505,204834,320000,204835,0,204836,77,204838,31,204829,1958400,204831,1958400,204832,0,204833,0,204830,100,204832,55,204832,0,204833,0,204734,1,started,
204834,100,204834,1,204933,1021420,204938,1,204941,1235331,204944,320000,204944,0,204946,59,204954,25,204930,1958400,204933,1267200,204937,0,204939,0,204931,100,204935,18,204937,0,204940,0,204833,1,started,
204942,100,204942,1,205031,1021544,205033,1,205034,1666370,205034,320000,205034,0,205035,70,205037,28,205030,1958400,205032,1958400,205032,0,205033,0,205031,100,205032,44,205033,0,205033,0,204941,1,started,
205034,100,205034,1,205132,1022004,205134,1,205135,1299914,205136,320000,205136,0,205137,63,205141,28,205130,1958400,205132,1267200,205134,0,205135,0,205131,100,205133,33,205134,0,205135,0,205033,1,started,
205135,100,205135,1,205232,1023276,205234,1,205235,1299914,205235,320000,205236,0,205236,65,205238,25,205231,1958400,205233,1267200,205234,0,205234,0,205232,100,205233,33,205234,0,205235,0,205135,1,started,
205235,100,205235,1,205333,1023812,205335,1,205336,1078944,205336,320000,205337,0,205337,75,205340,25,205332,1958400,205333,1267200,205335,0,205335,0,205333,63,205334,81,205335,0,205336,0,205235,1,started,
205336,100,205336,1,205433,1024180,205435,1,205436,1937447,205436,320000,205437,0,205437,60,205440,28,205431,1958400,205433,1958400,205434,1728000,205435,0,205432,77,205434,70,205435,27,205436,0,205336,1,started,
205436,100,205436,1,205534,1024180,205538,1,205541,135187,205542,320000,205542,0,205544,9,205548,5,205532,1958400,205535,1958400,205537,960000,205539,0,205533,10,205536,0,205538,8,205540,0,205436,1,started,
205541,100,205541,1,205635,1021472,205639,1,205640,540954,205642,320000,205642,0,205643,28,205648,11,205633,1267200,205635,1267200,205637,1958400,205639,0,205634,40,205637,10,205638,28,205640,0,205540,1,started,
205641,100,205641,1,205734,1021456,205736,1,205736,910800,205737,320000,205737,0,205738,50,205744,18,205732,1958400,205734,1267200,205735,0,205736,0,205733,60,205735,50,205735,0,205736,0,205640,1,started,
205736,100,205736,1,205835,1020824,205837,1,205837,1394635,205838,320000,205838,0,205839,78,205843,26,205833,1267200,205835,1958400,205836,0,205837,0,205834,55,205836,100,205836,0,205837,0,205736,1,started,
205838,100,205838,1,205935,1020784,205938,1,205939,1236003,205941,320000,205942,0,205945,69,205951,26,205933,1267200,205935,1958400,205937,0,205938,0,205935,45,205936,90,205937,0,205939,0,205837,1,started,
205940,100,205941,1,206035,1017340,206037,1,206037,1677928,206038,320000,206038,0,206039,68,206041,29,206034,1958400,206035,1958400,206036,0,206037,0,206035,45,206036,100,206036,0,206037,0,205939,1,started,
206037,100,206037,1,206136,1017900,206138,1,206140,1284966,206142,320000,206142,0,206146,61,206155,25,206134,1958400,206136,1958400,206137,0,206138,0,206135,11,206137,100,206138,0,206139,0,206037,1,started,
206140,100,206140,1,206236,1018024,206237,1,206238,1735716,206238,320000,206239,0,206240,72,206242,30,206234,1958400,206236,1958400,206237,0,206238,0,206235,50,206237,100,206237,0,206238,0,206140,1,started,
206238,100,206238,1,206336,1019300,206339,1,206339,1252553,206340,320000,206341,0,206342,63,206353,27,206335,1267200,206337,1958400,206338,0,206339,0,206336,22,206338,100,206338,0,206339,0,206238,1,started,
206340,100,206340,1,206436,1020124,206438,1,206439,1620140,206439,320000,206440,0,206441,66,206443,25,206435,1958400,206437,1958400,206438,0,206438,0,206436,63,206437,77,206438,0,206439,0,206339,1,started,
206439,100,206439,1,206537,1020372,206539,1,206540,186242,206540,320000,206541,0,206542,10,206545,8,206535,1958400,206537,1497600,206538,0,206539,0,206536,11,206538,9,206539,0,206539,0,206439,1,started,
206540,100,206540,1,206637,1017560,206639,1,206639,414789,206640,320000,206640,0,206641,23,206643,5,206636,1958400,206637,1497600,206638,0,206639,0,206637,22,206638,25,206639,0,206639,0,206540,1,started,
206640,100,206640,1,206737,1017980,206739,1,206740,1149893,206740,320000,206741,0,206741,63,206744,23,206736,1958400,206738,1267200,206739,0,206739,0,206737,90,206738,25,206739,0,206740,0,206639,1,started,
206740,100,206740,1,206838,1018456,206839,1,206840,1388986,206840,320000,206841,0,206842,60,206844,25,206836,1958400,206838,1958400,206839,0,206840,0,206837,80,206839,40,206839,0,206840,0,206740,1,started,
206840,100,206840,1,206938,1018828,206940,1,206941,986652,206941,320000,206942,0,206942,66,206945,27,206936,1728000,206938,1574400,206940,0,206940,0,206938,50,206939,77,206940,0,206941,0,206840,1,started,
206941,100,206941,1,207041,1019076,207045,1,207047,1205192,207049,320000,207050,0,207051,57,207058,21,207037,1267200,207041,1958400,207044,0,207046,0,207039,11,207043,100,207044,0,207047,0,206941,1,started,
207048,100,207048,1,207139,1019696,207141,1,207143,1677928,207144,320000,207146,0,207148,71,207154,27,207137,1958400,207139,1958400,207141,0,207142,0,207138,45,207140,100,207141,0,207143,0,207047,1,started,
207143,100,207144,1,207239,1019820,207241,1,207242,1620140,207243,320000,207244,0,207244,70,207247,30,207238,1958400,207240,1958400,207241,0,207242,0,207239,40,207240,100,207241,0,207242,0,207143,1,started,
207243,100,207243,1,207340,1021052,207342,1,207343,1302125,207344,320000,207345,0,207346,65,207349,28,207338,1497600,207340,1958400,207341,0,207342,0,207339,41,207341,90,207341,0,207343,0,207242,1,started,
207344,100,207344,1,207444,1022312,207448,1,207450,1730938,207451,320000,207452,0,207453,71,207457,25,207442,1267200,207444,1958400,207446,1958400,207448,0,207443,66,207446,75,207448,50,207449,0,207343,1,started,
207450,100,207450,1,207544,1022648,207546,1,207547,1261847,207547,320000,207548,0,207548,30,207551,19,207543,1958400,207544,1958400,207545,1728000,207546,0,207544,44,207545,40,207546,33,207547,0,207450,1,started,
207547,100,207547,1,207645,1022896,207647,1,207648,125822,207649,320000,207649,0,207650,6,207653,3,207643,1958400,207645,1958400,207646,960000,207647,0,207644,9,207646,0,207647,9,207648,0,207547,1,started,
207648,100,207648,1,207745,1019428,207748,1,207749,383447,207749,320000,207750,0,207751,35,207764,14,207743,1497600,207746,1267200,207747,0,207748,0,207745,33,207747,40,207748,0,207748,0,207648,1,started,
207749,100,207749,1,207848,1020000,207855,1,207856,1205192,207857,320000,207857,0,207858,61,207860,23,207844,1267200,207850,1958400,207855,0,207856,0,207848,11,207855,100,207855,0,207856,0,207749,1,started,
207856,100,207856,1,207945,1020724,207947,1,207948,1330052,207948,320000,207949,0,207949,63,207952,25,207944,1267200,207946,1958400,207947,0,207947,0,207945,40,207947,100,207947,0,207948,0,207856,1,started,
207948,100,207948,1,208046,1021096,208048,1,208049,1299914,208049,320000,208050,0,208051,72,208053,26,208044,1267200,208046,1958400,208047,0,208049,0,208045,33,208047,100,208048,0,208049,0,207948,1,started,
208049,100,208049,1,208146,1021468,208148,1,208148,1473037,208149,320000,208149,0,208150,63,208152,28,208144,1728000,208146,1958400,208147,0,208148,0,208145,36,208147,100,208147,0,208148,0,208049,1,started,
208148,100,208148,1,208246,1021832,208248,1,208249,1284966,208249,320000,208249,0,208250,55,208254,21,208245,1958400,208247,1958400,208248,0,208248,0,208246,66,208247,45,208248,0,208248,0,208148,1,started,
208249,100,208249,1,208346,1021096,208348,1,208349,1388986,208349,320000,208350,0,208350,63,208353,27,208345,1958400,208347,1958400,208348,0,208348,0,208346,80,208347,40,208348,0,208349,0,208249,1,started,
208349,100,208349,1,208447,1021516,208448,1,208449,1539236,208449,320000,208450,0,208450,68,208453,27,208445,1958400,208447,1958400,208448,0,208449,0,208446,33,208448,100,208448,0,208449,0,208349,1,started,
208449,100,208449,1,208547,1022676,208550,1,208551,1701043,208552,320000,208553,0,208554,76,208556,33,208546,1958400,208547,1958400,208549,0,208550,0,208547,70,208548,77,208549,0,208551,0,208449,1,started,
208551,100,208551,1,208648,1022808,208650,1,208651,464370,208652,320000,208652,0,208653,15,208655,6,208646,1958400,208648,1958400,208649,0,208650,0,208647,30,208649,10,208650,0,208650,0,208551,1,started,
208651,100,208651,1,208748,1022904,208751,1,208752,326803,208753,320000,208754,0,208756,26,208760,10,208747,1497600,208749,1958400,208750,0,208751,0,208748,33,208749,10,208750,0,208751,0,208651,1,started,
208752,100,208752,1,208849,1020152,208851,1,208851,874539,208852,320000,208853,0,208854,50,208857,16,208847,1958400,208849,1267200,208850,0,208851,0,208848,55,208850,55,208850,0,208851,0,208751,1,started,
208852,100,208852,1,208950,1020272,208953,1,208954,837436,208955,320000,208956,0,208957,57,208960,22,208948,1728000,208950,1267200,208952,0,208953,0,208949,90,208951,11,208952,0,208954,0,208851,1,started,
208954,100,208954,1,209050,1020644,209054,1,209055,1205192,209056,320000,209057,0,209058,57,209062,22,209048,1958400,209051,1267200,209053,0,209054,0,209050,100,209052,11,209054,0,209055,0,208954,1,started,
209056,100,209056,1,209150,1020768,209152,1,209153,976298,209154,320000,209155,0,209156,52,209158,19,209148,1958400,209150,1267200,209151,0,209152,0,209149,72,209151,33,209151,0,209153,0,209055,1,started,
209153,100,209154,1,209250,1021016,209253,1,209255,1235331,209256,320000,209256,0,209257,57,209260,24,209248,1958400,209251,1267200,209252,0,209254,0,209250,100,209252,18,209253,0,209254,0,209153,1,started,
209255,100,209255,1,209350,1021264,209353,1,209353,911472,209354,320000,209355,0,209356,57,209358,19,209349,1958400,209351,1267200,209352,0,209353,0,209350,50,209352,77,209352,0,209353,0,209254,1,started,
209354,100,209354,1,209451,1021512,209454,1,209455,1128365,209456,320000,209457,0,209458,57,209461,23,209449,1958400,209452,1267200,209453,0,209454,0,209450,90,209453,20,209454,0,209455,0,209353,1,started,
209455,100,209456,1,209556,1022056,209563,1,209565,1209498,209568,320000,209571,0,209572,65,209574,25,209550,1958400,209557,1267200,209561,0,209563,0,209554,100,209559,12,209561,0,209565,0,209455,1,started,
209566,100,209566,1,209651,1023496,209655,1,209662,1735716,209664,320000,209665,0,209666,77,209675,32,209649,1958400,209651,1958400,209653,0,209658,0,209651,100,209652,50,209655,0,209661,0,209565,1,started,
209662,100,209663,1,209752,1024008,209757,1,209760,2027695,209763,320000,209764,0,209767,85,209770,36,209750,1958400,209752,1958400,209754,960000,209758,0,209751,81,209753,88,209755,33,209759,0,209662,1,started,
209760,100,209760,1,209852,1024444,209855,1,209856,1400543,209856,320000,209857,0,209858,31,209861,19,209850,1958400,209852,1958400,209853,1958400,209855,0,209851,58,209853,30,209854,33,209855,0,209759,1,started,
209856,100,209856,1,209952,1024444,209956,1,209957,49423,209958,320000,209959,0,209960,3,209964,2,209951,1958400,209953,1267200,209954,1958400,209956,0,209952,0,209954,11,209956,0,209957,0,209855,1,started,
209958,100,209958,1,210053,1021168,210057,1,210058,709113,210059,320000,210060,0,210061,32,210064,15,210051,1958400,210054,1267200,210056,0,210057,0,210052,50,210055,30,210056,0,210058,0,209957,1,started,
210058,100,210058,1,210153,1021640,210155,1,210156,1107281,210157,320000,210157,0,210158,61,210161,23,210151,1958400,210153,1267200,210155,0,210155,0,210152,77,210154,50,210155,0,210156,0,210058,1,started,
210156,100,210156,1,210253,1021568,210255,1,210255,1504563,210256,320000,210256,0,210257,63,210259,26,210252,1958400,210253,1958400,210254,0,210255,0,210252,30,210254,100,210254,0,210255,0,210156,1,started,
210255,100,210255,1,210353,1021908,210355,1,210355,1273400,210356,320000,210356,0,210357,63,210359,26,210352,1728000,210353,1958400,210354,0,210355,0,210353,66,210354,60,210355,0,210355,0,210255,1,started,
210356,100,210356,1,210456,1022032,210460,1,210464,1273409,210465,320000,210466,0,210468,59,210473,23,210453,1958400,210456,1958400,210460,0,210462,0,210454,100,210458,10,210460,0,210462,0,210355,1,started,
210464,100,210464,1,210554,1022404,210557,1,210558,1620140,210558,320000,210559,0,210560,66,210562,28,210552,1958400,210555,1958400,210556,0,210557,0,210553,100,210556,40,210556,0,210557,0,210463,1,started,
210558,100,210558,1,210655,1022776,210659,1,210662,1286997,210663,320000,210665,0,210670,68,210674,26,210653,1958400,210656,1267200,210658,0,210660,0,210654,100,210657,30,210658,0,210661,0,210557,1,started,
210663,100,210663,1,210754,1024360,210756,1,210757,1446770,210757,320000,210758,0,210758,64,210780,26,210753,1958400,210755,1728000,210756,0,210757,0,210754,100,210756,33,210756,0,210757,0,210661,1,started,
210757,100,210757,1,210856,1023580,210858,1,210859,1527678,210859,320000,210859,0,210860,63,210863,24,210855,1958400,210857,1958400,210858,0,210858,0,210856,55,210857,77,210858,0,210858,0,210757,1,started,
210859,100,210859,1,210957,1023580,210959,1,210960,149137,210961,320000,210961,0,210963,9,210965,5,210955,1958400,210957,1267200,210958,0,210959,0,210956,9,210958,10,210959,0,210959,0,210859,1,started,
210960,100,210960,1,211057,1020636,211059,1,211059,892005,211060,320000,211060,0,211061,43,211070,16,211056,1958400,211057,1958400,211058,0,211059,0,211057,55,211058,22,211059,0,211059,0,210960,1,started,
211060,100,211060,1,211108,1020636,211110,1,211111,1157832,211111,320000,211112,0,211113,63,211115,25,211106,1958400,211108,1958400,211109,0,211110,0,211107,100,211109,0,211109,0,211110,0,211059,1,started,
211111,100,211111,1,211213,1021056,211216,1,211217,1069432,211218,320000,211219,0,211220,63,211223,23,211206,1958400,211213,1267200,211215,0,211216,0,211208,70,211214,60,211215,0,211217,0,211111,1,started,
211217,100,211218,1,211308,1021328,211310,1,211310,1458332,211311,320000,211311,0,211314,60,211316,27,211307,1958400,211308,1958400,211309,0,211310,0,211308,36,211309,90,211310,0,211310,0,211217,1,started,
211311,100,211311,1,211408,1021304,211410,1,211410,1666370,211411,320000,211411,0,211412,73,211414,31,211407,1958400,211408,1958400,211409,0,211410,0,211408,44,211409,100,211410,0,211410,0,211310,1,started,
211410,100,211411,1,211510,1021800,211517,1,211520,1273409,211521,320000,211523,0,211526,62,211536,25,211507,1958400,211512,1958400,211516,0,211518,0,211510,10,211514,100,211516,0,211518,0,211410,1,started,
211520,100,211520,1,211609,1021924,211610,1,211611,1885966,211611,320000,211612,0,211613,78,211615,32,211608,1958400,211609,1958400,211610,0,211611,0,211608,63,211610,100,211610,0,211611,0,211519,1,started,
211611,100,211611,1,211709,1023148,211711,1,211714,1412101,211715,320000,211715,0,211716,63,211718,26,211708,1958400,211709,1958400,211710,0,211711,0,211709,22,211710,100,211711,0,211711,0,211611,1,started,
211714,100,211714,1,211810,1023872,211812,1,211822,1874409,211823,320000,211823,0,211824,79,211828,33,211808,1958400,211810,1958400,211811,0,211812,0,211810,72,211811,90,211811,0,211821,0,211714,1,started,
211822,100,211822,1,211911,1024448,211914,1,211915,1498656,211916,320000,211917,0,211917,69,211926,33,211909,1958400,211911,1958400,211913,960000,211914,0,211911,60,211913,60,211914,50,211915,0,211821,1,started,
211915,100,211915,1,212061,1024556,212064,1,212065,2001543,212065,200000,212066,0,212066,59,212069,37,212060,1958400,212062,1958400,212063,1958400,212064,0,212061,68,212063,64,212064,41,212065,0,211915,1,started,
212065,100,212065,1,212112,1024556,212115,1,212116,418139,212117,200000,212117,0,212118,12,212122,7,212110,1958400,212112,1958400,212113,1958400,212115,0,212111,20,212113,0,212114,16,212115,0,212065,1,started,
212116,100,212116,1,212213,1024652,212216,1,212217,350669,212218,320000,212219,0,212220,19,212224,9,212211,1497600,212213,1958400,212214,1497600,212216,0,212212,22,212214,0,212215,33,212217,0,212116,1,started,
212217,100,212218,1,212313,1021376,212317,1,212318,1273409,212319,320000,212319,0,212321,35,212325,21,212311,1958400,212314,1958400,212315,1958400,212317,0,212313,20,212315,30,212316,60,212318,0,212217,1,started,
212318,100,212318,1,212414,1021476,212417,1,212419,380948,212420,320000,212421,0,212422,53,212425,14,212412,1267200,212415,1267200,212416,0,212418,0,212413,38,212416,50,212417,0,212418,0,212318,1,started,
212419,100,212420,1,212515,1021900,212518,1,212519,1373107,212520,320000,212521,0,212522,75,212526,28,212513,1267200,212516,1958400,212517,0,212518,0,212514,50,212517,100,212518,0,212519,0,212419,1,started,
212519,100,212520,1,212617,1022024,212624,1,212628,1286997,212630,320000,212631,0,212634,70,212642,26,212613,1267200,212618,1958400,212622,0,212625,0,212615,30,212621,100,212624,0,212626,0,212519,1,started,
212628,100,212629,1,212714,1022396,212715,1,212716,1781947,212716,320000,212717,0,212717,70,212723,28,212712,1958400,212714,1958400,212715,0,212716,0,212713,54,212715,100,212715,0,212716,0,212626,1,started,
212716,100,212716,1,212814,1022644,212817,1,212817,1243942,212818,320000,212818,0,212819,60,212824,24,212813,1267200,212815,1958400,212816,0,212817,0,212814,20,212816,100,212816,0,212817,0,212716,1,started,
212818,100,212818,1,212914,1023284,212916,1,212917,1735716,212917,320000,212917,0,212918,72,212920,32,212913,1958400,212914,1958400,212915,0,212916,0,212914,50,212915,100,212916,0,212916,0,212817,1,started,
212917,100,212917,1,213016,1024776,213022,1,213029,1330052,213031,320000,213032,0,213033,73,213035,30,213013,1267200,213017,1958400,213020,0,213023,0,213016,40,213019,100,213020,0,213023,0,212916,1,started,
213030,100,213030,1,213115,1024692,213117,1,213118,938236,213119,320000,213120,0,213120,27,213134,11,213114,1958400,213115,1958400,213117,0,213118,0,213115,45,213116,36,213117,0,213118,0,213023,1,started,
213118,100,213119,1,213215,1023732,213218,1,213219,465608,213220,320000,213221,0,213222,40,213226,14,213214,1267200,213216,1574400,213217,0,213218,0,213215,12,213217,58,213218,0,213219,0,213118,1,started,
213220,100,213220,1,213315,1016488,213317,1,213318,1365870,213318,320000,213319,0,213320,63,213323,22,213314,1958400,213316,1958400,213317,0,213317,0,213315,37,213316,81,213317,0,213318,0,213219,1,started,
213318,100,213318,1,213416,1017172,213418,1,213419,1243942,213420,320000,213420,0,213421,60,213425,24,213414,1267200,213416,1958400,213418,0,213419,0,213416,20,213417,100,213418,0,213419,0,213318,1,started,
213419,100,213419,1,213517,1017420,213518,1,213519,1446774,213519,320000,213520,0,213520,66,213523,27,213515,1958400,213517,1958400,213518,0,213519,0,213516,25,213518,100,213518,0,213519,0,213419,1,started,
213519,100,213519,1,213617,1017760,213619,1,213620,699644,213620,320000,213621,0,213622,52,213634,18,213615,1497600,213617,1958400,213618,0,213619,0,213616,90,213618,11,213619,0,213619,0,213519,1,started,
213620,100,213620,1,213717,1018328,213720,1,213721,1157832,213721,320000,213722,0,213723,57,213726,24,213716,1958400,213718,1958400,213719,0,213720,0,213717,100,213719,0,213719,0,213720,0,213620,1,started,
213721,100,213721,1,213818,1018576,213820,1,213822,1013674,213823,320000,213823,0,213824,71,213826,24,213816,1958400,213818,1267200,213819,0,213820,0,213817,54,213819,90,213820,0,213821,0,213721,1,started,
213822,100,213822,1,213918,1018824,213919,1,213920,1296524,213921,320000,213921,0,213922,56,213926,24,213916,1958400,213918,1958400,213919,0,213919,0,213917,100,213919,12,213919,0,213920,0,213821,1,started,
213920,100,213920,1,214019,1020360,214023,1,214024,1171420,214025,320000,214025,0,214026,63,214033,23,214017,1958400,214020,1267200,214022,0,214023,0,214019,90,214021,30,214022,0,214023,0,213920,1,started,
214024,100,214024,1,214119,1021352,214123,1,214123,1735716,214124,320000,214124,0,214127,75,214132,32,214118,1958400,214120,1958400,214122,0,214123,0,214119,80,214122,70,214122,0,214123,0,214024,1,started,
214123,100,214124,1,214219,1021584,214221,1,214222,834216,214222,320000,214223,0,214224,31,214226,13,214218,1958400,214220,1958400,214221,0,214221,0,214219,45,214220,27,214221,0,214222,0,214123,1,started,
214222,100,214222,1,214320,1021268,214323,1,214325,117639,214326,320000,214327,0,214328,10,214331,4,214318,1958400,214321,1958400,214322,0,214324,0,214319,0,214322,10,214323,0,214324,0,214222,1,started,
214325,100,214325,1,214421,1019388,214423,1,214424,1117693,214424,320000,214424,0,214425,76,214427,23,214419,1958400,214421,1267200,214422,0,214423,0,214420,63,214422,90,214423,0,214423,0,214324,1,started,
214424,100,214424,1,214520,1019580,214523,1,214524,1273409,214525,320000,214526,0,214527,55,214530,23,214519,1958400,214521,1958400,214522,0,214524,0,214520,100,214522,10,214523,0,214524,0,214423,1,started,
214525,100,214525,1,214621,1019952,214623,1,214624,805636,214624,320000,214625,0,214625,61,214628,20,214619,1958400,214621,1267200,214623,0,214623,0,214620,36,214622,90,214623,0,214623,0,214524,1,started,
214624,100,214624,1,214721,1020312,214725,1,214726,1539236,214727,320000,214728,0,214729,61,214732,27,214719,1958400,214721,1958400,214724,0,214726,0,214720,100,214724,33,214725,0,214726,0,214624,1,started,
214727,100,214727,1,214822,1020560,214825,1,214827,1243942,214828,320000,214828,0,214829,60,214833,24,214820,1958400,214823,1267200,214824,0,214826,0,214821,100,214824,20,214825,0,214826,0,214726,1,started,
214827,100,214827,1,214922,1021056,214925,1,214927,1265470,214928,320000,214928,0,214929,59,214933,25,214920,1958400,214923,1267200,214924,0,214926,0,214921,100,214924,25,214925,0,214926,0,214826,1,started,
214927,100,214927,1,215023,1021428,215026,1,215027,1243942,215028,320000,215029,0,215030,60,215033,24,215020,1958400,215023,1267200,215025,0,215026,0,215022,100,215024,20,215025,0,215027,0,214927,1,started,
215027,100,215028,1,215123,1022192,215124,1,215125,1388986,215126,320000,215126,0,215127,57,215129,18,215121,1958400,215123,1958400,215124,0,215125,0,215122,40,215124,80,215124,0,215125,0,215027,1,started,
215125,100,215125,1,215223,1023644,215225,1,215225,1747274,215226,320000,215226,0,215227,76,215235,33,215221,1958400,215223,1958400,215224,0,215225,0,215222,85,215224,66,215225,0,215225,0,215125,1,started,
215225,100,215226,1,215324,1023848,215327,1,215328,478188,215329,320000,215330,0,215331,25,215335,10,215321,1958400,215324,1267200,215326,0,215327,0,215323,33,215325,22,215326,0,215328,0,215225,1,started,
215328,100,215329,1,215424,1024120,215427,1,215428,88173,215429,320000,215429,0,215430,11,215434,2,215422,1958400,215424,1267200,215426,0,215427,0,215423,0,215425,20,215426,0,215427,0,215328,1,started,
215428,100,215428,1,215524,1021256,215526,1,215527,751252,215528,320000,215528,0,215529,56,215538,19,215522,1958400,215524,1267200,215525,0,215526,0,215523,38,215525,72,215526,0,215527,0,215428,1,started,
215527,100,215527,1,215624,1021732,215626,1,215627,1504563,215628,320000,215628,0,215629,65,215631,24,215622,1958400,215624,1958400,215625,0,215626,0,215623,30,215625,100,215626,0,215627,0,215527,1,started,
215627,100,215627,1,215724,1022228,215726,1,215726,1284966,215727,320000,215727,0,215728,57,215748,24,215722,1958400,215724,1958400,215725,0,215726,0,215723,11,215725,100,215726,0,215726,0,215627,1,started,
215726,100,215727,1,215824,1021672,215826,1,215828,1851293,215828,320000,215829,0,215830,80,215836,33,215823,1958400,215825,1958400,215826,0,215827,0,215824,60,215825,100,215826,0,215827,0,215726,1,started,
215828,100,215828,1,215925,1022044,215926,1,215927,1620140,215927,320000,215928,0,215928,70,215930,28,215923,1958400,215925,1958400,215926,0,215926,0,215924,40,215925,100,215926,0,215927,0,215828,1,started,
215927,100,215927,1,216025,1022044,216027,1,216028,1205192,216029,320000,216029,0,216030,57,216036,23,216024,1267200,216026,1958400,216027,0,216028,0,216025,11,216026,100,216027,0,216028,0,215927,1,started,
216028,100,216028,1,216125,1022540,216127,1,216127,1585466,216128,320000,216128,0,216129,72,216131,27,216124,1958400,216125,1958400,216126,0,216127,0,216125,37,216126,100,216127,0,216127,0,216028,1,started,
216127,100,216127,1,216226,1024036,216231,1,216232,1214475,216237,320000,216238,0,216244,69,216259,27,216224,1267200,216227,1958400,216228,0,216231,0,216225,40,216227,90,216231,0,216232,0,216127,1,started,
216232,100,216235,1,216326,1024184,216327,1,216328,1851293,216329,320000,216329,0,216330,73,216342,30,216325,1958400,216326,1958400,216327,0,216328,0,216325,90,216327,70,216327,0,216328,0,216232,1,started,
216328,100,216328,1,216426,1024364,216428,1,216428,787986,216429,320000,216429,0,216430,34,216432,12,216425,1958400,216426,1958400,216427,0,216428,0,216426,41,216427,27,216428,0,216428,0,216328,1,started,
216429,100,216429,1,216526,1024364,216528,1,216529,117639,216530,320000,216531,0,216531,5,216534,2,216525,1267200,216527,1958400,216528,0,216528,0,216526,0,216527,10,216528,0,216529,0,216428,1,started,
216529,100,216530,1,216627,1021316,216628,1,216629,1388986,216630,320000,216630,0,216631,63,216633,24,216625,1958400,216627,1958400,216628,0,216629,0,216626,70,216628,50,216628,0,216629,0,216529,1,started,
216629,100,216629,1,216729,1021876,216737,1,216738,1243942,216739,320000,216740,0,216741,63,216744,27,216726,1958400,216731,1267200,216733,0,216737,0,216727,100,216733,20,216736,0,216738,0,216629,1,started,
216738,100,216739,1,216827,1022000,216829,1,216830,1573909,216830,320000,216831,0,216831,63,216835,27,216826,1958400,216828,1958400,216829,0,216829,0,216827,100,216828,36,216829,0,216829,0,216738,1,started,
216830,100,216830,1,216928,1022248,216930,1,216931,1312830,216932,320000,216934,0,216936,69,216943,30,216926,1958400,216929,1267200,216930,0,216931,0,216928,100,216929,36,216930,0,216931,0,216830,1,started,
216931,100,216931,1,217028,1022620,217030,1,217030,1620140,217031,320000,217031,0,217032,66,217034,29,217027,1958400,217028,1958400,217029,0,217030,0,217028,100,217029,40,217029,0,217030,0,216931,1,started,
217030,100,217030,1,217128,1022772,217130,1,217130,1388986,217131,320000,217131,0,217132,60,217135,25,217127,1958400,217128,1958400,217129,0,217130,0,217128,100,217129,20,217130,0,217130,0,217030,1,started,
217131,100,217131,1,217231,1023740,217235,1,217236,1243942,217237,320000,217238,0,217239,61,217245,23,217227,1958400,217232,1267200,217234,0,217235,0,217231,100,217233,20,217234,0,217235,0,217130,1,started,
217236,100,217236,1,217329,1024744,217331,1,217331,1874409,217332,320000,217335,0,217336,81,217338,33,217328,1958400,217329,1958400,217330,0,217331,0,217328,87,217330,75,217330,0,217331,0,217236,1,started,
217331,100,217331,1,217431,1024744,217434,1,217435,395024,217436,320000,217437,0,217438,13,217440,5,217428,1958400,217431,1958400,217433,0,217435,0,217429,9,217432,25,217434,0,217435,0,217331,1,started,
217436,100,217436,1,217530,1021460,217533,1,217535,217338,217536,320000,217537,0,217539,28,217542,11,217528,1267200,217531,1267200,217533,0,217534,0,217530,20,217532,30,217533,0,217534,0,217435,1,started,
217535,100,217535,1,217630,1021684,217632,1,217633,1161221,217634,320000,217634,0,217635,63,217638,17,217628,1267200,217630,1958400,217632,0,217633,0,217630,33,217631,88,217632,0,217633,0,217535,1,started,
217633,100,217633,1,217730,1022232,217733,1,217734,1573909,217735,320000,217736,0,217737,66,217740,28,217729,1958400,217731,1958400,217732,0,217733,0,217730,36,217731,100,217732,0,217734,0,217633,1,started,
217734,100,217734,1,217831,1022584,217833,1,217834,1585466,217835,320000,217837,0,217840,72,217842,27,217829,1958400,217831,1958400,217832,0,217833,0,217830,37,217832,100,217832,0,217833,0,217734,1,started,
217834,100,217835,1,217931,1022708,217933,1,217934,1631697,217935,320000,217935,0,217936,68,217938,30,217929,1958400,217931,1958400,217932,0,217933,0,217930,41,217932,100,217932,0,217933,0,217834,1,started,
217934,100,217934,1,218031,1023204,218033,1,218033,1446774,218034,320000,218034,0,218035,66,218037,26,218030,1958400,218031,1958400,218032,0,218033,0,218031,25,218032,100,218032,0,218033,0,217934,1,started,
218033,100,218033,1,218131,1023352,218134,1,218135,1539236,218136,320000,218136,0,218137,63,218139,28,218130,1958400,218132,1958400,218133,0,218134,0,218131,33,218132,100,218133,0,218134,0,218033,1,started,
218135,100,218135,1,218237,1024316,218244,1,218249,1274081,218251,320000,218254,0,218256,66,218266,26,218232,1267200,218239,1958400,218243,0,218247,0,218236,27,218241,100,218244,0,218249,0,218135,1,started,
218249,100,218251,1,218341,1025728,218349,1,218352,1529185,218363,320000,218363,0,218365,85,218376,34,218331,1497600,218342,1958400,218344,0,218350,0,218340,75,218343,91,218345,0,218350,0,218249,1,started,
218362,100,218362,1,218433,1024632,218437,1,218441,2535135,218442,320000,218443,0,218444,90,218448,42,218431,1958400,218433,1958400,218435,960000,218438,960000,218433,100,218434,100,218437,85,218441,16,218352,1,started,
218441,100,218442,1,218533,1024880,218536,1,218538,2162843,218539,320000,218539,0,218540,55,218543,38,218532,1958400,218534,1958400,218535,1958400,218537,960000,218533,44,218534,69,218536,62,218538,63,218441,1,started,
218538,100,218538,1,218634,1024880,218637,1,218639,637736,218640,320000,218641,0,218642,14,218646,15,218632,1958400,218634,1958400,218636,1958400,218638,960000,218633,27,218636,10,218637,18,218639,0,218538,1,started,
218640,100,218640,1,218736,1021468,218739,1,218740,581520,218740,320000,218742,0,218743,22,218747,14,218733,1267200,218736,1267200,218738,1958400,218739,0,218735,30,218737,16,218738,33,218740,0,218639,1,started,
218740,100,218740,1,218834,1021908,218836,1,218836,846889,218837,320000,218837,0,218838,57,218840,16,218833,1958400,218834,1267200,218835,0,218836,0,218834,50,218835,62,218835,0,218836,0,218740,1,started,
218836,100,218836,1,218934,1022272,218936,1,218937,1412101,218937,320000,218937,0,218938,63,218940,23,218933,1958400,218935,1958400,218936,0,218936,0,218934,22,218935,100,218936,0,218936,0,218836,1,started,
218937,100,218937,1,219035,1022520,219039,1,219040,1312830,219043,320000,219044,0,219047,69,219055,28,219033,1267200,219035,1958400,219038,0,219039,0,219034,36,219037,100,219039,0,219040,0,218937,1,started,
219040,100,219041,1,219135,1022768,219137,1,219138,1347274,219139,320000,219139,0,219140,70,219143,28,219134,1267200,219136,1958400,219137,0,219138,0,219135,44,219137,100,219137,0,219138,0,219040,1,started,
219138,100,219138,1,219236,1023016,219238,1,219239,1312830,219240,320000,219240,0,219241,66,219248,26,219234,1267200,219236,1958400,219237,0,219238,0,219235,36,219237,100,219238,0,219239,0,219138,1,started,
219239,100,219239,1,219336,1023040,219337,1,219338,1539236,219338,320000,219339,0,219339,68,219342,27,219334,1958400,219336,1958400,219337,0,219337,0,219335,33,219337,100,219337,0,219338,0,219239,1,started,
219338,100,219338,1,219436,1024172,219438,1,219439,1214475,219440,320000,219440,0,219441,66,219450,25,219435,1267200,219437,1958400,219438,0,219439,0,219436,40,219438,90,219438,0,219439,0,219338,1,started,
219439,100,219440,1,219536,1024912,219538,1,219538,1469890,219539,320000,219539,0,219540,64,219542,26,219535,1958400,219537,1958400,219537,0,219538,0,219536,57,219537,70,219538,0,219538,0,219439,1,started,
219539,100,219539,1,219638,1024912,219642,1,219643,314120,219644,320000,219645,0,219647,17,219651,7,219636,1958400,219639,1958400,219641,0,219642,0,219637,27,219640,0,219641,0,219643,0,219538,1,started,
219644,100,219644,1,219737,1021668,219740,1,219741,260393,219742,320000,219748,0,219749,30,219753,12,219736,1267200,219738,1267200,219739,0,219740,0,219737,30,219739,30,219740,0,219741,0,219643,1,started,
219741,100,219741,1,219838,1022032,219840,1,219841,1231697,219841,320000,219842,0,219844,73,219851,21,219836,1267200,219838,1958400,219839,0,219840,0,219837,44,219839,90,219840,0,219840,0,219741,1,started,
219841,100,219841,1,219938,1022404,219940,1,219942,1299914,219943,320000,219943,0,219944,68,219947,27,219936,1267200,219938,1958400,219939,0,219941,0,219937,33,219939,100,219940,0,219941,0,219841,1,started,
219942,100,219942,1,220040,1022896,220047,1,220048,1312830,220051,320000,220052,0,220056,69,220070,27,220037,1267200,220041,1958400,220044,0,220048,0,220038,36,220043,100,220045,0,220048,0,219941,1,started,
220049,100,220050,1,220138,1023020,220140,1,220141,1539236,220141,320000,220142,0,220142,60,220144,24,220137,1958400,220139,1958400,220139,0,220140,0,220138,33,220139,100,220140,0,220140,0,220048,1,started,
220141,100,220141,1,220238,1023268,220240,1,220241,1412101,220241,320000,220242,0,220242,65,220245,25,220237,1958400,220239,1958400,220240,0,220240,0,220238,22,220239,100,220240,0,220241,0,220140,1,started,
220241,100,220241,1,220339,1023392,220341,1,220342,1213389,220343,320000,220343,0,220344,59,220347,25,220337,1958400,220339,1497600,220341,0,220341,0,220339,90,220340,27,220341,0,220342,0,220241,1,started,
220342,100,220342,1,220439,1024600,220441,1,220442,1504563,220442,320000,220442,0,220443,63,220445,24,220438,1958400,220439,1958400,220440,0,220441,0,220439,30,220440,100,220441,0,220441,0,220342,1,started,
220442,100,220442,1,220539,1025684,220544,1,220546,1551838,220546,320000,220547,0,220548,66,220551,30,220538,1958400,220540,1728000,220543,0,220544,0,220539,100,220543,45,220543,0,220545,0,220441,1,started,
220546,100,220546,1,220640,1025720,220642,1,220645,2024659,220646,320000,220647,0,220647,87,220651,35,220638,1958400,220640,1958400,220641,0,220642,0,220639,75,220641,100,220642,0,220643,0,220545,1,started,
220645,100,220645,1,220740,1025552,220743,1,220743,559992,220744,320000,220745,0,220746,36,220749,14,220739,1958400,220741,1267200,220742,0,220743,0,220740,33,220742,41,220742,0,220743,0,220643,1,started,
220744,100,220744,1,220841,1025668,220845,1,220846,469119,220847,320000,220848,0,220849,26,220853,8,220839,1958400,220842,1267200,220844,0,220845,0,220840,27,220843,36,220844,0,220846,0,220743,1,started,
220846,100,220847,1,220941,1021900,220943,1,220943,1446774,220944,320000,220944,0,220945,68,220947,26,220939,1958400,220941,1958400,220942,0,220943,0,220940,25,220942,100,220942,0,220943,0,220846,1,started,
220943,100,220943,1,221041,1022552,221043,1,221043,1469890,221044,320000,221044,0,221045,60,221047,25,221040,1958400,221041,1958400,221042,0,221043,0,221041,27,221042,100,221043,0,221043,0,220943,1,started,
221044,100,221044,1,221141,1022552,221144,1,221144,920237,221145,320000,221145,0,221146,55,221149,22,221140,1574400,221141,1958400,221143,0,221144,0,221141,100,221143,18,221143,0,221144,0,221043,1,started,
221144,100,221145,1,221242,1022800,221243,1,221244,1620140,221244,320000,221245,0,221246,70,221248,28,221240,1958400,221242,1958400,221243,0,221243,0,221241,60,221243,80,221243,0,221244,0,221144,1,started,
221244,100,221244,1,221344,1022844,221349,1,221352,1200887,221353,320000,221354,0,221357,59,221363,25,221341,1958400,221345,1267200,221347,0,221350,0,221343,100,221346,10,221348,0,221350,0,221244,1,started,
221352,100,221352,1,221442,1022964,221444,1,221444,1620140,221445,320000,221445,0,221446,66,221449,28,221441,1958400,221442,1958400,221443,0,221444,0,221442,100,221443,40,221444,0,221444,0,221350,1,started,
221444,100,221445,1,221545,1023724,221552,1,221555,1200887,221558,320000,221559,0,221561,59,221567,26,221541,1958400,221546,1267200,221550,0,221554,0,221543,100,221550,10,221552,0,221554,0,221444,1,started,
221556,100,221556,1,221643,1024928,221647,1,221649,1735716,221649,320000,221652,0,221653,75,221660,30,221641,1958400,221643,1958400,221645,0,221648,0,221642,100,221644,50,221647,0,221648,0,221554,1,started,
221649,100,221649,1,221743,1025168,221746,1,221747,681859,221748,320000,221748,0,221749,25,221752,11,221742,1958400,221744,1728000,221745,0,221746,0,221743,27,221744,42,221745,0,221746,0,221648,1,started,
221747,100,221747,1,221844,1025168,221847,1,221848,172252,221849,320000,221850,0,221851,10,221854,4,221842,1958400,221845,1267200,221846,0,221848,0,221844,11,221846,10,221847,0,221848,0,221747,1,started,
221849,100,221849,1,221945,1022332,221948,1,221950,432614,221951,320000,221952,0,221954,54,221959,18,221942,1267200,221945,1267200,221947,0,221949,0,221944,60,221946,40,221947,0,221949,0,221848,1,started,
221950,100,221950,1,222044,1022528,222047,1,222048,1620140,222048,320000,222049,0,222050,66,222052,26,222043,1958400,222045,1958400,222046,0,222047,0,222044,100,222046,40,222046,0,222047,0,221950,1,started,
222048,100,222048,1,222145,1023020,222153,1,222154,1274081,222155,320000,222155,0,222156,65,222160,28,222143,1958400,222146,1267200,222152,0,222153,0,222145,100,222151,27,222152,0,222153,0,222048,1,started,
222154,100,222154,1,222245,1023144,222248,1,222250,1504563,222251,320000,222253,0,222253,60,222259,22,222244,1958400,222245,1958400,222247,0,222249,0,222245,30,222247,100,222248,0,222249,0,222154,1,started,
222251,100,222251,1,222345,1023392,222348,1,222349,895455,222349,320000,222350,0,222350,58,222353,23,222344,1574400,222346,1958400,222347,0,222348,0,222345,90,222347,22,222347,0,222348,0,222250,1,started,
222349,100,222349,1,222446,1023640,222449,1,222451,1412101,222452,320000,222453,0,222454,66,222460,26,222444,1958400,222446,1958400,222448,0,222449,0,222445,100,222447,22,222448,0,222449,0,222348,1,started,
222451,100,222451,1,222546,1023884,222548,1,222548,1504563,222549,320000,222549,0,222550,61,222553,26,222545,1958400,222546,1958400,222547,0,222548,0,222546,100,222547,30,222548,0,222548,0,222450,1,started,
222549,100,222549,1,222647,1025032,222649,1,222650,1195666,222651,320000,222651,0,222657,61,222665,26,222645,1958400,222647,1267200,222649,0,222650,0,222646,88,222648,41,222649,0,222650,0,222548,1,started,
222650,100,222650,1,222752,1026168,222756,1,222758,2533197,222758,320000,222759,0,222760,83,222765,34,222751,1958400,222753,1958400,222754,1958400,222756,0,222752,81,222754,81,222756,57,222757,0,222650,1,started,
222758,100,222758,1,222854,1026720,222856,1,222857,1576945,222858,320000,222858,0,222859,55,222862,33,222852,1958400,222854,1958400,222855,960000,222857,0,222853,75,222855,55,222856,33,222857,0,222758,1,started,
222857,100,222857,1,222954,1026688,222956,1,222957,399832,222958,320000,222958,0,222959,16,222961,8,222953,1958400,222954,1958400,222955,960000,222957,0,222954,11,222955,20,222956,18,222957,0,222857,1,started,
222957,100,222957,1,223055,1023396,223058,1,223059,534781,223060,320000,223060,0,223062,25,223066,15,223053,1497600,223055,1958400,223056,960000,223058,0,223054,20,223056,30,223057,27,223058,0,222957,1,started,
223059,100,223059,1,223156,1023756,223159,1,223161,1229952,223161,320000,223162,0,223163,53,223167,27,223154,1497600,223156,1958400,223158,960000,223160,0,223155,22,223157,90,223159,22,223160,0,223059,1,started,
223161,100,223161,1,223256,1024252,223260,1,223261,1436346,223262,320000,223263,0,223264,44,223268,25,223254,1267200,223257,1958400,223258,1958400,223260,0,223256,11,223258,100,223259,20,223261,0,223160,1,started,
223261,100,223261,1,223361,1024312,223369,1,223372,1205192,223375,320000,223378,0,223379,46,223389,24,223356,1267200,223363,1958400,223367,0,223370,0,223359,11,223365,100,223368,0,223370,0,223261,1,started,
223372,100,223373,1,223456,1023424,223458,1,223459,2047774,223459,320000,223460,0,223460,86,223463,33,223455,1958400,223457,1958400,223458,0,223458,0,223456,77,223457,100,223458,0,223459,0,223371,1,started,
223459,100,223459,1,223557,1023424,223559,1,223560,1243048,223560,320000,223560,0,223561,61,223564,24,223555,1574400,223557,1958400,223558,0,223559,0,223556,12,223558,100,223559,0,223559,0,223459,1,started,
223560,100,223560,1,223657,1023944,223659,1,223659,1504563,223660,320000,223660,0,223661,65,223664,27,223656,1958400,223657,1958400,223658,0,223659,0,223657,30,223658,100,223658,0,223659,0,223559,1,started,
223659,100,223659,1,223759,1025432,223761,1,223769,1243942,223770,320000,223772,0,223777,66,223800,28,223757,1267200,223759,1958400,223760,0,223761,0,223758,20,223760,100,223760,0,223768,0,223659,1,started,
223769,100,223770,1,223859,1025440,223861,1,223861,1331197,223862,320000,223863,0,223864,50,223866,21,223858,1958400,223859,1958400,223860,0,223861,0,223859,60,223860,55,223860,0,223861,0,223768,1,started,
223861,100,223861,1,223959,1025440,223961,1,223961,348793,223962,320000,223963,0,223964,11,223966,4,223958,1958400,223959,1958400,223960,0,223961,0,223959,20,223960,10,223961,0,223961,0,223861,1,started,
223962,100,223962,1,224059,1022124,224061,1,224062,555687,224063,320000,224063,0,224064,40,224066,14,224058,1958400,224060,1267200,224061,0,224061,0,224059,33,224060,40,224061,0,224062,0,223961,1,started,
224062,100,224062,1,224161,1022568,224164,1,224165,1469890,224166,320000,224166,0,224167,61,224171,22,224159,1958400,224162,1958400,224163,0,224164,0,224161,27,224163,100,224164,0,224165,0,224062,1,started,
224165,100,224165,1,224260,1022940,224262,1,224263,1573909,224264,320000,224264,0,224265,66,224267,29,224259,1958400,224260,1958400,224261,0,224262,0,224260,36,224261,100,224261,0,224263,0,224165,1,started,
224263,100,224263,1,224361,1023316,224363,1,224364,1335304,224365,320000,224365,0,224366,70,224380,26,224359,1497600,224361,1958400,224362,0,224363,0,224360,28,224362,100,224362,0,224363,0,224263,1,started,
224364,100,224364,1,224461,1023688,224463,1,224464,1469890,224465,320000,224465,0,224466,61,224468,27,224459,1958400,224461,1958400,224462,0,224463,0,224460,27,224462,100,224463,0,224464,0,224364,1,started,
224464,100,224464,1,224561,1023688,224565,1,224566,1299914,224567,320000,224568,0,224570,68,224578,29,224560,1267200,224562,1958400,224564,0,224565,0,224561,33,224563,100,224564,0,224565,0,224464,1,started,
224566,100,224566,1,224662,1024452,224664,1,224665,1539236,224666,320000,224666,0,224667,68,224670,27,224660,1958400,224662,1958400,224664,0,224664,0,224661,33,224663,100,224664,0,224665,0,224566,1,started,
224665,100,224666,1,224762,1025904,224765,1,224767,1330052,224770,320000,224771,0,224771,70,224775,29,224760,1267200,224763,1958400,224765,0,224766,0,224761,40,224764,100,224765,0,224767,0,224665,1,started,
224768,100,224768,1,224862,1026208,224865,1,224866,1358109,224867,320000,224867,0,224868,42,224872,21,224861,1958400,224862,1958400,224864,960000,224865,0,224862,66,224863,50,224865,7,224866,0,224767,1,started,
224866,100,224866,1,224963,1026208,224966,1,224967,267521,224968,320000,224968,0,224969,7,224973,4,224961,1958400,224963,1497600,224964,960000,224966,0,224962,12,224964,20,224965,0,224967,0,224866,1,started,
224967,100,224967,1,225064,1023596,225067,1,225068,764870,225070,320000,225070,0,225071,26,225075,18,225061,1958400,225064,1958400,225066,0,225068,0,225062,30,225065,36,225066,0,225068,0,224967,1,started,
225069,100,225069,1,225163,1023568,225165,1,225166,892071,225166,320000,225167,0,225168,65,225170,23,225162,1574400,225163,1497600,225165,0,225165,0,225163,45,225164,90,225165,0,225166,0,225068,1,started,
225166,100,225166,1,225264,1023716,225267,1,225269,1200887,225270,320000,225270,0,225271,55,225274,20,225262,1958400,225264,1267200,225266,0,225268,0,225263,100,225266,10,225267,0,225268,0,225166,1,started,
225269,100,225269,1,225363,1023984,225365,1,225366,1504563,225366,320000,225367,0,225367,65,225369,28,225362,1958400,225364,1958400,225365,0,225365,0,225363,30,225364,100,225365,0,225366,0,225268,1,started,
225366,100,225366,1,225464,1024232,225465,1,225466,1388986,225466,320000,225467,0,225467,57,225470,25,225462,1958400,225464,1958400,225465,0,225466,0,225463,20,225465,100,225465,0,225466,0,225366,1,started,
225466,100,225466,1,225564,1024604,225566,1,225567,600773,225568,320000,225568,0,225569,55,225574,21,225563,1267200,225565,1958400,225566,0,225567,0,225564,80,225566,22,225566,0,225567,0,225466,1,started,
225567,100,225567,1,225664,1024604,225666,1,225667,1539236,225667,320000,225668,0,225668,68,225670,28,225663,1958400,225665,1958400,225666,0,225666,0,225664,33,225665,100,225666,0,225667,0,225567,1,started,
225667,100,225667,1,225765,1025616,225767,1,225768,1265470,225769,320000,225769,0,225770,64,225773,26,225763,1267200,225765,1958400,225767,0,225768,0,225765,25,225766,100,225767,0,225768,0,225667,1,started,
225768,100,225768,1,225865,1026736,225870,1,225871,1504563,225872,320000,225873,0,225873,65,225876,27,225864,1958400,225865,1958400,225869,0,225870,0,225865,50,225866,80,225870,0,225871,0,225768,1,started,
225871,100,225872,1,225966,1026588,225969,1,225970,391674,225971,320000,225971,0,225973,15,225976,9,225964,1497600,225966,1958400,225968,0,225969,0,225965,25,225967,20,225968,0,225969,0,225871,1,started,
225970,100,225970,1,226066,1022676,226068,1,226069,555687,226070,320000,226070,0,226071,36,226074,10,226065,1267200,226066,1958400,226068,0,226069,0,226066,40,226067,33,226068,0,226069,0,225969,1,started,
226069,100,226069,1,226166,1022600,226168,1,226168,1113690,226169,320000,226169,0,226170,64,226172,24,226165,1958400,226166,1728000,226167,0,226168,0,226166,28,226167,90,226168,0,226168,0,226069,1,started,
226168,100,226169,1,226266,1022972,226268,1,226269,1388986,226269,320000,226270,0,226270,60,226273,25,226265,1958400,226267,1958400,226268,0,226268,0,226266,20,226267,100,226268,0,226269,0,226168,1,started,
226269,100,226269,1,226367,1023340,226369,1,226370,1366996,226371,320000,226372,0,226373,71,226376,29,226365,1497600,226367,1958400,226368,0,226369,0,226366,33,226368,100,226369,0,226370,0,226269,1,started,
226370,100,226371,1,226468,1023464,226472,1,226476,1286997,226477,320000,226477,0,226480,65,226486,26,226466,1267200,226469,1958400,226470,0,226473,0,226468,30,226470,100,226471,0,226474,0,226370,1,started,
226476,100,226476,1,226567,1023712,226569,1,226570,1620140,226570,320000,226571,0,226571,66,226574,28,226566,1958400,226568,1958400,226569,0,226569,0,226567,40,226568,100,226569,0,226570,0,226475,1,started,
226570,100,226570,1,226668,1024332,226669,1,226670,1469890,226671,320000,226671,0,226672,61,226674,28,226666,1958400,226668,1958400,226669,0,226670,0,226667,27,226669,100,226669,0,226670,0,226570,1,started,
226670,100,226670,1,226768,1025584,226774,1,226779,1243942,226781,320000,226784,0,226787,66,226812,27,226767,1267200,226769,1958400,226771,0,226774,0,226768,20,226770,100,226772,0,226775,0,226670,1,started,
226779,100,226780,1,226868,1026024,226875,1,226877,2278928,226878,320000,226878,0,226880,85,226894,36,226867,1958400,226869,1958400,226874,1958400,226876,0,226868,81,226873,100,226875,16,226876,0,226779,1,started,
226877,100,226877,1,226971,1026748,226978,1,226980,2417282,226981,320000,226981,0,226982,66,226986,41,226968,1958400,226975,1958400,226976,1958400,226979,960000,226970,71,226976,70,226978,60,226980,42,226876,1,started,
226980,100,226980,1,227073,1026624,227079,1,227081,645919,227082,320000,227083,0,227084,19,227087,13,227070,1958400,227074,1958400,227077,1958400,227079,960000,227073,18,227075,0,227078,36,227080,9,226980,1,started,
227081,100,227081,1,227172,1026624,227175,1,227177,441255,227177,320000,227178,0,227179,5,227183,4,227170,1958400,227172,1958400,227173,1958400,227175,960000,227171,18,227173,0,227174,20,227176,0,227081,1,started,
227177,100,227177,1,227272,1024132,227274,1,227275,1146274,227275,320000,227276,0,227276,38,227279,22,227270,1958400,227272,1958400,227273,1958400,227274,0,227271,50,227273,22,227274,27,227275,0,227176,1,started,
227275,100,227275,1,227374,1023832,227377,1,227379,1169021,227380,320000,227380,0,227382,55,227385,21,227371,1497600,227374,1958400,227376,0,227378,0,227373,20,227376,90,227377,0,227378,0,227275,1,started,
227379,100,227379,1,227473,1023884,227475,1,227476,1620140,227477,320000,227477,0,227478,71,227480,29,227471,1958400,227473,1958400,227474,0,227475,0,227472,40,227474,100,227475,0,227476,0,227379,1,started,
227476,100,227476,1,227575,1024124,227584,1,227588,1312830,227590,320000,227592,0,227595,70,227603,28,227572,1267200,227576,1958400,227580,0,227586,0,227574,36,227580,100,227583,0,227586,0,227476,1,started,
227588,100,227588,1,227673,1024496,227675,1,227675,1735716,227676,320000,227676,0,227677,68,227679,28,227672,1958400,227673,1958400,227674,0,227675,0,227673,50,227674,100,227674,0,227675,0,227588,1,started,
227675,100,227675,1,227773,1024620,227775,1,227776,1153967,227776,320000,227777,0,227777,57,227779,23,227772,1728000,227774,1958400,227775,0,227775,0,227773,88,227774,33,227775,0,227776,0,227675,1,started,
227776,100,227776,1,227874,1025412,227875,1,227876,1539236,227876,320000,227877,0,227877,66,227879,29,227872,1958400,227874,1958400,227875,0,227876,0,227873,33,227875,100,227875,0,227876,0,227776,1,started,
227876,100,227876,1,227974,1026616,227976,1,227977,1214475,227978,320000,227978,0,227979,65,227982,26,227973,1267200,227975,1958400,227976,0,227976,0,227974,40,227975,90,227976,0,227977,0,227876,1,started,
227977,100,227977,1,228074,1026740,228076,1,228077,478188,228077,320000,228078,0,228078,27,228080,10,228073,1267200,228075,1958400,228076,0,228076,0,228074,22,228075,33,228076,0,228077,0,227977,1,started,
228077,100,228077,1,228176,1026352,228184,1,228186,280577,228188,320000,228190,0,228193,21,228196,7,228174,1267200,228176,1958400,228179,0,228184,0,228175,11,228178,20,228182,0,228186,0,228077,1,started,
228186,100,228187,1,228275,1023928,228277,1,228277,1481447,228278,320000,228278,0,228279,66,228281,26,228274,1958400,228275,1958400,228276,0,228277,0,228275,40,228276,88,228277,0,228277,0,228186,1,started,
228277,100,228278,1,228375,1024292,228377,1,228378,1539236,228378,320000,228382,0,228383,65,228386,27,228374,1958400,228376,1958400,228377,0,228377,0,228375,33,228376,100,228377,0,228378,0,228277,1,started,
228378,100,228378,1,228476,1023484,228478,1,228479,1620140,228479,320000,228480,0,228480,68,228486,30,228475,1958400,228477,1958400,228478,0,228478,0,228476,50,228477,90,228478,0,228479,0,228378,1,started,
228479,100,228479,1,228577,1023484,228579,1,228581,1386011,228581,320000,228582,0,228583,69,228586,29,228575,1497600,228577,1958400,228579,0,228580,0,228576,36,228578,100,228579,0,228580,0,228479,1,started,
228581,100,228581,1,228683,1023484,228686,1,228687,1205192,228688,320000,228689,0,228690,57,228696,23,228676,1267200,228683,1958400,228685,0,228686,0,228679,11,228684,100,228685,0,228687,0,228580,1,started,
228687,100,228688,1,228777,1023484,228779,1,228780,1793505,228780,320000,228780,0,228781,76,228783,31,228776,1958400,228778,1958400,228779,0,228779,0,228777,55,228778,100,228779,0,228779,0,228687,1,started,
228780,100,228780,1,228878,1024904,228880,1,228881,1388986,228881,320000,228882,0,228884,61,228890,27,228876,1958400,228879,1958400,228880,0,228880,0,228877,20,228879,100,228880,0,228881,0,228780,1,started,
228881,100,228881,1,228978,1026008,228980,1,228981,1654813,228981,320000,228982,0,228983,73,228985,29,228977,1958400,228978,1958400,228980,0,228980,0,228978,62,228979,81,228980,0,228980,0,228881,1,started,
228981,100,228981,1,229081,1026060,229084,1,229084,2001543,229085,320000,229086,0,229086,57,229089,25,229080,1958400,229081,1958400,229083,1958400,229084,0,229081,60,229082,63,229083,50,229084,0,228981,1,started,
229085,100,229085,1,229182,1026060,229185,1,229186,457359,229186,320000,229187,0,229188,17,229191,10,229180,1728000,229182,1728000,229184,1958400,229185,0,229181,22,229183,30,229184,0,229185,0,229084,1,started,
229186,100,229186,1,229282,1023528,229285,1,229286,547305,229287,320000,229287,0,229288,21,229293,11,229280,1267200,229283,1958400,229284,1958400,229286,0,229282,30,229284,18,229285,18,229286,0,229186,1,started,
229286,100,229286,1,229383,1024348,229387,1,229388,1475096,229389,320000,229390,0,229391,45,229396,28,229381,1267200,229384,1958400,229385,1958400,229387,0,229382,20,229385,100,229386,20,229388,0,229286,1,started,
229388,100,229389,1,229484,1024720,229488,1,229490,1274081,229491,320000,229492,0,229493,48,229498,27,229481,1267200,229484,1958400,229486,1958400,229489,0,229483,27,229486,100,229488,0,229489,0,229388,1,started,
229490,100,229490,1,229583,1024484,229586,1,229587,1095265,229588,320000,229588,0,229589,57,229592,23,229582,1267200,229584,1958400,229586,0,229586,0,229583,66,229585,70,229586,0,229587,0,229490,1,started,
229587,100,229587,1,229684,1024784,229686,1,229687,1286997,229687,320000,229688,0,229688,65,229691,25,229682,1267200,229684,1958400,229685,0,229686,0,229683,30,229685,100,229685,0,229686,0,229587,1,started,
229687,100,229687,1,229784,1024784,229788,1,229792,1205192,229794,320000,229795,0,229797,61,229803,24,229782,1267200,229784,1958400,229788,0,229790,0,229783,11,229787,100,229788,0,229790,0,229686,1,started,
229792,100,229792,1,229884,1025280,229885,1,229886,1666370,229887,320000,229888,0,229889,70,229891,28,229882,1958400,229884,1958400,229885,0,229886,0,229883,44,229885,100,229885,0,229886,0,229790,1,started,
229886,100,229886,1,229985,1026276,229987,1,229988,932327,229988,320000,229989,0,229989,57,229993,22,229983,1267200,229985,1958400,229986,0,229987,0,229984,55,229986,60,229987,0,229987,0,229886,1,started,
229988,100,229988,1,230084,1026844,230086,1,230087,1123159,230088,320000,230089,0,230089,50,230091,18,230083,1958400,230085,1958400,230086,0,230087,0,230084,55,230085,42,230086,0,230087,0,229987,1,started,
230087,100,230088,1,230185,1026844,230188,1,230191,88173,230193,320000,230195,0,230198,13,230203,4,230184,1267200,230186,1958400,230187,0,230189,0,230185,20,230187,0,230188,0,230190,0,230087,1,started,
230191,100,230191,1,230285,1023452,230288,1,230288,953183,230289,320000,230290,0,230290,52,230294,19,230284,1958400,230286,1267200,230287,0,230288,0,230285,70,230287,33,230287,0,230288,0,230190,1,started,
230289,100,230289,1,230386,1024060,230389,1,230391,1235331,230392,320000,230392,0,230393,60,230397,25,230384,1958400,230387,1267200,230388,0,230390,0,230386,100,230388,18,230389,0,230390,0,230288,1,started,
230391,100,230391,1,230486,1024308,230488,1,230488,1388986,230489,320000,230489,0,230490,52,230492,17,230485,1958400,230486,1958400,230487,0,230488,0,230486,20,230487,100,230487,0,230488,0,230390,1,started,
230488,100,230489,1,230586,1024680,230588,1,230588,1527678,230589,320000,230589,0,230590,63,230592,25,230585,1958400,230586,1958400,230587,0,230588,0,230586,77,230587,55,230588,0,230588,0,230488,1,started,
230589,100,230589,1,230687,1024804,230689,1,230690,1157832,230691,320000,230691,0,230692,52,230694,25,230685,1958400,230687,1958400,230688,0,230689,0,230686,90,230688,10,230689,0,230690,0,230588,1,started,
230690,100,230690,1,230787,1025176,230790,1,230792,1235331,230793,320000,230793,0,230794,60,230797,24,230786,1958400,230788,1267200,230789,0,230791,0,230787,100,230789,18,230790,0,230791,0,230690,1,started,
230792,100,230792,1,230888,1025300,230891,1,230892,1200887,230893,320000,230894,0,230895,55,230907,23,230886,1958400,230888,1267200,230890,0,230891,0,230887,100,230890,10,230891,0,230892,0,230791,1,started,
230893,100,230893,1,230987,1024836,230989,1,230990,1735716,230990,320000,230991,0,230991,70,231004,29,230986,1958400,230988,1958400,230989,0,230989,0,230987,50,230988,100,230989,0,230990,0,230892,1,started,
230990,100,230990,1,231088,1022464,231090,1,231090,1331197,231091,320000,231091,0,231092,61,231094,26,231086,1958400,231088,1958400,231089,0,231090,0,231087,25,231089,90,231089,0,231090,0,230990,1,started,
231090,100,231090,1,231188,1022752,231190,1,231194,1828178,231194,320000,231195,0,231196,77,231206,29,231187,1958400,231188,1958400,231189,0,231190,0,231188,88,231189,70,231190,0,231191,0,231090,1,started,
231194,100,231194,1,231289,1023100,231291,1,231292,2198024,231293,320000,231294,0,231296,100,231302,43,231287,1958400,231290,1958400,231291,0,231292,0,231289,90,231291,100,231291,0,231292,0,231191,1,started,
231293,100,231293,1,231389,1023196,231391,1,231391,1042255,231392,320000,231392,0,231393,42,231395,18,231387,1958400,231389,1958400,231390,0,231391,0,231388,45,231390,45,231390,0,231391,0,231292,1,started,
231391,100,231391,1,231489,1020568,231493,1,231494,475928,231495,320000,231495,0,231496,21,231499,8,231488,1958400,231490,1958400,231492,0,231493,0,231489,30,231492,11,231493,0,231494,0,231391,1,started,
231494,100,231494,1,231590,1020756,231593,1,231594,1105250,231595,320000,231595,0,231596,55,231600,19,231588,1958400,231590,1267200,231592,0,231593,0,231589,88,231591,20,231592,0,231593,0,231494,1,started,
231594,100,231594,1,231690,1021184,231692,1,231693,1097540,231694,320000,231695,0,231695,61,231699,22,231688,1958400,231691,1267200,231692,0,231693,0,231690,81,231691,37,231692,0,231693,0,231594,1,started,
231693,100,231693,1,231791,1021680,231794,1,231795,1235331,231796,320000,231797,0,231798,55,231802,23,231789,1958400,231791,1267200,231793,0,231794,0,231790,100,231792,18,231793,0,231795,0,231693,1,started,
231795,100,231796,1,231891,1021928,231894,1,231895,1286997,231896,320000,231896,0,231897,65,231901,25,231889,1958400,231891,1267200,231894,0,231895,0,231890,100,231893,30,231894,0,231895,0,231795,1,started,
231895,100,231896,1,231992,1022548,231996,1,231998,1243942,231999,320000,232000,0,232002,60,232007,25,231990,1958400,231992,1267200,231995,0,231996,0,231991,100,231994,20,231995,0,231997,0,231895,1,started,
231998,100,231998,1,232092,1022796,232095,1,232096,1312830,232097,320000,232098,0,232099,66,232102,25,232090,1958400,232093,1267200,232094,0,232095,0,232091,100,232094,36,232095,0,232096,0,231997,1,started,
232096,100,232097,1,232192,1023292,232195,1,232195,1286997,232196,320000,232197,0,232197,65,232201,25,232190,1958400,232193,1267200,232194,0,232195,0,232192,100,232194,30,232194,0,232195,0,232096,1,started,
232196,100,232196,1,232292,1024864,232295,1,232296,1205192,232296,320000,232297,0,232298,57,232329,23,232291,1958400,232293,1267200,232294,0,232295,0,232292,100,232294,11,232294,0,232295,0,232195,1,started,
232296,100,232296,1,232393,1025244,232396,1,232397,1197018,232397,320000,232398,0,232399,60,232403,23,232391,1958400,232393,1267200,232394,960000,232396,0,232392,72,232394,70,232395,28,232396,0,232295,1,started,
232397,100,232397,1,232496,1025456,232502,1,232504,118311,232505,320000,232506,0,232508,14,232516,6,232492,1958400,232496,1267200,232498,960000,232502,0,232494,0,232498,27,232502,0,232503,0,232396,1,started,
232504,100,232504,1,232593,1022792,232596,1,232596,1121977,232597,320000,232597,0,232598,29,232601,18,232592,1958400,232593,1958400,232594,960000,232596,0,232593,40,232594,55,232595,10,232596,0,232504,1,started,
232596,100,232596,1,232693,1023100,232695,1,232696,1273409,232696,320000,232697,0,232697,45,232700,24,232692,1958400,232694,1958400,232695,0,232695,0,232693,55,232694,55,232695,0,232696,0,232596,1,started,
232696,100,232696,1,232794,1023588,232796,1,232797,1274081,232798,320000,232798,0,232799,61,232803,26,232792,1958400,232794,1267200,232796,0,232797,0,232794,100,232795,27,232796,0,232797,0,232696,1,started,
232797,100,232797,1,232894,1023780,232897,1,232898,855042,232898,320000,232899,0,232903,65,232905,21,232892,1958400,232895,1267200,232896,0,232897,0,232894,44,232896,80,232896,0,232897,0,232797,1,started,
232898,100,232898,1,232994,1024104,232996,1,232997,1446774,232997,320000,232998,0,232998,64,233001,25,232993,1958400,232995,1958400,232996,0,232996,0,232994,25,232996,100,232996,0,232997,0,232897,1,started,
232997,100,232997,1,233094,1024748,233096,1,233097,1469890,233097,320000,233097,0,233098,61,233100,27,233093,1958400,233095,1958400,233096,0,233096,0,233094,27,233095,100,233096,0,233096,0,232997,1,started,
233097,100,233097,1,233197,1024872,233206,1,233209,1205192,233213,320000,233215,0,233218,65,233226,25,233194,1267200,233198,1958400,233204,0,233206,0,233195,11,233202,100,233206,0,233207,0,233097,1,started,
233211,100,233211,1,233295,1026656,233297,1,233297,1585466,233298,320000,233298,0,233299,64,233301,25,233293,1958400,233295,1958400,233296,0,233297,0,233294,37,233296,100,233296,0,233297,0,233209,1,started,
233297,100,233297,1,233395,1027600,233398,1,233401,1237261,233403,320000,233405,0,233410,73,233434,28,233394,1497600,233396,1958400,233397,0,233398,0,233395,80,233397,63,233397,0,233400,0,233297,1,started,
233401,100,233401,1,233496,1026804,233498,1,233499,1687123,233499,320000,233500,0,233500,60,233503,28,233495,1958400,233496,1958400,233497,960000,233498,0,233496,72,233497,70,233498,20,233499,0,233401,1,started,
233499,100,233499,1,233596,1027020,233599,1,233599,137380,233600,320000,233600,0,233601,6,233604,3,233595,1267200,233597,1958400,233598,960000,233599,0,233596,0,233597,10,233599,9,233599,0,233499,1,started,
233600,100,233600,1,233697,1023696,233699,1,233700,550480,233700,320000,233700,0,233701,39,233703,11,233695,1267200,233697,1958400,233698,0,233699,0,233696,20,233698,40,233698,0,233699,0,233599,1,started,
233700,100,233700,1,233800,1023816,233807,1,233810,1243942,233812,320000,233813,0,233816,63,233823,20,233796,1958400,233802,1267200,233806,0,233809,0,233800,100,233804,20,233807,0,233809,0,233700,1,started,
233811,100,233811,1,233898,1024028,233900,1,233901,1620140,233902,320000,233902,0,233903,68,233905,29,233896,1958400,233898,1958400,233899,0,233900,0,233897,100,233899,40,233900,0,233901,0,233809,1,started,
233901,100,233901,1,233998,1024144,233999,1,234000,1527678,234000,320000,234001,0,234001,62,234004,24,233996,1958400,233998,1958400,233999,0,234000,0,233997,70,233999,62,233999,0,234000,0,233901,1,started,
234000,100,234000,1,234098,1024372,234100,1,234100,1573909,234101,320000,234101,0,234102,66,234104,30,234097,1958400,234098,1958400,234099,0,234100,0,234098,100,234099,36,234100,0,234100,0,234000,1,started,
234101,100,234101,1,234199,1024620,234201,1,234202,1286997,234204,320000,234205,0,234206,68,234209,26,234197,1958400,234199,1267200,234200,0,234201,0,234198,100,234200,30,234201,0,234202,0,234100,1,started,
234204,100,234204,1,234299,1025220,234300,1,234301,1504563,234302,320000,234302,0,234303,65,234305,27,234297,1958400,234299,1958400,234300,0,234301,0,234298,100,234300,30,234300,0,234301,0,234202,1,started,
234301,100,234301,1,234399,1026728,234402,1,234409,1351580,234410,320000,234412,0,234415,72,234428,29,234398,1958400,234400,1267200,234401,0,234402,0,234399,100,234401,45,234401,0,234403,0,234301,1,started,
234409,100,234409,1,234499,1027040,234501,1,234502,1134716,234502,320000,234503,0,234504,38,234506,16,234498,1958400,234500,1958400,234501,0,234501,0,234499,54,234500,44,234501,0,234501,0,234403,1,started,
234502,100,234502,1,234600,1027040,234602,1,234604,172252,234605,320000,234606,0,234607,15,234610,6,234598,1267200,234600,1958400,234602,0,234603,0,234599,10,234601,11,234602,0,234603,0,234502,1,started,
234604,100,234604,1,234701,1023624,234703,1,234704,432614,234705,320000,234705,0,234706,47,234709,13,234699,1267200,234701,1267200,234702,0,234703,0,234700,45,234702,55,234703,0,234704,0,234604,1,started,
234704,100,234704,1,234801,1023936,234803,1,234804,1098898,234804,320000,234805,0,234806,60,234808,18,234799,1958400,234801,1267200,234802,0,234803,0,234800,80,234802,40,234803,0,234804,0,234704,1,started,
234804,100,234804,1,234902,1024304,234905,1,234906,1235331,234907,320000,234908,0,234909,55,234912,23,234900,1958400,234902,1267200,234904,0,234905,0,234901,100,234903,18,234904,0,234906,0,234804,1,started,
234906,100,234907,1,235001,1024584,235004,1,235005,1078944,235005,320000,235006,0,235007,71,235009,24,235000,1958400,235002,1267200,235003,0,235004,0,235001,63,235003,81,235003,0,235004,0,234906,1,started,
235005,100,235005,1,235102,1024832,235105,1,235106,1200887,235107,320000,235108,0,235109,55,235112,23,235100,1958400,235103,1267200,235104,0,235106,0,235101,100,235104,10,235105,0,235106,0,235004,1,started,
235107,100,235107,1,235202,1025204,235203,1,235204,1539236,235204,320000,235205,0,235205,63,235208,21,235200,1958400,235202,1958400,235203,0,235204,0,235201,33,235203,100,235203,0,235204,0,235106,1,started,
235204,100,235204,1,235302,1025328,235306,1,235307,1250293,235308,320000,235309,0,235309,57,235312,25,235301,1958400,235303,1958400,235304,0,235307,0,235302,90,235304,18,235306,0,235307,0,235204,1,started,
235307,100,235308,1,235404,1025700,235407,1,235408,1265470,235409,320000,235410,0,235411,66,235414,26,235401,1958400,235405,1267200,235406,0,235407,0,235403,100,235406,25,235407,0,235408,0,235307,1,started,
235408,100,235409,1,235503,1027144,235505,1,235506,1002803,235507,320000,235507,0,235508,65,235511,22,235501,1958400,235503,1267200,235505,0,235506,0,235503,62,235504,66,235505,0,235506,0,235408,1,started,
235506,100,235506,1,235603,1027620,235610,1,235615,1805063,235616,320000,235618,0,235619,80,235626,30,235602,1958400,235603,1958400,235608,0,235614,0,235603,66,235607,90,235610,0,235614,0,235506,1,started,
235615,100,235616,1,235703,1028140,235707,1,235708,2839770,235709,320000,235709,0,235710,77,235715,39,235702,1958400,235704,1958400,235705,1958400,235707,960000,235703,83,235705,100,235706,50,235708,66,235615,1,started,
235708,100,235708,1,235804,1028056,235806,1,235809,1272227,235809,200000,235810,0,235811,29,235814,24,235802,1958400,235804,1958400,235805,960000,235806,1958400,235803,45,235805,30,235806,10,235808,33,235708,1,started,
235809,100,235809,1,235904,1028288,235907,1,235909,637736,235910,200000,235911,0,235912,14,235917,16,235903,1958400,235904,1958400,235906,960000,235908,1958400,235904,10,235905,20,235907,0,235909,25,235808,1,started,
235910,100,235910,1,236005,1024944,236008,1,236010,519618,236010,320000,236011,0,236012,48,236016,16,236003,1267200,236006,1267200,236007,960000,236009,0,236005,37,236007,72,236008,22,236009,0,235909,1,started,
236010,100,236010,1,236105,1025068,236108,1,236110,1133484,236111,320000,236111,0,236112,46,236116,20,236104,1958400,236106,1267200,236107,960000,236109,0,236105,90,236107,11,236108,20,236109,0,236009,1,started,
236110,100,236110,1,236206,1025068,236210,1,236211,1455156,236212,320000,236213,0,236214,43,236218,26,236204,1958400,236207,1267200,236208,1958400,236210,0,236205,100,236208,10,236209,22,236211,0,236109,1,started,
236211,100,236212,1,236306,1024968,236309,1,236309,1027049,236310,320000,236311,0,236312,61,236315,22,236304,1958400,236306,1267200,236308,0,236309,0,236305,60,236307,77,236308,0,236309,0,236211,1,started,
236310,100,236310,1,236406,1025060,236407,1,236408,1573909,236409,320000,236409,0,236410,61,236412,23,236404,1958400,236406,1958400,236407,0,236408,0,236405,36,236407,100,236407,0,236408,0,236309,1,started,
236408,100,236408,1,236506,1025432,236508,1,236508,1365870,236513,320000,236513,0,236514,61,236516,25,236505,1958400,236506,1958400,236507,0,236508,0,236506,18,236507,100,236508,0,236508,0,236408,1,started,
236512,100,236512,1,236608,1025432,236613,1,236617,1209498,236620,320000,236621,0,236624,66,236630,26,236606,1267200,236608,1958400,236611,0,236615,0,236607,12,236610,100,236613,0,236615,0,236508,1,started,
236617,100,236618,1,236707,1026904,236709,1,236711,1504563,236712,320000,236713,0,236715,61,236717,26,236706,1958400,236707,1958400,236708,0,236710,0,236707,40,236708,90,236708,0,236710,0,236617,1,started,
236711,100,236711,1,236807,1027504,236809,1,236810,1527678,236811,320000,236811,0,236812,66,236815,28,236806,1958400,236807,1958400,236808,0,236809,0,236807,60,236808,72,236809,0,236810,0,236711,1,started,
236810,100,236811,1,236908,1027504,236910,1,236911,360351,236912,320000,236912,0,236913,11,236915,4,236906,1958400,236908,1958400,236909,0,236910,0,236907,11,236909,20,236910,0,236911,0,236810,1,started,
236911,100,236911,1,237009,1024224,237011,1,237012,286226,237013,320000,237014,0,237015,36,237018,13,237007,1267200,237009,1267200,237011,0,237012,0,237008,36,237010,30,237011,0,237012,0,236911,1,started,
237013,100,237013,1,237109,1024648,237111,1,237112,1620140,237113,320000,237113,0,237114,70,237116,25,237107,1958400,237109,1958400,237110,0,237111,0,237108,40,237110,100,237111,0,237112,0,237012,1,started,
237112,100,237112,1,237209,1025144,237211,1,237212,1286997,237212,320000,237213,0,237214,65,237216,26,237207,1267200,237209,1958400,237210,0,237211,0,237208,30,237210,100,237211,0,237212,0,237112,1,started,
237212,100,237212,1,237309,1025260,237311,1,237313,1162809,237314,320000,237315,0,237316,64,237319,23,237308,1267200,237310,1958400,237311,0,237312,0,237309,28,237311,90,237311,0,237313,0,237212,1,started,
237314,100,237314,1,237409,1025712,237411,1,237411,1735716,237412,320000,237412,0,237413,75,237415,30,237408,1958400,237409,1958400,237410,0,237411,0,237409,50,237410,100,237411,0,237411,0,237313,1,started,
237412,100,237412,1,237510,1025712,237513,1,237517,1388986,237518,320000,237519,0,237520,60,237526,25,237508,1958400,237510,1958400,237513,0,237515,0,237509,20,237511,100,237513,0,237515,0,237411,1,started,
237517,100,237517,1,237610,1026332,237612,1,237613,1677928,237613,320000,237614,0,237614,71,237616,29,237608,1958400,237610,1958400,237612,0,237613,0,237609,45,237612,100,237612,0,237613,0,237516,1,started,
237613,100,237613,1,237710,1027824,237713,1,237714,1573909,237715,320000,237715,0,237717,65,237722,29,237709,1958400,237710,1958400,237712,0,237713,0,237710,36,237712,100,237712,0,237713,0,237613,1,started,
237714,100,237714,1,237815,1028268,237818,1,237819,2094005,237820,320000,237821,0,237824,81,237835,36,237809,1958400,237815,1958400,237816,1958400,237818,0,237814,90,237816,91,237817,0,237818,0,237714,1,started,
237819,100,237819,1,237911,1028732,237915,1,237916,2232697,237923,320000,237925,0,237926,67,237930,42,237910,1958400,237912,1958400,237913,1958400,237915,0,237911,50,237913,63,237914,80,237916,0,237819,1,started,
237922,100,237922,1,238011,1027304,238013,1,238014,1793505,238014,320000,238015,0,238016,50,238018,31,238010,1958400,238011,1958400,238012,1958400,238013,0,238011,100,238012,55,238013,0,238014,0,237916,1,started,
238014,100,238014,1,238111,1023988,238114,1,238115,645749,238115,320000,238116,0,238116,28,238119,17,238110,1958400,238112,1958400,238113,960000,238114,0,238111,20,238113,30,238114,30,238115,0,238014,1,started,
238115,100,238115,1,238212,1023712,238213,1,238214,1504563,238214,320000,238215,0,238215,58,238217,28,238210,1958400,238212,1958400,238213,0,238214,0,238211,30,238213,100,238213,0,238214,0,238115,1,started,
238214,100,238214,1,238312,1024036,238315,1,238318,1388986,238319,320000,238321,0,238335,63,238339,28,238311,1958400,238313,1958400,238314,0,238316,0,238312,20,238313,100,238315,0,238316,0,238214,1,started,
238318,100,238318,1,238412,1023416,238414,1,238414,2174909,238415,320000,238415,0,238416,94,238418,36,238411,1958400,238413,1958400,238413,0,238414,0,238412,100,238413,88,238414,0,238414,0,238317,1,started,
238415,100,238415,1,238514,1019728,238519,1,238520,1446774,238524,320000,238526,0,238528,60,238537,27,238511,1958400,238516,1958400,238518,0,238520,0,238514,25,238517,100,238519,0,238520,0,238414,1,started,
238521,100,238522,1,238613,1019932,238615,1,238615,1677928,238616,320000,238616,0,238617,68,238619,28,238612,1958400,238613,1958400,238614,0,238615,0,238613,45,238614,100,238614,0,238615,0,238520,1,started,
238615,100,238615,1,238713,1020216,238715,1,238716,1412101,238716,320000,238717,0,238717,63,238720,26,238712,1958400,238713,1958400,238715,0,238715,0,238713,22,238714,100,238715,0,238716,0,238615,1,started,
238716,100,238716,1,238764,1020940,238766,1,238768,1515189,238769,320000,238771,0,238773,90,238782,34,238762,1267200,238764,1958400,238766,0,238767,0,238763,83,238765,100,238766,0,238768,0,238716,1,started,
238768,100,238768,1,238864,1022160,238866,1,238867,1689486,238868,320000,238869,0,238870,73,238872,30,238862,1958400,238864,1958400,238865,0,238866,0,238863,66,238865,80,238865,0,238866,0,238768,1,started,
238867,100,238867,1,238964,1022340,238967,1,238967,275242,238968,320000,238969,0,238970,14,238972,6,238963,1958400,238965,1728000,238966,0,238967,0,238964,10,238966,18,238966,0,238967,0,238867,1,started,
238968,100,238968,1,239064,1019256,239066,1,239067,490875,239068,320000,239069,0,239070,31,239072,11,239063,1958400,239065,1267200,239066,0,239066,0,239064,30,239065,33,239066,0,239066,0,238967,1,started,
239067,100,239067,1,239165,1019816,239166,1,239167,643828,239168,320000,239168,0,239169,57,239171,17,239163,1958400,239165,1267200,239166,0,239167,0,239164,22,239166,90,239166,0,239167,0,239067,1,started,
239167,100,239167,1,239265,1020356,239268,1,239269,1205192,239269,320000,239270,0,239271,57,239275,22,239264,1267200,239266,1958400,239267,0,239268,0,239265,11,239267,100,239267,0,239268,0,239167,1,started,
239269,100,239269,1,239367,1020848,239371,1,239373,1286997,239375,320000,239377,0,239381,68,239387,26,239364,1267200,239367,1958400,239369,0,239373,0,239366,30,239368,100,239370,0,239373,0,239268,1,started,
239373,100,239375,1,239466,1021444,239468,1,239468,1793505,239469,320000,239469,0,239470,76,239472,30,239464,1958400,239466,1958400,239467,0,239468,0,239465,55,239467,100,239467,0,239468,0,239373,1,started,
239468,100,239468,1,239567,1021816,239569,1,239570,1243942,239570,320000,239571,0,239572,60,239580,26,239565,1267200,239567,1958400,239568,0,239569,0,239566,20,239568,100,239569,0,239569,0,239468,1,started,
239570,100,239570,1,239666,1022184,239668,1,239669,1781947,239669,320000,239669,0,239670,76,239673,30,239665,1958400,239667,1958400,239668,0,239668,0,239666,54,239667,100,239668,0,239668,0,239569,1,started,
239669,100,239669,1,239767,1023332,239769,1,239770,1158504,239771,320000,239771,0,239773,57,239777,26,239765,1267200,239768,1958400,239769,0,239770,0,239767,27,239768,90,239769,0,239770,0,239669,1,started,
239770,100,239770,1,239867,1024280,239871,1,239872,1654813,239873,320000,239873,0,239874,75,239879,31,239866,1958400,239867,1958400,239870,0,239871,0,239866,55,239870,88,239870,0,239872,0,239770,1,started,
239872,100,239872,1,239968,1024456,239970,1,239972,1828178,239973,320000,239973,0,239974,80,239977,34,239966,1958400,239968,1958400,239969,0,239971,0,239967,77,239969,81,239969,0,239971,0,239872,1,started,
239972,100,239972,1,240069,1024780,240070,1,240071,1932197,240072,320000,240072,0,240073,78,240078,34,240067,1958400,240069,1958400,240070,0,240071,0,240068,77,240070,90,240070,0,240071,0,239971,1,started,
240071,100,240071,1,240169,1025096,240171,1,240172,383466,240174,320000,240174,0,240175,16,240178,7,240167,1958400,240169,1958400,240170,0,240171,0,240168,33,240170,0,240170,0,240171,0,240071,1,started,
240173,100,240173,1,240271,1021580,240275,1,240276,233216,240276,320000,240277,0,240278,10,240280,3,240268,1958400,240272,1958400,240274,0,240275,0,240270,10,240273,10,240274,0,240275,0,240172,1,started,
240276,100,240276,1,240369,1022136,240371,1,240371,1411364,240372,320000,240372,0,240373,66,240375,27,240368,1497600,240369,1958400,240370,0,240371,0,240369,40,240370,100,240371,0,240371,0,240275,1,started,
240372,100,240372,1,240470,1022756,240472,1,240473,1273409,240474,320000,240475,0,240476,55,240478,20,240468,1958400,240470,1958400,240471,0,240472,0,240469,100,240471,10,240472,0,240473,0,240371,1,started,
240473,100,240473,1,240570,1023128,240573,1,240574,1214475,240576,320000,240576,0,240577,61,240581,24,240568,1958400,240571,1267200,240572,0,240574,0,240570,90,240572,40,240573,0,240574,0,240473,1,started,
240575,100,240575,1,240671,1023500,240674,1,240675,1214475,240677,320000,240677,0,240678,68,240682,26,240669,1958400,240671,1267200,240673,0,240674,0,240670,90,240673,40,240673,0,240675,0,240574,1,started,
240675,100,240676,1,240775,1024120,240782,1,240784,1205192,240785,320000,240786,0,240788,61,240795,24,240769,1958400,240775,1267200,240780,0,240782,0,240773,100,240779,11,240781,0,240783,0,240675,1,started,
240784,100,240784,1,240871,1024368,240873,1,240873,1735716,240874,320000,240874,0,240875,73,240893,29,240869,1958400,240871,1958400,240872,0,240873,0,240870,100,240872,50,240872,0,240873,0,240784,1,started,
240873,100,240874,1,240971,1023944,240973,1,240973,1620140,240974,320000,240974,0,240975,68,240977,28,240970,1958400,240971,1958400,240972,0,240973,0,240971,40,240972,100,240972,0,240973,0,240873,1,started,
240973,100,240973,1,241071,1025492,241073,1,241074,1666370,241074,320000,241075,0,241075,70,241078,30,241070,1958400,241071,1958400,241073,0,241073,0,241071,90,241072,54,241073,0,241074,0,240973,1,started,
241074,100,241074,1,241172,1025492,241174,1,241175,45118,241176,320000,241176,0,241177,5,241180,1,241170,1958400,241172,1267200,241173,0,241174,0,241171,0,241173,10,241174,0,241175,0,241074,1,started,
241175,100,241175,1,241272,1025492,241274,1,241275,426522,241276,320000,241276,0,241277,22,241280,8,241271,1958400,241273,1267200,241274,0,241275,0,241272,33,241274,10,241274,0,241275,0,241175,1,started,
241275,100,241276,1,241373,1022728,241376,1,241377,905822,241377,320000,241378,0,241379,47,241382,13,241371,1267200,241374,1958400,241375,0,241376,0,241373,22,241375,70,241375,0,241376,0,241275,1,started,
241377,100,241377,1,241473,1022728,241475,1,241476,1469890,241477,320000,241477,0,241478,61,241481,23,241471,1958400,241473,1958400,241474,0,241475,0,241472,100,241474,27,241475,0,241476,0,241377,1,started,
241476,100,241476,1,241573,1023288,241576,1,241578,1373107,241579,320000,241579,0,241580,73,241584,30,241572,1958400,241574,1267200,241575,0,241577,0,241573,100,241575,50,241576,0,241577,0,241476,1,started,
241578,100,241578,1,241673,1023536,241675,1,241676,1388986,241676,320000,241676,0,241677,60,241679,19,241672,1958400,241674,1958400,241675,0,241675,0,241673,40,241674,80,241675,0,241675,0,241577,1,started,
241676,100,241676,1,241774,1023784,241776,1,241777,1334358,241778,320000,241778,0,241779,68,241782,29,241773,1267200,241775,1958400,241776,0,241777,0,241774,41,241776,100,241776,0,241777,0,241676,1,started,
241777,100,241778,1,241881,1024156,241883,1,241884,1200887,241885,320000,241885,0,241886,59,241888,24,241872,1267200,241882,1958400,241883,0,241884,0,241881,10,241883,100,241883,0,241884,0,241777,1,started,
241884,100,241884,1,241974,1024156,241976,1,241976,1666370,241977,320000,241977,0,241978,66,241980,27,241973,1958400,241974,1958400,241975,0,241976,0,241974,44,241975,100,241976,0,241976,0,241884,1,started,
241977,100,241977,1,242075,1025428,242076,1,242077,1296524,242078,320000,242078,0,242078,61,242086,24,242073,1958400,242075,1958400,242076,0,242077,0,242074,22,242076,90,242076,0,242077,0,241976,1,started,
242077,100,242077,1,242176,1026204,242178,1,242179,1507189,242179,320000,242180,0,242182,83,242187,34,242175,1497600,242176,1958400,242178,0,242178,0,242176,77,242177,88,242178,0,242179,0,242077,1,started,
242179,100,242179,1,242276,1026684,242278,1,242279,1643255,242279,320000,242280,0,242281,70,242295,30,242275,1958400,242277,1958400,242277,0,242278,0,242276,54,242277,88,242278,0,242278,0,242179,1,started,
242279,100,242279,1,242377,1026356,242378,1,242379,1007582,242380,320000,242380,0,242381,44,242383,15,242375,1958400,242377,1958400,242378,0,242379,0,242376,42,242378,45,242378,0,242379,0,242278,1,started,
242379,100,242379,1,242477,1026356,242479,1,242479,129197,242480,320000,242480,0,242481,5,242483,2,242476,1958400,242477,1958400,242478,0,242479,0,242477,0,242478,11,242478,0,242479,0,242379,1,started,
242479,100,242479,1,242578,1023008,242580,1,242581,815621,242582,320000,242582,0,242583,54,242587,21,242576,1958400,242578,1267200,242580,0,242580,0,242577,54,242579,44,242580,0,242581,0,242479,1,started,
242581,100,242581,1,242678,1023504,242681,1,242683,1200887,242684,320000,242685,0,242686,55,242689,23,242676,1958400,242679,1267200,242680,0,242682,0,242678,100,242680,10,242681,0,242682,0,242581,1,started,
242683,100,242683,1,242778,1024000,242780,1,242781,1286997,242782,320000,242783,0,242784,65,242787,25,242777,1958400,242779,1267200,242780,0,242781,0,242778,100,242780,30,242780,0,242781,0,242683,1,started,
242781,100,242781,1,242878,1024132,242880,1,242880,1308082,242881,320000,242881,0,242882,52,242885,20,242877,1958400,242878,1958400,242879,0,242880,0,242878,50,242879,63,242880,0,242880,0,242781,1,started,
242881,100,242881,1,242982,1022116,242988,1,242991,1243942,242993,320000,242995,0,242997,65,243003,25,242977,1958400,242983,1267200,242986,0,242990,0,242980,100,242985,20,242987,0,242991,0,242880,1,started,
242992,100,242993,1,243079,1022236,243080,1,243081,1781947,243082,320000,243082,0,243083,75,243085,32,243078,1958400,243079,1958400,243080,0,243081,0,243078,100,243080,54,243080,0,243081,0,242991,1,started,
243081,100,243081,1,243180,1022456,243187,1,243190,1265470,243193,320000,243195,0,243198,60,243206,26,243178,1958400,243182,1267200,243186,0,243189,0,243180,100,243185,25,243187,0,243190,0,243081,1,started,
243191,100,243192,1,243279,1023956,243281,1,243282,1585466,243283,320000,243283,0,243284,68,243286,26,243278,1958400,243280,1958400,243281,0,243281,0,243279,100,243280,37,243281,0,243282,0,243190,1,started,
243282,100,243282,1,243380,1024492,243383,1,243384,937091,243384,320000,243385,0,243386,55,243388,23,243379,1958400,243380,1267200,243381,0,243383,0,243379,66,243381,40,243382,0,243383,0,243282,1,started,
243384,100,243384,1,243481,1024492,243483,1,243485,212361,243486,320000,243486,0,243487,11,243490,3,243479,1958400,243481,1267200,243483,0,243483,0,243480,10,243482,22,243483,0,243485,0,243383,1,started,
243485,100,243485,1,243581,1020348,243584,1,243586,1000544,243587,320000,243588,0,243589,57,243594,21,243579,1267200,243581,1958400,243584,0,243585,0,243581,44,243583,70,243584,0,243585,0,243485,1,started,
243586,100,243586,1,243682,1020656,243685,1,243686,1243942,243687,320000,243688,0,243689,60,243692,24,243680,1267200,243683,1958400,243684,0,243685,0,243681,20,243684,100,243685,0,243686,0,243586,1,started,
243686,100,243687,1,243782,1021028,243785,1,243786,1317136,243787,320000,243788,0,243788,72,243791,26,243780,1267200,243782,1958400,243784,0,243785,0,243781,37,243783,100,243784,0,243786,0,243686,1,started,
243786,100,243786,1,243883,1021152,243886,1,243887,1312830,243888,320000,243890,0,243891,66,243901,27,243880,1267200,243883,1958400,243885,0,243886,0,243882,36,243884,100,243885,0,243886,0,243786,1,started,
243887,100,243887,1,243982,1021524,243984,1,243985,1781947,243986,320000,243987,0,243987,76,243990,31,243981,1958400,243983,1958400,243984,0,243985,0,243982,54,243983,100,243984,0,243985,0,243887,1,started,
243986,100,243986,1,244083,1021648,244085,1,244086,1469890,244086,320000,244087,0,244088,61,244094,27,244081,1958400,244083,1958400,244084,0,244085,0,244082,27,244084,100,244084,0,244085,0,243985,1,started,
244086,100,244086,1,244184,1022192,244187,1,244188,1366996,244189,320000,244189,0,244191,66,244194,26,244181,1497600,244184,1958400,244186,0,244187,0,244183,33,244185,100,244186,0,244187,0,244085,1,started,
244188,100,244188,1,244284,1023400,244286,1,244286,1390330,244287,320000,244287,0,244288,73,244290,29,244283,1267200,244284,1958400,244285,0,244286,0,244284,54,244285,100,244286,0,244286,0,244188,1,started,
244286,100,244287,1,244384,1023612,244386,1,244387,1654813,244388,320000,244388,0,244389,72,244403,28,244383,1958400,244385,1958400,244386,0,244386,0,244384,88,244385,55,244386,0,244387,0,244286,1,started,
244387,100,244387,1,244485,1023720,244487,1,244488,1878457,244488,320000,244489,0,244489,73,244494,33,244483,1958400,244485,1958400,244486,960000,244487,0,244484,88,244486,66,244487,44,244488,0,244387,1,started,
244488,100,244488,1,244585,1023812,244588,1,244589,195754,244590,320000,244590,0,244591,6,244594,4,244584,1958400,244586,1574400,244587,960000,244588,0,244585,10,244587,11,244588,0,244589,0,244488,1,started,
244589,100,244590,1,244686,1020476,244690,1,244692,570649,244693,320000,244694,0,244695,27,244700,14,244684,1958400,244687,1267200,244688,960000,244690,0,244685,41,244688,22,244690,0,244691,0,244589,1,started,
244692,100,244692,1,244786,1020788,244788,1,244788,1597024,244789,320000,244789,0,244790,40,244793,21,244784,1958400,244786,1958400,244787,1958400,244788,0,244785,18,244786,100,244787,20,244788,0,244691,1,started,
244788,100,244788,1,244886,1021160,244889,1,244890,1284966,244891,320000,244891,0,244892,39,244895,25,244885,1958400,244887,1958400,244888,1958400,244889,0,244886,11,244887,100,244889,0,244890,0,244788,1,started,
244890,100,244890,1,244987,1021520,244990,1,244993,1274081,244994,320000,244995,0,244997,55,245003,26,244985,1267200,244987,1958400,244989,0,244991,0,244986,27,244988,100,244989,0,244992,0,244890,1,started,
244993,100,244994,1,245086,1021696,245088,1,245089,1585466,245089,320000,245089,0,245090,68,245092,27,245085,1958400,245087,1958400,245088,0,245088,0,245086,37,245087,100,245088,0,245088,0,244992,1,started,
245089,100,245089,1,245187,1022068,245191,1,245194,1205192,245197,320000,245199,0,245203,61,245212,26,245186,1267200,245188,1958400,245189,0,245192,0,245187,11,245189,100,245191,0,245192,0,245088,1,started,
245195,100,245196,1,245287,1022068,245289,1,245289,1793505,245290,320000,245290,0,245291,76,245293,30,245286,1958400,245287,1958400,245288,0,245289,0,245287,55,245288,100,245288,0,245289,0,245193,1,started,
245289,100,245289,1,245388,1023544,245390,1,245391,1274081,245391,320000,245393,0,245395,65,245403,27,245386,1267200,245388,1958400,245389,0,245390,0,245387,27,245389,100,245390,0,245391,0,245289,1,started,
245391,100,245391,1,245488,1024148,245489,1,245490,1388986,245490,320000,245491,0,245491,55,245494,22,245486,1958400,245488,1958400,245489,0,245490,0,245487,60,245489,60,245489,0,245490,0,245391,1,started,
245490,100,245490,1,245589,1024148,245593,1,245595,49423,245596,320000,245596,0,245598,14,245602,5,245587,1267200,245590,1958400,245592,0,245594,0,245588,11,245591,0,245593,0,245594,0,245490,1,started,
245595,100,245595,1,245689,1021484,245691,1,245692,577214,245693,320000,245693,0,245694,40,245697,13,245687,1267200,245689,1958400,245690,0,245691,0,245688,45,245690,33,245691,0,245691,0,245594,1,started,
245692,100,245692,1,245791,1021872,245794,1,245795,1446774,245795,320000,245796,0,245797,66,245799,24,245787,1958400,245791,1958400,245793,0,245794,0,245789,25,245793,100,245793,0,245794,0,245692,1,started,
245795,100,245795,1,245889,1022368,245891,1,245893,1412101,245893,320000,245894,0,245894,63,245897,26,245888,1958400,245890,1958400,245891,0,245892,0,245889,22,245890,100,245891,0,245892,0,245794,1,started,
245893,100,245893,1,245990,1022240,245992,1,245994,1373107,245995,320000,245995,0,246003,75,246015,31,245988,1267200,245990,1958400,245991,0,245993,0,245989,50,245991,100,245992,0,245993,0,245892,1,started,
245994,100,245994,1,246090,1022040,246091,1,246093,1851293,246094,320000,246096,0,246097,77,246103,31,246088,1958400,246090,1958400,246091,0,246091,0,246089,60,246091,100,246091,0,246092,0,245994,1,started,
246094,100,246094,1,246190,1022164,246192,1,246194,1500100,246194,320000,246195,0,246196,76,246199,31,246189,1497600,246190,1958400,246191,0,246193,0,246190,54,246191,100,246192,0,246193,0,246092,1,started,
246194,100,246194,1,246291,1022536,246298,1,246305,1243942,246307,320000,246309,0,246312,63,246321,26,246289,1267200,246293,1958400,246298,0,246302,0,246290,20,246296,100,246298,0,246302,0,246193,1,started,
246305,100,246305,1,246390,1023432,246392,1,246393,1643255,246393,320000,246394,0,246395,68,246398,27,246389,1958400,246391,1958400,246392,0,246393,0,246390,72,246391,70,246392,0,246393,0,246303,1,started,
246393,100,246393,1,246491,1023432,246494,1,246495,1793505,246496,320000,246497,0,246497,78,246500,34,246489,1958400,246491,1958400,246493,0,246494,0,246490,80,246493,75,246494,0,246495,0,246393,1,started,
246495,100,246495,1,246591,1023432,246594,1,246595,441255,246596,320000,246596,0,246597,15,246599,6,246590,1958400,246592,1958400,246593,0,246594,0,246591,11,246593,27,246594,0,246595,0,246495,1,started,
246595,100,246595,1,246692,1020068,246694,1,246695,545274,246696,320000,246697,0,246698,25,246700,10,246690,1958400,246692,1958400,246693,0,246694,0,246691,36,246693,11,246694,0,246695,0,246595,1,started,
246695,100,246695,1,246793,1020548,246795,1,246795,1085310,246796,320000,246797,0,246797,52,246800,17,246791,1267200,246793,1958400,246794,0,246795,0,246792,10,246794,90,246794,0,246795,0,246695,1,started,
246796,100,246796,1,246892,1020920,246894,1,246894,1828178,246895,320000,246895,0,246896,77,246898,32,246891,1958400,246892,1958400,246893,0,246894,0,246892,58,246893,100,246894,0,246894,0,246795,1,started,
246895,100,246895,1,246995,1021388,247003,1,247007,1286997,247010,320000,247012,0,247014,69,247023,27,246991,1267200,246996,1958400,247000,0,247004,0,246993,30,247000,100,247002,0,247006,0,246894,1,started,
247007,100,247008,1,247093,1021512,247095,1,247095,1793505,247096,320000,247096,0,247097,73,247099,30,247091,1958400,247093,1958400,247094,0,247095,0,247093,55,247094,100,247094,0,247095,0,247007,1,started,
247095,100,247095,1,247194,1021884,247196,1,247197,1243942,247197,320000,247198,0,247199,60,247205,24,247192,1267200,247194,1958400,247195,0,247196,0,247193,20,247195,100,247196,0,247196,0,247095,1,started,
247197,100,247197,1,247294,1022280,247295,1,247296,1446774,247297,320000,247297,0,247298,66,247300,26,247292,1958400,247294,1958400,247295,0,247296,0,247293,25,247295,100,247295,0,247296,0,247197,1,started,
247296,100,247296,1,247394,1023656,247396,1,247397,1218109,247398,320000,247398,0,247402,64,247413,25,247393,1267200,247395,1958400,247396,0,247397,0,247394,14,247396,100,247396,0,247397,0,247296,1,started,
247397,100,247398,1,247494,1024016,247496,1,247497,1157832,247497,320000,247498,0,247498,38,247501,17,247493,1958400,247494,1958400,247495,1958400,247497,0,247494,50,247495,50,247496,0,247497,0,247397,1,started,
247497,100,247497,1,247595,1024128,247597,1,247598,2063,247598,320000,247599,0,247599,0,247603,0,247593,1497600,247595,1958400,247596,1958400,247597,0,247594,0,247596,0,247597,0,247597,0,247497,1,started,
247598,100,247598,1,247703,1021304,247708,1,247710,195811,247711,320000,247712,0,247713,33,247717,8,247700,1267200,247705,1267200,247707,0,247708,0,247702,12,247706,33,247707,0,247709,0,247598,1,started,
247710,100,247711,1,247802,1021300,247813,1,247813,1252553,247814,320000,247814,0,247815,61,247817,20,247801,1267200,247803,1958400,247812,0,247813,0,247802,22,247803,100,247813,0,247813,0,247709,1,started,
247814,100,247814,1,247903,1021652,247904,1,247905,1296524,247905,320000,247906,0,247906,58,247910,23,247901,1958400,247903,1958400,247904,0,247905,0,247902,100,247904,12,247904,0,247905,0,247813,1,started,
247905,100,247905,1,248003,1021776,248006,1,248006,970619,248007,320000,248007,0,248008,65,248011,23,248002,1958400,248004,1267200,248005,0,248006,0,248003,54,248005,80,248005,0,248006,0,247905,1,started,
248006,100,248007,1,248103,1022020,248105,1,248106,1273409,248106,320000,248107,0,248107,52,248110,22,248102,1958400,248104,1958400,248105,0,248105,0,248103,10,248104,100,248105,0,248106,0,248006,1,started,
248106,100,248106,1,248204,1022392,248205,1,248206,1539236,248206,320000,248207,0,248207,72,248210,28,248202,1958400,248204,1958400,248205,0,248205,0,248203,33,248205,100,248205,0,248206,0,248106,1,started,
248206,100,248206,1,248304,1022516,248306,1,248306,1157832,248307,320000,248307,0,248308,52,248310,21,248303,1958400,248304,1958400,248305,0,248306,0,248304,0,248305,100,248305,0,248306,0,248206,1,started,
248306,100,248306,1,248404,1022928,248406,1,248407,1284966,248407,320000,248408,0,248409,57,248412,20,248403,1958400,248405,1958400,248406,0,248406,0,248404,100,248405,11,248406,0,248407,0,248306,1,started,
248407,100,248407,1,248505,1024532,248507,1,248508,1504563,248509,320000,248509,0,248511,65,248513,28,248503,1958400,248505,1958400,248506,0,248507,0,248504,50,248506,80,248507,0,248508,0,248407,1,started,
248508,100,248508,1,248606,1024212,248610,1,248612,2481137,248613,320000,248614,0,248615,95,248622,41,248604,1958400,248606,1958400,248608,300000,248611,1267200,248605,90,248607,100,248610,33,248612,66,248508,1,started,
248612,100,248613,1,248706,1024424,248708,1,248710,1379452,248711,320000,248712,0,248712,30,248716,24,248704,1958400,248706,1958400,248707,1958400,248709,960000,248705,50,248707,45,248708,20,248710,22,248612,1,started,
248711,100,248711,1,248806,1024424,248809,1,248810,371909,248811,320000,248811,0,248812,5,248816,6,248805,1958400,248806,1958400,248807,1958400,248809,960000,248806,10,248807,22,248808,0,248810,0,248710,1,started,
248810,100,248811,1,248907,1020672,248910,1,248911,639760,248911,320000,248912,0,248913,26,248916,17,248905,1958400,248907,1958400,248908,960000,248910,0,248906,11,248908,40,248909,22,248910,0,248810,1,started,
248911,100,248911,1,249007,1021368,249009,1,249010,1446774,249010,320000,249010,0,249011,38,249014,24,249005,1958400,249007,1958400,249008,1958400,249009,0,249006,25,249008,100,249009,0,249009,0,248911,1,started,
249010,100,249010,1,249107,1021740,249109,1,249110,1469890,249110,320000,249111,0,249112,41,249115,28,249106,1958400,249107,1958400,249108,1958400,249109,0,249107,27,249108,100,249109,0,249110,0,249010,1,started,
249110,100,249110,1,249213,1021432,249220,1,249224,1265470,249226,320000,249228,0,249230,59,249237,27,249206,1267200,249214,1958400,249218,0,249222,0,249210,25,249217,100,249219,0,249223,0,249110,1,started,
249224,100,249226,1,249308,1021796,249309,1,249310,1851293,249310,320000,249311,0,249311,75,249314,29,249306,1958400,249308,1958400,249309,0,249309,0,249307,60,249308,100,249309,0,249310,0,249224,1,started,
249310,100,249310,1,249410,1021912,249417,1,249421,1243942,249425,320000,249425,0,249426,66,249429,26,249407,1267200,249411,1958400,249416,0,249418,0,249408,20,249414,100,249416,0,249421,0,249310,1,started,
249421,100,249424,1,249508,1022820,249510,1,249510,1735716,249511,320000,249511,0,249513,68,249515,31,249507,1958400,249509,1958400,249509,0,249510,0,249508,50,249509,100,249510,0,249510,0,249421,1,started,
249511,100,249511,1,249609,1024248,249610,1,249611,1458332,249611,320000,249612,0,249613,65,249615,27,249607,1958400,249609,1958400,249610,0,249610,0,249608,45,249610,81,249610,0,249611,0,249510,1,started,
249611,100,249611,1,249709,1024248,249711,1,249712,383466,249713,320000,249713,0,249714,16,249716,7,249708,1958400,249709,1958400,249711,0,249711,0,249709,22,249710,11,249711,0,249712,0,249611,1,started,
249712,100,249713,1,249810,1020684,249812,1,249814,213952,249815,320000,249815,0,249816,15,249819,6,249808,1958400,249810,1728000,249812,0,249813,0,249809,10,249811,11,249812,0,249813,0,249712,1,started,
249814,100,249814,1,249910,1021196,249911,1,249912,1388986,249912,320000,249913,0,249913,60,249916,25,249908,1958400,249910,1958400,249911,0,249911,0,249909,40,249911,80,249911,0,249912,0,249813,1,started,
249912,100,249912,1,250010,1021676,250012,1,250013,1252553,250014,320000,250014,0,250015,63,250018,25,250009,1267200,250011,1958400,250012,0,250013,0,250010,22,250011,100,250012,0,250013,0,249912,1,started,
250013,100,250013,1,250110,1022028,250112,1,250112,1735716,250113,320000,250113,0,250114,75,250116,32,250109,1958400,250110,1958400,250111,0,250112,0,250110,50,250111,100,250111,0,250112,0,250013,1,started,
250112,100,250113,1,250211,1022152,250213,1,250214,1286997,250215,320000,250215,0,250216,65,250219,26,250209,1267200,250211,1958400,250213,0,250213,0,250210,30,250212,100,250213,0,250214,0,250112,1,started,
250214,100,250214,1,250311,1022524,250312,1,250313,1504563,250313,320000,250314,0,250314,65,250316,27,250309,1958400,250311,1958400,250312,0,250313,0,250310,30,250312,100,250312,0,250313,0,250214,1,started,
250313,100,250313,1,250412,1023020,250414,1,250415,1265470,250416,320000,250416,0,250417,66,250423,25,250410,1267200,250412,1958400,250413,0,250415,0,250411,25,250413,100,250414,0,250415,0,250313,1,started,
250415,100,250415,1,250511,1024396,250513,1,250514,1631697,250514,320000,250515,0,250515,68,250517,30,250510,1958400,250512,1958400,250513,0,250514,0,250511,41,250513,100,250513,0,250514,0,250415,1,started,
250514,100,250514,1,250612,1024964,250619,1,250620,1599650,250621,320000,250622,0,250624,82,250631,31,250610,1497600,250613,1958400,250615,1958400,250619,0,250612,77,250614,80,250616,16,250620,0,250514,1,started,
250620,100,250621,1,250712,1025392,250714,1,250715,2452293,250715,320000,250716,0,250716,65,250726,42,250711,1958400,250712,1958400,250713,1958400,250715,0,250712,88,250713,80,250714,44,250715,0,250620,1,started,
250715,100,250715,1,250813,1025472,250816,1,250817,906599,250817,200000,250818,0,250819,34,250827,18,250811,1958400,250813,1958400,250814,960000,250816,0,250812,50,250814,22,250815,33,250816,0,250715,1,started,
250817,100,250817,1,250913,1020724,250915,1,250916,1086123,250916,200000,250917,0,250917,37,250922,21,250911,1958400,250913,1958400,250914,960000,250915,0,250912,40,250914,50,250915,20,250916,0,250816,1,started,
250916,100,250916,1,251016,1020812,251019,1,251023,548863,251026,320000,251027,0,251033,65,251041,21,251012,1267200,251016,1267200,251018,0,251020,0,251014,50,251018,77,251019,0,251021,0,250916,1,started,
251023,100,251025,1,251113,1018152,251115,1,251116,1735716,251116,320000,251116,0,251117,68,251119,28,251112,1958400,251114,1958400,251115,0,251115,0,251113,50,251114,100,251115,0,251115,0,251021,1,started,
251116,100,251116,1,251215,1018400,251220,1,251223,1330052,251225,320000,251226,0,251228,72,251234,28,251213,1267200,251215,1958400,251218,0,251221,0,251214,40,251216,100,251219,0,251223,0,251116,1,started,
251223,100,251224,1,251314,1018548,251316,1,251317,1677928,251317,320000,251317,0,251318,68,251320,30,251313,1958400,251314,1958400,251315,0,251316,0,251314,45,251315,100,251316,0,251316,0,251223,1,started,
251317,100,251317,1,251416,1019128,251420,1,251423,1205192,251424,320000,251426,0,251428,61,251434,24,251413,1267200,251416,1958400,251418,0,251420,0,251415,11,251417,100,251419,0,251422,0,251316,1,started,
251423,100,251423,1,251515,1019244,251516,1,251517,1735716,251517,320000,251518,0,251518,72,251521,31,251513,1958400,251515,1958400,251516,0,251517,0,251514,50,251516,100,251516,0,251517,0,251422,1,started,
251517,100,251517,1,251616,1020848,251618,1,251622,1286997,251623,320000,251625,0,251628,66,251634,27,251614,1267200,251616,1958400,251617,0,251620,0,251615,30,251617,100,251618,0,251620,0,251517,1,started,
251622,100,251622,1,251715,1021824,251717,1,251718,1250293,251718,320000,251719,0,251719,50,251721,20,251714,1958400,251716,1958400,251717,0,251717,0,251715,66,251716,42,251717,0,251718,0,251621,1,started,
251718,100,251718,1,251817,1022072,251820,1,251822,144144,251823,320000,251824,0,251824,21,251828,6,251815,1267200,251817,1958400,251819,0,251821,0,251816,33,251818,0,251820,0,251821,0,251718,1,started,
251822,100,251822,1,251916,1018808,251918,1,251919,707082,251919,320000,251920,0,251920,27,251924,12,251915,1958400,251917,1958400,251918,0,251918,0,251916,36,251917,25,251918,0,251919,0,251822,1,started,
251919,100,251919,1,252017,1019376,252019,1,252020,1351580,252021,320000,252021,0,252023,73,252029,25,252015,1267200,252017,1958400,252019,0,252019,0,252016,45,252018,100,252019,0,252020,0,251919,1,started,
252020,100,252020,1,252117,1019872,252120,1,252120,1299914,252121,320000,252121,0,252122,60,252125,26,252115,1267200,252118,1958400,252119,0,252120,0,252117,33,252119,100,252119,0,252120,0,252020,1,started,
252121,100,252121,1,252218,1020384,252222,1,252225,1351580,252225,320000,252227,0,252229,73,252235,27,252216,1267200,252219,1958400,252220,0,252223,0,252217,45,252220,100,252221,0,252223,0,252120,1,started,
252225,100,252225,1,252317,1020904,252319,1,252320,1666370,252320,320000,252320,0,252321,70,252324,29,252316,1958400,252318,1958400,252319,0,252319,0,252317,44,252318,100,252319,0,252319,0,252224,1,started,
252320,100,252320,1,252418,1021276,252420,1,252421,1312830,252422,320000,252423,0,252423,69,252426,27,252416,1267200,252419,1958400,252420,0,252421,0,252418,36,252419,100,252420,0,252421,0,252320,1,started,
252421,100,252421,1,252521,1021944,252524,1,252526,1365870,252527,320000,252527,0,252528,57,252536,25,252518,1958400,252522,1958400,252523,0,252525,0,252521,18,252523,100,252524,0,252525,0,252421,1,started,
252526,100,252526,1,252618,1023556,252620,1,252621,1885966,252621,320000,252622,0,252625,78,252631,32,252617,1958400,252619,1958400,252620,0,252620,0,252618,63,252619,100,252620,0,252621,0,252525,1,started,
252621,100,252621,1,252719,1023840,252721,1,252721,1851293,252722,320000,252729,0,252730,78,252735,33,252717,1958400,252719,1958400,252720,0,252721,0,252718,72,252720,88,252720,0,252721,0,252621,1,started,
252721,100,252721,1,252819,1024052,252822,1,252823,868889,252823,320000,252824,0,252825,38,252827,16,252818,1958400,252820,1958400,252821,0,252822,0,252819,25,252821,50,252821,0,252822,0,252721,1,started,
252823,100,252823,1,252922,1020744,252932,1,252937,206696,252939,320000,252942,0,252945,29,252956,11,252919,1958400,252924,1267200,252928,0,252934,0,252920,11,252928,18,252932,0,252936,0,252823,1,started,
252937,100,252939,1,253020,1021164,253021,1,253022,1068287,253023,320000,253023,0,253024,73,253026,20,253018,1958400,253020,1267200,253021,0,253022,0,253019,55,253021,100,253021,0,253022,0,252936,1,started,
253022,100,253022,1,253124,1021784,253133,1,253137,1284966,253139,320000,253140,0,253144,65,253153,27,253120,1958400,253126,1958400,253130,0,253133,0,253122,11,253128,100,253131,0,253135,0,253022,1,started,
253137,100,253137,1,253220,1022280,253222,1,253223,1851293,253223,320000,253224,0,253224,75,253229,30,253219,1958400,253221,1958400,253222,0,253222,0,253220,60,253221,100,253222,0,253223,0,253135,1,started,
253223,100,253223,1,253321,1022676,253329,1,253333,1296524,253334,320000,253336,0,253340,65,253350,26,253320,1958400,253324,1958400,253328,0,253331,0,253321,12,253326,100,253328,0,253331,0,253223,1,started,
253333,100,253334,1,253421,1023204,253423,1,253423,1677928,253424,320000,253424,0,253425,68,253427,29,253420,1958400,253421,1958400,253422,0,253423,0,253421,45,253422,100,253423,0,253423,0,253332,1,started,
253423,100,253424,1,253521,1022412,253524,1,253525,2082447,253525,320000,253526,0,253527,90,253529,38,253520,1958400,253522,1958400,253523,0,253524,0,253521,80,253522,100,253523,0,253524,0,253423,1,started,
253525,100,253525,1,253623,1023664,253626,1,253627,1200887,253627,320000,253628,0,253632,55,253640,24,253621,1267200,253623,1958400,253625,0,253626,0,253622,10,253625,100,253626,0,253627,0,253524,1,started,
253627,100,253627,1,253722,1024292,253724,1,253725,1597024,253725,320000,253726,0,253727,68,253729,25,253721,1958400,253723,1958400,253723,0,253724,0,253722,75,253723,63,253724,0,253724,0,253627,1,started,
253725,100,253725,1,253823,1024292,253825,1,253826,337236,253827,320000,253827,0,253828,10,253830,4,253822,1958400,253823,1958400,253825,0,253826,0,253823,18,253824,11,253825,0,253826,0,253725,1,started,
253826,100,253827,1,253923,1020820,253926,1,253927,385726,253928,320000,253928,0,253929,25,253933,10,253921,1958400,253924,1267200,253925,0,253926,0,253923,25,253925,22,253926,0,253927,0,253826,1,started,
253927,100,253927,1,254028,1021208,254036,1,254039,1235331,254041,320000,254043,0,254046,64,254053,23,254023,1267200,254028,1958400,254034,0,254036,0,254026,18,254032,100,254034,0,254038,0,253927,1,started,
254040,100,254040,1,254124,1021580,254126,1,254126,1626522,254127,320000,254127,0,254128,77,254130,32,254122,1574400,254124,1958400,254125,0,254126,0,254123,66,254125,100,254125,0,254126,0,254038,1,started,
254126,100,254126,1,254224,1022024,254226,1,254227,1214475,254228,320000,254228,0,254229,65,254234,25,254223,1267200,254225,1958400,254226,0,254227,0,254224,40,254225,90,254226,0,254227,0,254126,1,started,
254227,100,254227,1,254324,1022528,254326,1,254326,1620140,254327,320000,254327,0,254328,70,254330,28,254323,1958400,254324,1958400,254325,0,254326,0,254324,40,254325,100,254326,0,254326,0,254227,1,started,
254326,100,254327,1,254425,1022632,254427,1,254428,1205192,254429,320000,254429,0,254430,57,254434,23,254423,1267200,254425,1958400,254426,0,254427,0,254424,11,254426,100,254427,0,254428,0,254326,1,started,
254428,100,254428,1,254525,1023176,254528,1,254529,1677928,254529,320000,254530,0,254530,71,254533,29,254523,1958400,254525,1958400,254527,0,254528,0,254524,45,254527,100,254527,0,254528,0,254428,1,started,
254529,100,254529,1,254626,1024572,254635,1,254639,1252553,254649,320000,254655,0,254659,69,254670,27,254624,1267200,254626,1958400,254630,0,254638,0,254625,22,254629,100,254631,0,254639,0,254528,1,started,
254639,100,254640,1,254726,1024792,254730,1,254731,2419644,254732,320000,254733,0,254733,58,254737,20,254724,1958400,254726,1958400,254728,1958400,254730,960000,254725,80,254727,54,254729,71,254731,22,254639,1,started,
254731,100,254732,1,254828,1024916,254834,1,254838,233216,254840,320000,254841,0,254843,4,254849,5,254825,1958400,254830,1958400,254831,1958400,254836,960000,254827,20,254831,0,254833,0,254837,0,254731,1,started,
254838,100,254838,1,254927,1021972,254929,1,254931,637736,254932,320000,254933,0,254934,16,254939,12,254925,1958400,254927,1958400,254928,1958400,254930,960000,254926,44,254928,11,254929,0,254931,0,254838,1,started,
254931,100,254932,1,255027,1022424,255029,1,255030,978344,255031,320000,255031,0,255042,50,255046,20,255025,1958400,255027,1267200,255029,0,255030,0,255026,80,255028,12,255029,0,255030,0,254931,1,started,
255030,100,255030,1,255127,1022352,255128,1,255129,1412101,255130,320000,255130,0,255131,63,255133,22,255125,1958400,255127,1958400,255128,0,255129,0,255126,22,255128,100,255128,0,255129,0,255030,1,started,
255129,100,255129,1,255227,1022596,255229,1,255230,1354313,255230,320000,255231,0,255231,57,255234,25,255226,1958400,255227,1958400,255228,0,255229,0,255227,77,255228,40,255229,0,255229,0,255129,1,started,
255230,100,255230,1,255327,1022844,255329,1,255330,1252383,255331,320000,255331,0,255332,65,255344,27,255326,1958400,255328,1728000,255329,0,255330,0,255327,40,255329,90,255329,0,255330,0,255229,1,started,
255330,100,255330,1,255428,1023176,255430,1,255430,1157832,255431,320000,255431,0,255432,55,255434,23,255426,1958400,255428,1958400,255429,0,255430,0,255427,0,255429,100,255430,0,255430,0,255330,1,started,
255431,100,255431,1,255529,1023424,255531,1,255532,1273409,255533,320000,255534,0,255534,59,255537,23,255527,1958400,255529,1958400,255530,0,255531,0,255528,100,255530,10,255530,0,255531,0,255430,1,started,
255532,100,255532,1,255628,1023976,255630,1,255631,1539236,255631,320000,255632,0,255632,61,255634,21,255627,1958400,255629,1958400,255630,0,255630,0,255628,45,255629,88,255630,0,255631,0,255532,1,started,
255631,100,255631,1,255729,1025400,255731,1,255732,1330052,255733,320000,255736,0,255746,73,255763,31,255727,1958400,255729,1267200,255731,0,255731,0,255729,100,255730,40,255731,0,255732,0,255631,1,started,
255733,100,255733,1,255829,1025704,255833,1,255834,1156547,255834,320000,255835,0,255836,45,255839,18,255828,1958400,255830,1267200,255831,960000,255833,0,255829,75,255831,50,255832,33,255833,0,255732,1,started,
255834,100,255834,1,255930,1024948,255933,1,255934,593536,255934,320000,255935,0,255936,26,255940,15,255928,1958400,255930,1267200,255931,960000,255933,0,255929,40,255931,30,255932,0,255933,0,255833,1,started,
255934,100,255934,1,256030,1021836,256033,1,256034,689727,256035,320000,256036,0,256036,31,256040,15,256028,1958400,256031,1267200,256032,960000,256034,0,256030,44,256032,36,256033,11,256034,0,255934,1,started,
256035,100,256035,1,256130,1021808,256132,1,256133,1331197,256133,320000,256133,0,256134,43,256139,20,256129,1958400,256130,1958400,256131,0,256132,0,256130,60,256131,55,256132,0,256132,0,256034,1,started,
256133,100,256133,1,256230,1022108,256232,1,256233,1412101,256234,320000,256234,0,256235,65,256237,28,256229,1958400,256231,1958400,256231,0,256232,0,256230,22,256231,100,256232,0,256233,0,256132,1,started,
256233,100,256233,1,256331,1022280,256333,1,256334,1331600,256335,320000,256335,0,256336,61,256338,26,256329,1574400,256331,1958400,256332,0,256333,0,256331,44,256332,88,256333,0,256334,0,256233,1,started,
256334,100,256334,1,256431,1022404,256434,1,256435,1250293,256436,320000,256436,0,256437,55,256439,19,256430,1958400,256432,1958400,256433,0,256434,0,256431,90,256433,18,256433,0,256434,0,256334,1,started,
256435,100,256435,1,256532,1022776,256534,1,256535,1063527,256535,320000,256536,0,256536,66,256539,26,256530,1958400,256532,1497600,256533,0,256534,0,256531,37,256533,100,256533,0,256534,0,256435,1,started,
256535,100,256535,1,256632,1022776,256634,1,256634,1215620,256635,320000,256635,0,256636,57,256638,22,256630,1958400,256632,1958400,256633,0,256634,0,256631,72,256633,33,256634,0,256634,0,256534,1,started,
256635,100,256635,1,256732,1024132,256734,1,256735,1504563,256735,320000,256735,0,256736,65,256738,28,256731,1958400,256732,1958400,256733,0,256734,0,256732,30,256733,100,256734,0,256734,0,256634,1,started,
256735,100,256735,1,256834,1024856,256835,1,256836,1735716,256837,320000,256838,0,256839,75,256842,32,256831,1958400,256834,1958400,256835,0,256836,0,256833,87,256835,63,256835,0,256836,0,256734,1,started,
256836,100,256836,1,256934,1025568,256936,1,256937,1334080,256938,320000,256938,0,256939,53,256942,25,256933,1958400,256934,1728000,256935,960000,256937,0,256934,66,256935,60,256936,20,256937,0,256836,1,started,
256937,100,256937,1,257034,1025684,257037,1,257038,510601,257038,320000,257039,0,257039,14,257043,9,257033,1958400,257035,1728000,257036,960000,257037,0,257034,44,257036,0,257037,0,257038,0,256937,1,started,
257038,100,257038,1,257137,1022960,257144,1,257146,188050,257147,320000,257148,0,257149,19,257152,5,257133,1497600,257138,1267200,257140,960000,257145,0,257136,20,257140,0,257143,27,257145,0,257038,1,started,
257146,100,257146,1,257235,1022260,257237,1,257237,1747274,257238,320000,257238,0,257239,70,257241,24,257234,1958400,257235,1958400,257236,0,257237,0,257235,63,257236,88,257237,0,257237,0,257145,1,started,
257238,100,257238,1,257335,1022540,257337,1,257338,1157832,257338,320000,257339,0,257339,52,257342,21,257334,1267200,257336,1958400,257337,0,257337,0,257335,0,257336,100,257337,0,257338,0,257237,1,started,
257338,100,257338,1,257436,1022788,257437,1,257438,1643255,257438,320000,257439,0,257439,72,257442,28,257434,1958400,257436,1958400,257437,0,257438,0,257435,42,257437,100,257437,0,257438,0,257338,1,started,
257438,100,257438,1,257536,1023036,257538,1,257538,1157832,257539,320000,257539,0,257540,55,257542,21,257535,1958400,257536,1958400,257537,0,257538,0,257536,0,257537,100,257538,0,257538,0,257438,1,started,
257539,100,257539,1,257636,1023408,257638,1,257639,1620140,257639,320000,257639,0,257640,66,257645,28,257635,1958400,257637,1958400,257637,0,257638,0,257636,40,257637,100,257638,0,257638,0,257538,1,started,
257639,100,257639,1,257737,1023532,257738,1,257739,1006029,257740,320000,257740,0,257741,55,257744,23,257735,1574400,257737,1958400,257738,0,257739,0,257736,60,257738,50,257738,0,257739,0,257638,1,started,
257739,100,257739,1,257837,1024392,257839,1,257839,1157832,257840,320000,257840,0,257841,52,257849,21,257836,1267200,257837,1958400,257838,0,257839,0,257836,0,257838,100,257838,0,257839,0,257739,1,started,
257839,100,257839,1,257937,1025488,257940,1,257945,1989986,257945,320000,257946,0,257948,85,257951,35,257936,1958400,257937,1958400,257939,0,257942,0,257937,72,257939,100,257940,0,257944,0,257839,1,started,
257945,100,257945,1,258038,1025588,258040,1,258041,637736,258042,320000,258042,0,258043,26,258045,11,258036,1958400,258038,1958400,258039,0,258040,0,258037,30,258039,25,258040,0,258041,0,257945,1,started,
258041,100,258041,1,258138,1025168,258140,1,258140,512403,258141,320000,258141,0,258142,30,258144,15,258136,1267200,258138,1958400,258139,0,258140,0,258137,38,258139,30,258139,0,258140,0,258041,1,started,
258140,100,258140,1,258238,1022912,258240,1,258240,824918,258241,320000,258241,0,258242,45,258245,15,258237,1267200,258238,1958400,258239,0,258240,0,258238,22,258239,63,258239,0,258240,0,258140,1,started,
258240,100,258240,1,258338,1023496,258340,1,258341,1330052,258351,320000,258352,0,258363,76,258366,30,258337,1267200,258339,1958400,258340,0,258341,0,258338,40,258340,100,258340,0,258341,0,258240,1,started,
258350,100,258351,1,258439,1022692,258441,1,258442,1467829,258444,320000,258445,0,258446,82,258449,30,258437,1267200,258439,1958400,258441,0,258442,0,258439,72,258440,100,258441,0,258442,0,258341,1,started,
258443,100,258443,1,258544,1019476,258551,1,258555,1243942,258557,320000,258559,0,258561,63,258570,26,258538,1267200,258544,1958400,258549,0,258552,0,258542,20,258547,100,258550,0,258553,0,258442,1,started,
258555,100,258555,1,258640,1019476,258642,1,258644,1416163,258645,320000,258645,0,258646,77,258649,28,258638,1267200,258640,1958400,258641,0,258643,0,258639,60,258641,100,258642,0,258643,0,258553,1,started,
258644,100,258644,1,258746,1019476,258753,1,258756,1252553,258758,320000,258760,0,258761,66,258772,26,258740,1267200,258746,1958400,258751,0,258753,0,258744,22,258749,100,258752,0,258755,0,258644,1,started,
258756,100,258756,1,258840,1020612,258842,1,258843,1793505,258843,320000,258844,0,258844,76,258847,30,258839,1958400,258840,1958400,258841,0,258842,0,258840,55,258841,100,258842,0,258842,0,258755,1,started,
258843,100,258843,1,258941,1021584,258944,1,258946,1504554,258946,320000,258947,0,258948,71,258951,30,258940,1728000,258941,1958400,258943,0,258945,0,258941,66,258943,80,258944,0,258945,0,258842,1,started,
258946,100,258946,1,259043,1022236,259045,1,259046,2278672,259046,320000,259047,0,259048,90,259056,37,259041,1958400,259043,1958400,259044,960000,259045,0,259042,88,259044,90,259045,100,259046,0,258945,1,started,
259046,100,259046,1,259143,1022516,259146,1,259146,1131560,259147,320000,259147,0,259148,33,259151,20,259141,1958400,259143,1728000,259145,1958400,259146,0,259143,45,259144,30,259145,30,259146,0,259046,1,started,
259146,100,259147,1,259243,1022712,259245,1,259246,348793,259246,320000,259247,0,259248,10,259250,6,259241,1958400,259243,1958400,259244,1958400,259246,0,259243,18,259244,12,259245,0,259246,0,259146,1,started,
259246,100,259246,1,259346,1019356,259348,1,259348,443515,259349,320000,259349,0,259350,24,259353,11,259342,1958400,259346,1267200,259347,0,259348,0,259345,30,259347,22,259347,0,259348,0,259246,1,started,
259348,100,259349,1,259444,1019956,259447,1,259448,1412101,259448,320000,259449,0,259450,63,259454,21,259443,1958400,259445,1958400,259446,0,259447,0,259444,22,259446,100,259446,0,259447,0,259348,1,started,
259448,100,259448,1,259545,1020380,259547,1,259547,1366996,259549,320000,259549,0,259550,68,259553,28,259543,1497600,259545,1958400,259546,0,259547,0,259544,33,259546,100,259546,0,259547,0,259448,1,started,
259547,100,259547,1,259645,1020660,259647,1,259650,1351580,259651,320000,259654,0,259657,73,259664,28,259643,1267200,259645,1958400,259647,0,259647,0,259644,45,259646,100,259647,0,259649,0,259547,1,started,
259650,100,259651,1,259745,1021280,259747,1,259747,1508060,259748,320000,259748,0,259749,66,259751,28,259744,1728000,259745,1958400,259746,0,259747,0,259745,40,259746,100,259746,0,259747,0,259649,1,started,
259747,100,259748,1,259846,1021528,259848,1,259849,1312830,259849,320000,259850,0,259850,66,259855,27,259844,1267200,259846,1958400,259847,0,259848,0,259845,36,259847,100,259847,0,259848,0,259747,1,started,
259849,100,259849,1,259946,1022196,259947,1,259948,1620140,259948,320000,259949,0,259949,70,259952,29,259944,1958400,259946,1958400,259947,0,259948,0,259945,40,259947,100,259947,0,259948,0,259848,1,started,
259948,100,259948,1,260046,1023756,260047,1,260049,1195666,260050,320000,260050,0,260051,61,260054,25,260044,1267200,260046,1958400,260047,0,260048,0,260045,41,260047,88,260047,0,260048,0,259948,1,started,
260049,100,260049,1,260146,1024032,260148,1,260149,443286,260149,320000,260149,0,260150,27,260153,11,260145,1267200,260146,1958400,260147,0,260148,0,260146,30,260147,27,260148,0,260148,0,260049,1,started,
260149,100,260149,1,260247,1024156,260248,1,260249,256332,260250,320000,260250,0,260251,11,260254,4,260245,1267200,260247,1958400,260248,0,260249,0,260246,0,260248,22,260248,0,260249,0,260148,1,started,
260249,100,260249,1,260347,1021676,260350,1,260351,553381,260351,320000,260352,0,260353,55,260357,19,260345,1267200,260348,1497600,260349,0,260350,0,260347,25,260349,70,260349,0,260350,0,260249,1,started,
260351,100,260351,1,260447,1022100,260450,1,260450,1351580,260451,320000,260451,0,260453,68,260456,26,260446,1267200,260448,1958400,260449,0,260450,0,260447,45,260449,100,260449,0,260450,0,260350,1,started,
260450,100,260451,1,260554,1022720,260557,1,260560,1243942,260561,320000,260563,0,260566,66,260581,25,260547,1267200,260555,1958400,260557,0,260558,0,260554,20,260556,100,260557,0,260559,0,260450,1,started,
260560,100,260560,1,260648,1023092,260649,1,260651,1989986,260652,320000,260653,0,260654,84,260656,33,260646,1958400,260648,1958400,260649,0,260650,0,260647,72,260649,100,260649,0,260650,0,260559,1,started,
260651,100,260651,1,260750,1023712,260758,1,260761,1200887,260765,320000,260766,0,260768,59,260778,24,260747,1267200,260752,1958400,260756,0,260758,0,260749,10,260754,100,260758,0,260760,0,260651,1,started,
260763,100,260763,1,260848,1023960,260850,1,260851,1816620,260851,320000,260852,0,260852,76,260855,30,260847,1958400,260848,1958400,260850,0,260850,0,260848,57,260849,100,260850,0,260850,0,260760,1,started,
260851,100,260851,1,260949,1025300,260951,1,260964,1149893,260969,320000,260971,0,260977,64,260980,26,260947,1267200,260949,1958400,260951,0,260952,0,260949,25,260950,90,260951,0,260961,0,260851,1,started,
260964,100,260968,1,261052,1025460,261055,1,261056,2544755,261057,320000,261058,0,261059,90,261065,33,261050,1958400,261052,1958400,261054,1958400,261055,0,261051,90,261053,90,261055,40,261056,0,260964,1,started,
261056,100,261056,1,261101,1025500,261104,1,261106,3007063,261107,320000,261109,0,261111,85,261126,57,261100,1958400,261102,1958400,261103,1958400,261105,0,261101,100,261103,100,261104,60,261105,0,261056,1,started,
261106,100,261106,1,261201,1025748,261204,1,261206,499043,261206,320000,261207,0,261207,11,261210,4,261200,1958400,261201,1958400,261203,1958400,261205,1958400,261201,11,261203,11,261204,11,261205,10,261106,1,started,
261206,100,261206,1,261302,1025164,261306,1,261308,441255,261308,320000,261309,0,261310,7,261313,6,261301,1958400,261303,1958400,261304,1958400,261306,1958400,261302,0,261304,20,261305,18,261307,0,261206,1,started,
261308,100,261308,1,261403,1022896,261407,1,261408,440413,261409,320000,261410,0,261411,42,261416,17,261401,1267200,261403,1267200,261405,960000,261408,0,261402,22,261405,63,261406,33,261408,0,261307,1,started,
261408,100,261409,1,261504,1023204,261509,1,261510,1343782,261512,320000,261512,0,261514,53,261518,27,261501,1267200,261505,1958400,261507,960000,261509,0,261503,33,261506,100,261508,20,261510,0,261408,1,started,
261511,100,261511,1,261604,1023560,261608,1,261610,1518144,261611,320000,261612,0,261613,50,261618,29,261602,1958400,261605,1958400,261606,960000,261609,0,261603,27,261606,100,261608,22,261609,0,261510,1,started,
261610,100,261611,1,261704,1023684,261709,1,261711,1217054,261712,320000,261713,0,261714,46,261719,24,261702,1958400,261705,1958400,261707,960000,261709,0,261704,0,261706,100,261708,27,261710,0,261610,1,started,
261711,100,261711,1,261808,1023680,261817,1,261820,1226720,261823,320000,261824,0,261826,51,261830,26,261803,1267200,261809,1958400,261815,0,261818,0,261806,16,261813,100,261816,0,261819,0,261710,1,started,
261822,100,261822,1,261904,1023856,261905,1,261906,1735716,261906,320000,261907,0,261908,71,261910,28,261903,1958400,261904,1958400,261905,0,261906,0,261903,50,261905,100,261905,0,261906,0,261820,1,started,
261906,100,261906,1,262005,1024948,262007,1,262008,1243942,262009,320000,262009,0,262010,60,262015,25,262003,1267200,262005,1958400,262007,0,262007,0,262004,20,262006,100,262007,0,262008,0,261906,1,started,
262008,100,262008,1,262105,1025776,262106,1,262107,1620140,262108,320000,262108,0,262109,66,262111,27,262103,1958400,262105,1958400,262106,0,262107,0,262104,70,262106,70,262106,0,262107,0,262008,1,started,
262107,100,262107,1,262209,1025776,262215,1,262217,2063,262217,320000,262219,0,262221,5,262227,3,262204,1267200,262209,1958400,262213,0,262215,0,262208,0,262212,0,262214,0,262215,0,262107,1,started,
262217,100,262217,1,262306,1022640,262308,1,262309,418139,262310,320000,262310,0,262311,13,262313,2,262304,1958400,262306,1958400,262307,0,262308,0,262305,25,262307,11,262307,0,262309,0,262216,1,started,
262309,100,262310,1,262406,1022716,262409,1,262410,596223,262410,320000,262411,0,262412,68,262419,21,262405,1267200,262407,1267200,262408,0,262409,0,262406,58,262408,80,262408,0,262409,0,262309,1,started,
262410,100,262410,1,262506,1023212,262508,1,262508,1412101,262509,320000,262509,0,262510,63,262512,23,262505,1958400,262506,1958400,262507,0,262508,0,262506,22,262507,100,262507,0,262508,0,262409,1,started,
262508,100,262508,1,262607,1023688,262610,1,262611,1373107,262612,320000,262613,0,262614,77,262616,29,262605,1267200,262607,1958400,262609,0,262610,0,262606,50,262608,100,262609,0,262610,0,262508,1,started,
262611,100,262611,1,262707,1023812,262708,1,262709,1539236,262709,320000,262710,0,262710,64,262713,26,262705,1958400,262707,1958400,262708,0,262708,0,262706,33,262708,100,262708,0,262709,0,262611,1,started,
262709,100,262709,1,262807,1024184,262809,1,262810,1312830,262811,320000,262811,0,262814,66,262822,28,262806,1267200,262808,1958400,262809,0,262810,0,262807,36,262809,100,262809,0,262810,0,262709,1,started,
262810,100,262810,1,262907,1024308,262909,1,262909,1620140,262910,320000,262910,0,262911,70,262914,28,262906,1958400,262907,1958400,262908,0,262909,0,262907,40,262908,100,262909,0,262909,0,262810,1,started,
262910,100,262910,1,263008,1025772,263010,1,263011,1214475,263012,320000,263013,0,263013,68,263020,26,263006,1267200,263008,1958400,263010,0,263011,0,263008,40,263009,90,263010,0,263011,0,262909,1,started,
263011,100,263012,1,263109,1026568,263112,1,263114,2039253,263115,320000,263115,0,263116,86,263120,36,263107,1958400,263109,1958400,263111,960000,263113,0,263108,80,263110,90,263112,33,263114,0,263011,1,started,
263114,100,263114,1,263209,1026808,263211,1,263212,623815,263213,320000,263213,0,263214,17,263224,9,263207,1958400,263209,1958400,263211,960000,263212,0,263208,20,263210,30,263211,20,263212,0,263114,1,started,
263212,100,263212,1,263309,1025776,263311,1,263312,845774,263312,320000,263313,0,263314,24,263317,15,263307,1958400,263309,1958400,263310,960000,263311,0,263308,33,263310,40,263311,0,263311,0,263212,1,started,
263312,100,263312,1,263409,1022996,263411,1,263411,983322,263412,320000,263413,0,263414,50,263416,22,263408,1267200,263409,1958400,263410,0,263411,0,263409,40,263410,70,263411,0,263411,0,263312,1,started,
263412,100,263412,1,263509,1023292,263511,1,263511,1481447,263512,320000,263512,0,263513,61,263515,24,263508,1958400,263509,1958400,263510,0,263511,0,263509,40,263510,88,263511,0,263511,0,263411,1,started,
263511,100,263512,1,263609,1023416,263611,1,263612,1331197,263612,320000,263613,0,263619,57,263622,21,263608,1958400,263610,1958400,263611,0,263611,0,263609,88,263610,27,263611,0,263611,0,263511,1,started,
263612,100,263612,1,263710,1023540,263712,1,263713,1620140,263713,320000,263714,0,263715,70,263717,30,263708,1958400,263710,1958400,263711,0,263712,0,263709,40,263711,100,263712,0,263713,0,263612,1,started,
263713,100,263713,1,263810,1023788,263812,1,263813,1677928,263814,320000,263814,0,263815,70,263818,29,263809,1958400,263810,1958400,263811,0,263812,0,263810,45,263811,100,263812,0,263813,0,263713,1,started,
263813,100,263813,1,263910,1023788,263912,1,263913,1643255,263914,320000,263914,0,263915,66,263917,30,263909,1958400,263911,1958400,263912,0,263912,0,263910,54,263911,88,263912,0,263913,0,263813,1,started,
263913,100,263913,1,264011,1023912,264013,1,264015,1080263,264016,320000,264016,0,264017,55,264020,23,264009,1958400,264011,1574400,264013,0,264014,0,264011,81,264012,20,264013,0,264014,0,263913,1,started,
264015,100,264015,1,264111,1024924,264114,1,264119,1312830,264120,320000,264121,0,264121,65,264124,27,264110,1958400,264111,1267200,264113,0,264116,0,264111,100,264112,36,264114,0,264117,0,264014,1,started,
264119,100,264119,1,264211,1025864,264214,1,264215,1677928,264216,320000,264216,0,264218,72,264222,27,264210,1958400,264212,1958400,264213,0,264214,0,264211,54,264213,91,264214,0,264215,0,264117,1,started,
264215,100,264215,1,264312,1025664,264314,1,264315,614620,264316,320000,264317,0,264317,21,264320,9,264310,1958400,264313,1958400,264314,0,264315,0,264312,33,264313,20,264314,0,264315,0,264215,1,started,
264316,100,264316,1,264412,1025612,264414,1,264414,295081,264415,320000,264415,0,264416,15,264418,6,264411,1267200,264412,1958400,264413,0,264414,0,264412,9,264413,22,264414,0,264414,0,264315,1,started,
264414,100,264415,1,264513,1022524,264515,1,264516,939366,264517,320000,264517,0,264518,47,264522,19,264511,1267200,264513,1958400,264515,0,264516,0,264512,11,264514,77,264515,0,264516,0,264414,1,started,
264516,100,264516,1,264612,1023092,264614,1,264615,1585466,264615,320000,264615,0,264616,72,264618,29,264611,1958400,264613,1958400,264614,0,264614,0,264612,37,264613,100,264614,0,264615,0,264516,1,started,
264615,100,264615,1,264722,1023340,264726,1,264728,1446774,264729,320000,264730,0,264731,60,264735,26,264712,1958400,264723,1958400,264725,0,264726,0,264713,25,264724,100,264725,0,264727,0,264615,1,started,
264728,100,264728,1,264814,1023464,264816,1,264818,1525453,264818,320000,264819,0,264820,75,264823,30,264812,1497600,264814,1958400,264816,0,264817,0,264813,58,264815,100,264816,0,264817,0,264727,1,started,
264818,100,264818,1,264916,1023928,264924,1,264926,1312830,264928,320000,264928,0,264930,69,264935,27,264912,1267200,264918,1958400,264920,0,264924,0,264915,36,264920,100,264922,0,264925,0,264817,1,started,
264926,100,264926,1,265014,1023928,265016,1,265017,1573909,265018,320000,265018,0,265019,63,265021,28,265012,1958400,265014,1958400,265015,0,265016,0,265013,36,265015,100,265016,0,265017,0,264926,1,started,
265017,100,265017,1,265114,1025160,265116,1,265116,1620140,265117,320000,265117,0,265118,70,265120,30,265113,1958400,265114,1958400,265115,0,265116,0,265114,40,265115,100,265115,0,265116,0,265017,1,started,
265116,100,265116,1,265217,1026240,265223,1,265225,1185009,265226,320000,265226,0,265227,72,265230,27,265213,1267200,265217,1958400,265219,0,265224,0,265216,60,265218,80,265219,0,265224,0,265116,1,started,
265225,100,265225,1,265315,1026528,265318,1,265319,2046254,265320,320000,265321,0,265322,64,265326,33,265313,1958400,265315,1958400,265316,960000,265318,960000,265314,77,265316,90,265317,25,265319,27,265225,1,started,
265320,100,265320,1,265415,1026508,265417,1,265419,464370,265419,320000,265420,0,265420,10,265424,6,265414,1958400,265416,1958400,265417,960000,265418,960000,265415,18,265416,22,265417,0,265418,0,265319,1,started,
265419,100,265419,1,265515,1023328,265518,1,265519,601881,265519,320000,265520,0,265520,15,265524,11,265514,1958400,265516,1958400,265517,960000,265518,960000,265515,25,265516,25,265517,0,265519,10,265419,1,started,
265519,100,265519,1,265616,1024104,265618,1,265618,1081004,265619,320000,265619,0,265620,46,265624,21,265614,1958400,265616,1267200,265617,0,265618,0,265615,90,265617,9,265617,0,265618,0,265519,1,started,
265618,100,265619,1,265718,1023512,265723,1,265723,1920640,265725,320000,265725,0,265727,85,265731,33,265717,1958400,265719,1958400,265721,0,265723,0,265718,100,265721,66,265721,0,265723,0,265618,1,started,
265723,100,265724,1,265819,1023512,265820,1,265821,1597024,265822,320000,265822,0,265823,68,265825,29,265817,1958400,265819,1958400,265820,0,265821,0,265818,72,265820,66,265820,0,265821,0,265723,1,started,
265821,100,265821,1,265919,1023512,265922,1,265923,1388986,265924,320000,265924,0,265925,60,265928,25,265918,1958400,265920,1958400,265921,0,265922,0,265919,100,265921,20,265921,0,265922,0,265821,1,started,
265923,100,265923,1,266020,1020760,266023,1,266024,1312830,266025,320000,266025,0,266026,66,266030,27,266018,1958400,266021,1267200,266022,0,266023,0,266020,100,266022,36,266023,0,266024,0,265923,1,started,
266024,100,266024,1,266120,1020760,266121,1,266123,1539236,266124,320000,266124,0,266125,68,266128,28,266118,1958400,266120,1958400,266121,0,266122,0,266119,100,266121,33,266121,0,266122,0,266024,1,started,
266123,100,266123,1,266220,1021888,266223,1,266225,1158504,266226,320000,266226,0,266228,59,266231,23,266219,1958400,266221,1267200,266223,0,266224,0,266220,90,266222,27,266223,0,266224,0,266122,1,started,
266225,100,266225,1,266321,1022784,266324,1,266325,989887,266326,320000,266327,0,266328,61,266331,21,266319,1958400,266321,1267200,266323,0,266324,0,266320,62,266322,63,266323,0,266324,0,266225,1,started,
266325,100,266325,1,266421,1022884,266423,1,266424,550480,266425,320000,266426,0,266426,25,266430,9,266419,1958400,266421,1267200,266423,0,266424,0,266420,40,266422,20,266423,0,266424,0,266325,1,started,
266424,100,266425,1,266521,1019740,266525,1,266526,261767,266527,320000,266528,0,266531,25,266540,8,266520,1958400,266521,1267200,266523,0,266525,0,266521,18,266523,12,266524,0,266525,0,266424,1,started,
266526,100,266527,1,266621,1020100,266623,1,266624,1735716,266625,320000,266625,0,266626,75,266628,27,266620,1958400,266622,1958400,266623,0,266623,0,266621,50,266622,100,266623,0,266623,0,266526,1,started,
266624,100,266624,1,266723,1020760,266729,1,266733,1296524,266734,320000,266736,0,266739,65,266748,26,266720,1958400,266723,1958400,266727,0,266731,0,266722,12,266725,100,266727,0,266731,0,266624,1,started,
266733,100,266733,1,266823,1021156,266825,1,266826,1781947,266827,320000,266827,0,266828,73,266831,30,266821,1958400,266823,1958400,266825,0,266825,0,266822,54,266824,100,266825,0,266826,0,266733,1,started,
266826,100,266827,1,266924,1021528,266928,1,266929,1365870,266931,320000,266931,0,266933,59,266938,25,266921,1958400,266925,1958400,266927,0,266928,0,266923,18,266926,100,266927,0,266929,0,266826,1,started,
266930,100,266930,1,267023,1022024,267025,1,267026,1677928,267027,320000,267027,0,267028,68,267030,28,267022,1958400,267023,1958400,267024,0,267025,0,267022,45,267024,100,267025,0,267026,0,266929,1,started,
267026,100,267026,1,267124,1022148,267127,1,267128,1284966,267129,320000,267130,0,267131,57,267136,23,267122,1958400,267124,1958400,267126,0,267127,0,267123,11,267125,100,267126,0,267127,0,267026,1,started,
267128,100,267128,1,267224,1023736,267226,1,267227,1666370,267228,320000,267228,0,267229,73,267232,29,267222,1958400,267224,1958400,267225,0,267226,0,267223,44,267225,100,267226,0,267227,0,267128,1,started,
267227,100,267227,1,267325,1024528,267329,1,267331,1141954,267332,320000,267332,0,267333,70,267339,29,267323,1267200,267326,1958400,267328,0,267330,0,267324,50,267328,80,267329,0,267330,0,267227,1,started,
267331,100,267331,1,267426,1025148,267430,1,267433,1367886,267440,320000,267446,0,267451,86,267463,31,267423,1267200,267426,1958400,267428,0,267431,0,267425,81,267427,88,267428,0,267433,0,267330,1,started,
267434,100,267434,1,267531,1025752,267540,1,267542,3515601,267542,200000,267543,0,267544,80,267549,47,267527,1958400,267532,1958400,267538,1958400,267541,1958400,267530,77,267536,81,267540,63,267542,83,267433,1,started,
267542,100,267542,1,267626,1026232,267629,1,267630,1632823,267631,200000,267631,0,267632,29,267638,24,267625,1958400,267627,1958400,267628,1958400,267629,1497600,267626,40,267627,50,267629,33,267630,33,267542,1,started,
267630,100,267631,1,267727,1026568,267731,1,267733,149950,267734,320000,267735,0,267736,7,267742,3,267725,1958400,267728,1958400,267729,1958400,267731,960000,267727,0,267729,9,267731,0,267733,20,267630,1,started,
267733,100,267734,1,267828,1024028,267831,1,267834,444373,267835,320000,267836,0,267837,25,267844,13,267826,1267200,267828,1958400,267830,1190400,267832,960000,267827,22,267829,18,267831,11,267833,45,267733,1,started,
267834,100,267834,1,267927,1024196,267929,1,267930,857332,267930,320000,267931,0,267933,46,267937,17,267926,1958400,267928,1958400,267929,0,267930,0,267927,30,267928,44,267929,0,267930,0,267834,1,started,
267930,100,267930,1,268028,1024300,268030,1,268043,1412101,268044,320000,268044,0,268045,69,268047,28,268026,1958400,268028,1958400,268029,0,268042,0,268027,22,268029,100,268029,0,268043,0,267930,1,started,
268043,100,268043,1,268128,1023476,268130,1,268132,1506438,268133,320000,268133,0,268134,76,268137,32,268127,1497600,268128,1958400,268130,0,268131,0,268128,55,268129,100,268130,0,268131,0,268043,1,started,
268132,100,268132,1,268229,1023672,268233,1,268237,1469890,268238,320000,268239,0,268239,61,268242,26,268227,1958400,268229,1958400,268231,0,268234,0,268228,27,268230,100,268232,0,268234,0,268131,1,started,
268238,100,268238,1,268329,1024020,268331,1,268332,1735716,268333,320000,268333,0,268334,75,268336,32,268327,1958400,268329,1958400,268330,0,268331,0,268328,50,268329,100,268330,0,268331,0,268237,1,started,
268332,100,268332,1,268429,1024328,268431,1,268433,1539236,268433,320000,268435,0,268438,63,268442,28,268428,1958400,268429,1958400,268431,0,268432,0,268429,33,268430,100,268431,0,268432,0,268331,1,started,
268433,100,268433,1,268529,1025332,268532,1,268534,1153369,268535,320000,268540,0,268547,65,268550,27,268528,1497600,268530,1958400,268531,0,268533,0,268529,54,268531,70,268532,0,268533,0,268432,1,started,
268534,100,268534,1,268630,1025704,268633,1,268634,816750,268635,320000,268636,0,268637,43,268641,15,268628,1267200,268631,1958400,268632,0,268633,0,268629,55,268631,50,268633,0,268634,0,268533,1,started,
268635,100,268635,1,268731,1025704,268734,1,268735,215307,268736,320000,268737,0,268738,15,268741,5,268729,1267200,268731,1958400,268733,0,268734,0,268730,20,268733,11,268733,0,268735,0,268634,1,started,
268735,100,268736,1,268831,1023084,268834,1,268836,497197,268838,320000,268839,0,268842,57,268853,19,268829,1267200,268831,1267200,268833,0,268835,0,268830,55,268833,60,268834,0,268835,0,268735,1,started,
268836,100,268837,1,268930,1023492,268933,1,268934,1504563,268935,320000,268936,0,268937,65,268940,23,268929,1958400,268931,1958400,268932,0,268933,0,268930,30,268931,100,268933,0,268934,0,268836,1,started,
268935,100,268935,1,269031,1023864,269033,1,269034,1585466,269035,320000,269036,0,269036,72,269039,27,269029,1958400,269031,1958400,269033,0,269034,0,269030,37,269032,100,269033,0,269034,0,268934,1,started,
269035,100,269035,1,269131,1023988,269133,1,269134,1516120,269134,320000,269135,0,269136,65,269138,27,269130,1958400,269132,1958400,269133,0,269134,0,269131,81,269132,50,269133,0,269134,0,269034,1,started,
269134,100,269134,1,269231,1024360,269234,1,269234,1469890,269235,320000,269235,0,269236,61,269238,27,269230,1958400,269232,1958400,269233,0,269234,0,269231,27,269233,100,269233,0,269234,0,269134,1,started,
269234,100,269234,1,269335,1024432,269341,1,269343,1273409,269345,320000,269347,0,269349,59,269356,25,269331,1958400,269336,1958400,269340,0,269342,0,269334,10,269339,100,269340,0,269343,0,269234,1,started,
269343,100,269344,1,269432,1025100,269434,1,269435,1920640,269435,320000,269436,0,269436,80,269439,33,269431,1958400,269433,1958400,269434,0,269434,0,269432,66,269434,100,269434,0,269435,0,269343,1,started,
269435,100,269435,1,269534,1026304,269535,1,269536,1562351,269536,320000,269537,0,269537,65,269540,28,269532,1958400,269534,1958400,269535,0,269536,0,269533,45,269535,90,269535,0,269536,0,269435,1,started,
269536,100,269536,1,269633,1026428,269635,1,269636,1273409,269636,320000,269637,0,269637,55,269640,24,269632,1958400,269634,1958400,269635,0,269635,0,269633,66,269634,44,269635,0,269636,0,269536,1,started,
269636,100,269636,1,269734,1026428,269736,1,269737,40812,269738,320000,269739,0,269739,5,269742,1,269732,1267200,269735,1958400,269736,0,269737,0,269733,9,269735,0,269736,0,269737,0,269636,1,started,
269738,100,269738,1,269834,1023436,269836,1,269837,933915,269838,320000,269838,0,269839,55,269842,18,269832,1958400,269835,1267200,269836,0,269837,0,269834,62,269835,50,269836,0,269837,0,269737,1,started,
269837,100,269837,1,269935,1023864,269938,1,269939,1235331,269940,320000,269941,0,269942,57,269945,25,269933,1958400,269935,1267200,269937,0,269938,0,269934,100,269937,18,269937,0,269939,0,269837,1,started,
269939,100,269940,1,270034,1024092,270036,1,270037,1388986,270037,320000,270038,0,270038,60,270040,18,270033,1958400,270035,1958400,270036,0,270036,0,270034,40,270035,80,270036,0,270036,0,269939,1,started,
270037,100,270037,1,270135,1024340,270136,1,270137,1274081,270138,320000,270138,0,270139,60,270141,27,270133,1267200,270135,1958400,270136,0,270137,0,270134,27,270136,100,270136,0,270137,0,270037,1,started,
270137,100,270137,1,270235,1024588,270237,1,270238,1200887,270242,320000,270243,0,270244,59,270246,24,270234,1267200,270235,1958400,270236,0,270237,0,270235,10,270236,100,270237,0,270237,0,270137,1,started,
270242,100,270242,1,270335,1024960,270337,1,270338,1781947,270338,320000,270339,0,270339,70,270341,30,270334,1958400,270336,1958400,270337,0,270337,0,270335,54,270336,100,270337,0,270338,0,270237,1,started,
270338,100,270338,1,270436,1024960,270437,1,270438,1273409,270450,320000,270451,0,270451,59,270454,25,270434,1958400,270436,1958400,270437,0,270438,0,270435,10,270437,100,270437,0,270438,0,270338,1,started,
270438,100,270438,1,270537,1026328,270539,1,270540,1299914,270540,320000,270541,0,270542,72,270546,29,270535,1267200,270537,1958400,270538,0,270539,0,270536,33,270538,100,270539,0,270540,0,270438,1,started,
270540,100,270540,1,270637,1026968,270639,1,270640,1001444,270641,320000,270642,0,270643,61,270647,21,270635,1267200,270638,1958400,270639,0,270640,0,270636,63,270639,63,270639,0,270640,0,270540,1,started,
270640,100,270640,1,270743,1027404,270746,1,270748,306342,270749,320000,270750,0,270750,21,270753,7,270736,1267200,270744,1728000,270745,0,270747,0,270743,30,270745,20,270746,0,270748,0,270640,1,started,
270748,100,270748,1,270838,1023020,270840,1,270841,924174,270841,320000,270842,0,270843,57,270846,21,270836,1958400,270838,1267200,270839,0,270840,0,270837,66,270839,37,270839,0,270840,0,270748,1,started,
270841,100,270841,1,270938,1023256,270939,1,270940,1192505,270940,320000,270941,0,270941,50,270944,15,270936,1958400,270938,1958400,270939,0,270940,0,270937,22,270939,81,270939,0,270940,0,270840,1,started,
270940,100,270940,1,271038,1023504,271040,1,271040,1388986,271041,320000,271041,0,271042,60,271044,26,271037,1958400,271038,1958400,271039,0,271040,0,271037,60,271039,60,271039,0,271040,0,270940,1,started,
271040,100,271040,1,271139,1023752,271142,1,271143,1021170,271144,320000,271145,0,271146,57,271149,23,271137,1958400,271139,1267200,271141,0,271142,0,271138,77,271140,30,271141,0,271143,0,271040,1,started,
271143,100,271144,1,271239,1024000,271240,1,271241,1400543,271241,320000,271242,0,271243,55,271245,20,271237,1958400,271239,1958400,271240,0,271241,0,271238,66,271240,55,271240,0,271241,0,271143,1,started,
271241,100,271241,1,271339,1024364,271341,1,271342,983322,271343,320000,271343,0,271344,57,271347,24,271338,1958400,271340,1267200,271341,0,271342,0,271339,70,271341,40,271341,0,271342,0,271241,1,started,
271342,100,271343,1,271439,1024488,271441,1,271441,1284966,271442,320000,271442,0,271443,57,271445,21,271438,1958400,271439,1958400,271440,0,271441,0,271439,11,271440,100,271441,0,271441,0,271342,1,started,
271442,100,271442,1,271540,1024736,271543,1,271544,1062555,271545,320000,271546,0,271547,54,271551,24,271538,1728000,271540,1958400,271541,0,271543,0,271539,100,271541,16,271542,0,271544,0,271441,1,started,
271545,100,271545,1,271640,1025884,271643,1,271644,1286997,271644,320000,271645,0,271646,65,271649,25,271639,1958400,271641,1267200,271642,0,271643,0,271640,100,271642,30,271642,0,271643,0,271544,1,started,
271644,100,271644,1,271741,1026604,271742,1,271743,1677928,271743,320000,271744,0,271744,72,271748,24,271739,1958400,271741,1958400,271742,0,271742,0,271740,55,271741,90,271742,0,271743,0,271643,1,started,
271743,100,271743,1,271841,1026684,271844,1,271844,1247073,271845,320000,271845,0,271846,30,271849,16,271839,1958400,271841,1958400,271842,1574400,271844,0,271841,44,271842,33,271843,50,271844,0,271743,1,started,
271844,100,271844,1,271941,1026684,271944,1,271945,464370,271946,320000,271946,0,271947,10,271950,6,271940,1958400,271942,1958400,271943,1574400,271945,0,271941,20,271943,20,271944,0,271945,0,271844,1,started,
271945,100,271946,1,272041,1024284,272044,1,272045,657307,272045,320000,272045,0,272046,32,272049,17,272040,1958400,272042,1958400,272043,960000,272044,0,272041,11,272042,40,272044,30,272044,0,271945,1,started,
272045,100,272045,1,272144,1024652,272148,1,272150,955131,272151,320000,272152,0,272153,42,272158,25,272141,1728000,272144,1267200,272146,960000,272149,0,272143,100,272146,18,272148,0,272149,0,272044,1,started,
272150,100,272150,1,272243,1025024,272248,1,272249,1548431,272250,320000,272251,0,272252,44,272258,28,272241,1958400,272244,1958400,272246,960000,272248,0,272243,100,272245,30,272247,20,272249,0,272150,1,started,
272250,100,272250,1,272343,1024472,272345,1,272346,928022,272347,320000,272347,0,272348,56,272350,24,272341,1958400,272343,1267200,272345,0,272346,0,272342,60,272344,54,272345,0,272346,0,272249,1,started,
272346,100,272347,1,272445,1024960,272450,1,272452,1365870,272455,320000,272455,0,272456,59,272458,23,272441,1958400,272446,1958400,272449,0,272450,0,272444,18,272448,100,272449,0,272450,0,272346,1,started,
272452,100,272454,1,272544,1025084,272546,1,272547,1666370,272547,320000,272548,0,272549,70,272552,29,272542,1958400,272544,1958400,272545,0,272546,0,272543,44,272545,100,272546,0,272546,0,272451,1,started,
272547,100,272547,1,272643,1025628,272645,1,272646,1286997,272646,320000,272647,0,272647,65,272650,25,272642,1267200,272644,1958400,272645,0,272645,0,272643,30,272644,100,272645,0,272646,0,272547,1,started,
272646,100,272646,1,272744,1027116,272746,1,272746,1539236,272747,320000,272747,0,272748,66,272750,27,272743,1958400,272744,1958400,272745,0,272746,0,272744,33,272745,100,272745,0,272746,0,272646,1,started,
272746,100,272746,1,272844,1027240,272846,1,272847,845774,272847,320000,272847,0,272848,35,272850,15,272843,1958400,272845,1958400,272845,0,272846,0,272844,40,272845,33,272846,0,272846,0,272746,1,started,
272847,100,272847,1,272945,1027240,272946,1,272947,163870,272947,320000,272948,0,272948,6,272950,3,272943,1958400,272945,1958400,272946,0,272946,0,272944,0,272945,14,272946,0,272947,0,272846,1,started,
272947,100,272947,1,273045,1024364,273047,1,273048,671671,273049,320000,273049,0,273050,38,273053,15,273044,1958400,273045,1497600,273047,0,273047,0,273045,36,273046,40,273047,0,273048,0,272947,1,started,
273048,100,273048,1,273148,1024464,273154,1,273156,1221215,273159,320000,273159,0,273161,59,273168,25,273144,1958400,273149,1497600,273152,0,273154,0,273146,100,273151,10,273154,0,273155,0,273048,1,started,
273157,100,273157,1,273246,1024712,273248,1,273249,1446774,273250,320000,273250,0,273251,62,273254,21,273244,1958400,273246,1958400,273247,0,273248,0,273245,100,273247,25,273248,0,273249,0,273156,1,started,
273249,100,273249,1,273346,1024160,273347,1,273348,1828178,273348,320000,273349,0,273350,78,273352,34,273344,1958400,273346,1958400,273347,0,273348,0,273345,70,273347,88,273347,0,273348,0,273249,1,started,
273348,100,273348,1,273446,1024160,273448,1,273448,1620140,273449,320000,273449,0,273450,70,273452,30,273445,1958400,273446,1958400,273447,0,273448,0,273446,100,273447,40,273447,0,273448,0,273348,1,started,
273448,100,273448,1,273547,1024284,273549,1,273549,1284598,273550,320000,273550,0,273551,60,273554,25,273545,1958400,273547,1497600,273548,0,273549,0,273546,100,273548,20,273548,0,273549,0,273448,1,started,
273549,100,273549,1,273650,1024800,273656,1,273658,1271921,273660,320000,273662,0,273664,62,273670,25,273646,1958400,273651,1497600,273655,0,273657,0,273649,100,273653,18,273655,0,273658,0,273549,1,started,
273658,100,273658,1,273747,1025976,273753,1,273754,1920640,273755,320000,273756,0,273757,82,273763,35,273746,1958400,273747,1958400,273753,0,273754,0,273747,100,273752,66,273753,0,273754,0,273658,1,started,
273754,100,273755,1,273847,1026100,273851,1,273853,1828178,273855,320000,273855,0,273858,78,273863,32,273846,1958400,273848,1958400,273849,0,273852,0,273847,77,273849,81,273850,0,273853,0,273754,1,started,
273853,100,273853,1,273948,1026100,273950,1,273951,383466,273952,320000,273952,0,273953,21,273956,9,273946,1958400,273949,1267200,273950,0,273951,0,273948,33,273949,0,273950,0,273951,0,273853,1,started,
273951,100,273951,1,274049,1022900,274052,1,274054,434904,274055,320000,274056,0,274057,25,274060,9,274047,1958400,274050,1267200,274051,0,274053,0,274048,30,274051,20,274052,0,274053,0,273951,1,started,
274054,100,274054,1,274149,1023460,274151,1,274152,555781,274153,320000,274153,0,274154,47,274157,15,274147,1497600,274149,1267200,274151,0,274152,0,274148,50,274150,55,274151,0,274152,0,274054,1,started,
274152,100,274152,1,274249,1023564,274251,1,274252,1107281,274253,320000,274253,0,274254,63,274257,20,274248,1958400,274250,1267200,274251,0,274252,0,274249,77,274250,50,274251,0,274252,0,274152,1,started,
274252,100,274252,1,274357,1023780,274359,1,274360,1067401,274360,320000,274361,0,274362,60,274374,24,274348,1958400,274357,1267200,274358,0,274359,0,274352,81,274358,30,274359,0,274360,0,274252,1,started,
274360,100,274360,1,274449,1024028,274451,1,274452,1735716,274452,320000,274453,0,274453,77,274456,25,274448,1958400,274450,1958400,274451,0,274451,0,274449,50,274450,100,274451,0,274452,0,274360,1,started,
274452,100,274452,1,274550,1024276,274552,1,274553,1328966,274553,320000,274554,0,274554,61,274561,27,274548,1497600,274550,1958400,274551,0,274552,0,274550,27,274551,100,274552,0,274552,0,274452,1,started,
274553,100,274553,1,274650,1024772,274652,1,274653,1735716,274654,320000,274655,0,274655,75,274658,31,274649,1958400,274650,1958400,274652,0,274653,0,274650,50,274651,100,274652,0,274653,0,274553,1,started,
274654,100,274654,1,274751,1024772,274753,1,274754,1274081,274754,320000,274755,0,274756,61,274766,26,274749,1267200,274751,1958400,274752,0,274753,0,274750,27,274752,100,274753,0,274753,0,274653,1,started,
274754,100,274754,1,274851,1026060,274853,1,274854,1666370,274855,320000,274856,0,274856,73,274859,30,274849,1958400,274851,1958400,274853,0,274854,0,274850,44,274852,100,274853,0,274854,0,274754,1,started,
274855,100,274855,1,274952,1027004,274955,1,274956,1081785,274957,320000,274958,0,274959,57,274962,24,274950,1497600,274953,1958400,274954,0,274955,0,274951,50,274954,66,274955,0,274956,0,274854,1,started,
274957,100,274957,1,275053,1027004,275056,1,275057,193699,275058,320000,275059,0,275059,10,275062,4,275051,1497600,275053,1958400,275055,0,275056,0,275052,12,275054,10,275055,0,275057,0,274956,1,started,
275057,100,275058,1,275153,1023764,275156,1,275157,277615,275158,320000,275158,0,275159,33,275163,12,275151,1267200,275154,1267200,275155,0,275156,0,275153,27,275155,37,275156,0,275157,0,275057,1,started,
275157,100,275157,1,275255,1024136,275260,1,275263,1274081,275264,320000,275265,0,275267,63,275271,20,275252,1267200,275256,1958400,275258,0,275261,0,275254,27,275258,100,275259,0,275262,0,275157,1,started,
275263,100,275263,1,275353,1024508,275356,1,275357,1735716,275357,320000,275358,0,275359,70,275361,31,275352,1958400,275354,1958400,275355,0,275356,0,275353,50,275355,100,275355,0,275356,0,275262,1,started,
275357,100,275357,1,275453,1024756,275455,1,275456,1319640,275456,320000,275457,0,275457,57,275460,24,275452,1958400,275454,1958400,275454,0,275455,0,275453,44,275454,70,275455,0,275455,0,275356,1,started,
275456,100,275456,1,275554,1024988,275556,1,275557,811006,275558,320000,275558,0,275559,60,275561,24,275553,1497600,275555,1728000,275556,0,275557,0,275554,100,275555,20,275556,0,275557,0,275455,1,started,
275557,100,275557,1,275654,1025360,275657,1,275658,1252553,275658,320000,275659,0,275659,63,275662,24,275653,1267200,275655,1958400,275656,0,275657,0,275654,22,275656,100,275656,0,275657,0,275557,1,started,
275658,100,275658,1,275758,1025484,275766,1,275769,1226720,275771,320000,275775,0,275776,61,275779,25,275753,1267200,275760,1958400,275764,0,275766,0,275757,16,275763,100,275766,0,275768,0,275657,1,started,
275770,100,275770,1,275855,1026596,275857,1,275858,1978428,275858,320000,275859,0,275860,84,275874,32,275853,1958400,275855,1958400,275856,0,275857,0,275854,71,275856,100,275856,0,275857,0,275768,1,started,
275858,100,275858,1,275955,1026660,275957,1,275958,1709441,275958,320000,275959,0,275959,78,275962,34,275954,1728000,275956,1958400,275957,0,275957,0,275955,63,275956,100,275957,0,275958,0,275857,1,started,
275958,100,275958,1,276058,1026956,276060,1,276061,1897186,276062,320000,276062,0,276064,78,276067,33,276056,1958400,276058,1958400,276060,960000,276061,0,276058,81,276059,75,276060,42,276061,0,275958,1,started,
276061,100,276061,1,276158,1026912,276160,1,276161,2198024,276162,200000,276162,0,276162,62,276165,35,276157,1958400,276158,1958400,276159,1958400,276161,0,276158,60,276159,70,276160,60,276161,0,276061,1,started,
276161,100,276161,1,276259,1026912,276262,1,276263,626178,276264,320000,276264,0,276265,17,276268,11,276257,1958400,276260,1958400,276261,1958400,276262,0,276259,36,276260,18,276262,0,276263,0,276161,1,started,
276263,100,276263,1,276359,1024164,276362,1,276371,139573,276372,320000,276372,0,276373,20,276376,12,276358,1267200,276360,1958400,276361,960000,276370,0,276359,0,276360,10,276362,10,276370,0,276263,1,started,
276371,100,276371,1,276459,1024684,276461,1,276462,1301805,276463,320000,276463,0,276464,48,276467,25,276458,1267200,276459,1958400,276460,960000,276462,0,276459,45,276460,90,276461,30,276462,0,276371,1,started,
276462,100,276462,1,276560,1025056,276563,1,276565,1295343,276566,320000,276566,0,276567,40,276571,20,276558,1958400,276560,1958400,276561,960000,276564,0,276559,100,276561,10,276563,10,276564,0,276462,1,started,
276565,100,276565,1,276660,1025428,276663,1,276664,1773779,276665,320000,276665,0,276666,58,276670,34,276658,1958400,276660,1267200,276662,1958400,276663,0,276660,100,276661,33,276663,41,276664,0,276565,1,started,
276664,100,276664,1,276761,1025552,276765,1,276766,1307079,276767,320000,276768,0,276769,45,276774,28,276759,1958400,276761,1267200,276763,1036800,276765,0,276760,100,276763,18,276764,27,276766,0,276664,1,started,
276767,100,276767,1,276861,1026048,276865,1,276866,1625346,276867,320000,276868,0,276869,50,276873,31,276859,1958400,276862,1267200,276863,1958400,276865,0,276860,100,276863,20,276864,33,276866,0,276766,1,started,
276866,100,276867,1,276961,1026048,276964,1,276965,1420874,276966,320000,276967,0,276967,44,276971,27,276959,1958400,276961,1958400,276963,1036800,276964,0,276960,100,276962,20,276964,12,276965,0,276866,1,started,
276965,100,276966,1,277061,1026420,277063,1,277063,1157832,277064,320000,277064,0,277065,51,277067,23,277060,1958400,277061,1958400,277062,0,277063,0,277061,90,277062,10,277062,0,277063,0,276965,1,started,
277063,100,277063,1,277161,1027152,277163,1,277164,709113,277164,320000,277164,0,277165,36,277167,15,277160,1958400,277161,1267200,277163,0,277163,0,277161,50,277162,30,277163,0,277163,0,277063,1,started,
277164,100,277164,1,277262,1027152,277264,1,277264,395024,277265,320000,277265,0,277266,17,277268,6,277260,1958400,277262,1958400,277263,0,277264,0,277261,12,277263,22,277263,0,277264,0,277163,1,started,
277264,100,277264,1,277363,1024172,277365,1,277366,411330,277366,320000,277367,0,277368,30,277371,11,277361,1267200,277363,1958400,277364,0,277365,0,277362,36,277364,22,277365,0,277366,0,277264,1,started,
277366,100,277366,1,277462,1024688,277464,1,277465,1781947,277465,320000,277466,0,277466,76,277468,30,277461,1958400,277463,1958400,277464,0,277464,0,277462,54,277463,100,277464,0,277465,0,277366,1,started,
277465,100,277465,1,277564,1025060,277569,1,277571,1388986,277573,320000,277574,0,277576,61,277581,25,277561,1958400,277564,1958400,277566,0,277570,0,277563,20,277565,100,277567,0,277570,0,277465,1,started,
277571,100,277572,1,277663,1025184,277665,1,277665,1735716,277666,320000,277666,0,277667,72,277669,31,277661,1958400,277663,1958400,277664,0,277665,0,277663,80,277664,70,277665,0,277665,0,277570,1,started,
277665,100,277666,1,277763,1025556,277765,1,277766,1504563,277766,320000,277767,0,277767,65,277770,28,277762,1958400,277764,1958400,277765,0,277765,0,277763,50,277764,80,277765,0,277765,0,277665,1,started,
277766,100,277766,1,277864,1025680,277866,1,277867,1388986,277868,320000,277868,0,277869,60,277871,25,277862,1958400,277864,1958400,277865,0,277866,0,277863,20,277865,100,277866,0,277867,0,277766,1,started,
277867,100,277867,1,277964,1026484,277966,1,277966,1316289,277967,320000,277967,0,277968,66,277970,26,277962,1497600,277964,1958400,277965,0,277966,0,277963,25,277965,100,277965,0,277966,0,277867,1,started,
277966,100,277966,1,278064,1027852,278066,1,278067,1214475,278067,320000,278067,0,278068,61,278070,25,278063,1267200,278064,1958400,278065,0,278066,0,278064,40,278065,90,278066,0,278066,0,277966,1,started,
278067,100,278067,1,278165,1027976,278167,1,278168,1851293,278168,320000,278169,0,278169,85,278178,35,278163,1958400,278165,1958400,278166,0,278167,0,278164,90,278166,70,278167,0,278167,0,278066,1,started,
278168,100,278168,1,278265,1027188,278267,1,278268,1411341,278269,320000,278269,0,278270,46,278274,25,278264,1958400,278265,1958400,278266,960000,278268,0,278265,63,278266,54,278267,26,278268,0,278167,1,started,
278268,100,278268,1,278365,1023756,278368,1,278368,707082,278369,320000,278369,0,278370,21,278373,12,278364,1958400,278366,1958400,278367,960000,278368,0,278365,20,278366,41,278367,0,278368,0,278268,1,started,
278368,100,278369,1,278466,1020312,278468,1,278469,739392,278469,320000,278469,0,278470,27,278473,15,278464,1958400,278466,1958400,278467,960000,278468,0,278465,30,278467,30,278468,20,278468,0,278368,1,started,
278469,100,278469,1,278573,1020508,278576,1,278578,1024346,278579,320000,278579,0,278580,60,278589,22,278566,1267200,278574,1958400,278576,0,278577,0,278568,20,278575,81,278576,0,278577,0,278469,1,started,
278578,100,278578,1,278666,1021012,278668,1,278668,1851293,278669,320000,278669,0,278670,77,278672,30,278665,1958400,278666,1958400,278667,0,278668,0,278666,60,278667,100,278668,0,278668,0,278577,1,started,
278668,100,278669,1,278767,1021252,278770,1,278771,979260,278772,320000,278773,0,278774,60,278776,24,278765,1497600,278767,1958400,278769,0,278770,0,278766,63,278768,50,278769,0,278771,0,278668,1,started,
278771,100,278772,1,278867,1021620,278869,1,278870,1412101,278871,320000,278871,0,278872,63,278875,26,278866,1958400,278867,1958400,278869,0,278870,0,278867,22,278868,100,278869,0,278870,0,278771,1,started,
278870,100,278871,1,278968,1022116,278973,1,278976,1274081,278980,320000,278981,0,278984,65,278993,27,278966,1267200,278968,1958400,278971,0,278974,0,278967,27,278970,100,278973,0,278976,0,278870,1,started,
278978,100,278978,1,279068,1022364,279070,1,279071,1735716,279072,320000,279072,0,279073,72,279075,29,279066,1958400,279068,1958400,279069,0,279070,0,279067,50,279069,100,279070,0,279070,0,278976,1,started,
279071,100,279071,1,279168,1023932,279171,1,279171,1351580,279173,320000,279174,0,279175,70,279182,30,279166,1267200,279169,1958400,279170,0,279171,0,279168,45,279170,100,279170,0,279171,0,279071,1,started,
279172,100,279172,1,279268,1024592,279271,1,279271,1851293,279272,320000,279272,0,279273,45,279276,23,279267,1958400,279269,1958400,279270,1958400,279271,0,279268,63,279269,57,279271,40,279271,0,279171,1,started,
279272,100,279272,1,279370,1024840,279376,1,279377,129197,279379,320000,279379,0,279380,3,279384,2,279367,1958400,279370,1497600,279373,1958400,279376,0,279369,11,279372,0,279375,0,279377,0,279271,1,started,
279378,100,279378,1,279470,1022544,279473,1,279474,354443,279475,320000,279475,0,279476,20,279481,10,279468,1267200,279470,1267200,279471,1958400,279473,0,279469,44,279471,11,279473,10,279474,0,279377,1,started,
279474,100,279474,1,279570,1022472,279573,1,279574,475669,279574,320000,279575,0,279575,60,279578,15,279568,1267200,279571,1267200,279573,0,279573,0,279570,20,279572,90,279573,0,279574,0,279474,1,started,
279574,100,279574,1,279670,1022968,279672,1,279673,1284966,279673,320000,279674,0,279674,55,279677,20,279669,1958400,279671,1958400,279672,0,279672,0,279670,100,279671,11,279672,0,279673,0,279574,1,started,
279673,100,279673,1,279771,1023456,279773,1,279774,686883,279774,320000,279774,0,279775,63,279777,22,279769,1958400,279771,1267200,279773,0,279773,0,279770,22,279772,100,279773,0,279773,0,279673,1,started,
279774,100,279774,1,279871,1023800,279873,1,279874,1365870,279875,320000,279876,0,279877,55,279879,23,279869,1958400,279871,1958400,279873,0,279874,0,279870,100,279872,18,279873,0,279874,0,279774,1,started,
279875,100,279875,1,279972,1024172,279974,1,279974,721556,279975,320000,279975,0,279976,66,279978,23,279970,1958400,279972,1267200,279973,0,279974,0,279971,25,279973,100,279973,0,279974,0,279874,1,started,
279974,100,279974,1,280072,1024668,280074,1,280075,1273409,280076,320000,280076,0,280077,55,280079,23,280070,1958400,280072,1958400,280073,0,280074,0,280071,100,280073,10,280074,0,280074,0,279974,1,started,
280075,100,280075,1,280172,1024792,280175,1,280177,1200887,280178,320000,280178,0,280180,55,280184,23,280170,1958400,280173,1267200,280175,0,280176,0,280172,100,280174,10,280175,0,280176,0,280075,1,started,
280177,100,280177,1,280273,1025728,280275,1,280276,988528,280277,320000,280277,0,280278,61,280281,22,280271,1958400,280273,1267200,280274,0,280275,0,280272,63,280274,60,280275,0,280276,0,280177,1,started,
280276,100,280276,1,280373,1027196,280376,1,280377,1373107,280378,320000,280379,0,280380,76,280384,28,280371,1958400,280373,1267200,280375,0,280376,0,280372,100,280375,50,280376,0,280377,0,280276,1,started,
280378,100,280378,1,280473,1027856,280484,1,280485,1179286,280486,320000,280486,0,280487,75,280491,26,280471,1958400,280476,1267200,280477,300000,280484,0,280473,76,280477,70,280479,80,280485,0,280377,1,started,
280485,100,280485,1,280574,1028104,280578,1,280585,1311075,280587,320000,280588,0,280590,74,280598,33,280572,1958400,280575,1267200,280576,960000,280578,0,280574,72,280576,70,280577,80,280583,0,280485,1,started,
280586,100,280586,1,280674,1027792,280676,1,280677,1375065,280678,320000,280678,0,280679,30,280682,21,280672,1958400,280674,1958400,280675,960000,280676,1958400,280673,30,280675,50,280676,20,280677,35,280584,1,started,
280677,100,280677,1,280774,1024556,280777,1,280779,410658,280780,320000,280780,0,280781,9,280786,8,280773,1958400,280775,1267200,280776,960000,280777,1958400,280774,22,280776,9,280777,0,280778,10,280677,1,started,
280779,100,280779,1,280875,1025092,280877,1,280878,1200887,280878,320000,280879,0,280879,33,280883,16,280873,1958400,280875,1267200,280876,1958400,280877,0,280874,20,280876,10,280877,80,280878,0,280778,1,started,
280878,100,280878,1,280975,1024928,280977,1,280977,892005,280978,320000,280978,0,280979,50,280981,13,280973,1958400,280975,1267200,280976,0,280977,0,280974,77,280976,0,280977,0,280977,0,280878,1,started,
280977,100,280978,1,281075,1024908,281078,1,281078,1157832,281079,320000,281079,0,281087,57,281090,23,281074,1958400,281076,1267200,281077,0,281078,0,281075,100,281077,0,281077,0,281078,0,280977,1,started,
281078,100,281079,1,281176,1025032,281178,1,281179,1000544,281179,320000,281180,0,281181,52,281193,19,281174,1958400,281176,1267200,281177,0,281178,0,281175,70,281177,44,281178,0,281178,0,281078,1,started,
281179,100,281179,1,281278,1025240,281284,1,281285,1157832,281286,320000,281288,0,281289,60,281294,21,281276,1958400,281280,1958400,281282,0,281284,0,281278,0,281281,100,281283,0,281284,0,281179,1,started,
281286,100,281286,1,281377,1025472,281379,1,281380,1330052,281380,320000,281381,0,281381,66,281385,27,281375,1267200,281377,1958400,281378,0,281379,0,281376,40,281378,100,281379,0,281379,0,281284,1,started,
281380,100,281380,1,281477,1025596,281482,1,281485,1252553,281486,320000,281488,0,281491,66,281500,26,281475,1267200,281478,1958400,281480,0,281482,0,281477,22,281479,100,281481,0,281483,0,281379,1,started,
281485,100,281486,1,281577,1027128,281579,1,281579,1793505,281580,320000,281580,0,281581,76,281584,31,281576,1958400,281577,1958400,281578,0,281579,0,281577,55,281578,100,281579,0,281579,0,281483,1,started,
281579,100,281580,1,281678,1027728,281679,1,281680,1134716,281681,320000,281681,0,281682,47,281685,21,281676,1958400,281678,1958400,281679,0,281680,0,281677,62,281679,36,281679,0,281680,0,281579,1,started,
281680,100,281680,1,281778,1027728,281780,1,281781,360351,281782,320000,281783,0,281784,20,281786,4,281777,1958400,281779,1958400,281780,0,281781,0,281778,11,281779,20,281780,0,281781,0,281680,1,started,
281782,100,281782,1,281878,1024584,281880,1,281880,478188,281881,320000,281881,0,281882,25,281885,13,281877,1958400,281878,1267200,281879,0,281880,0,281878,33,281879,22,281880,0,281880,0,281781,1,started,
281880,100,281881,1,281979,1025052,281981,1,281982,1136976,281983,320000,281983,0,281984,61,281987,19,281977,1958400,281979,1267200,281980,0,281981,0,281978,90,281980,22,281981,0,281982,0,281880,1,started,
281982,100,281982,1,282079,1025424,282081,1,282081,1573909,282082,320000,282082,0,282083,65,282085,27,282078,1958400,282079,1958400,282080,0,282081,0,282078,100,282080,36,282080,0,282081,0,281982,1,started,
282081,100,282081,1,282179,1025796,282181,1,282182,1423659,282182,320000,282183,0,282183,65,282186,26,282178,1958400,282180,1958400,282181,0,282181,0,282179,90,282180,33,282181,0,282182,0,282081,1,started,
282182,100,282182,1,282279,1026044,282281,1,282282,1504563,282282,320000,282283,0,282283,63,282285,26,282278,1958400,282280,1958400,282281,0,282281,0,282279,100,282280,30,282281,0,282282,0,282182,1,started,
282282,100,282282,1,282380,1026492,282382,1,282382,1243942,282383,320000,282383,0,282384,60,282387,25,282379,1958400,282380,1267200,282381,0,282382,0,282379,100,282381,20,282381,0,282382,0,282282,1,started,
282383,100,282383,1,282480,1026616,282482,1,282482,1284966,282483,320000,282483,0,282484,57,282486,24,282479,1958400,282480,1958400,282481,0,282482,0,282480,100,282481,11,282482,0,282482,0,282382,1,started,
282483,100,282483,1,282581,1027380,282582,1,282583,1044131,282583,320000,282584,0,282584,57,282587,23,282579,1958400,282581,1497600,282582,0,282583,0,282580,60,282582,55,282582,0,282583,0,282482,1,started,
282583,100,282583,1,282681,1028532,282683,1,282684,1469890,282685,320000,282685,0,282686,66,282690,26,282680,1958400,282681,1958400,282682,0,282683,0,282681,55,282682,72,282682,0,282683,0,282583,1,started,
282684,100,282684,1,282781,1028828,282784,1,282786,2180981,282787,320000,282787,0,282788,75,282792,36,282780,1958400,282782,1958400,282783,960000,282785,0,282781,88,282782,88,282784,66,282785,0,282683,1,started,
282786,100,282786,1,282882,1028932,282885,1,282886,543333,282887,200000,282887,0,282888,24,282891,11,282880,1958400,282882,1958400,282883,960000,282886,0,282881,20,282883,20,282885,36,282886,0,282785,1,started,
282886,100,282886,1,282983,1025980,282987,1,282992,272173,282993,200000,282994,0,282995,25,283009,11,282981,1267200,282984,1267200,282986,960000,282988,0,282982,30,282985,20,282987,25,282989,0,282886,1,started,
282992,100,282993,1,283083,1025096,283086,1,283087,1394635,283088,320000,283089,0,283090,84,283093,25,283081,1267200,283083,1958400,283085,0,283086,0,283082,55,283085,100,283086,0,283087,0,282992,1,started,
283087,100,283088,1,283184,1025588,283191,1,283192,1330052,283193,320000,283194,0,283195,71,283198,27,283182,1267200,283184,1958400,283187,0,283191,0,283183,40,283185,100,283187,0,283192,0,283087,1,started,
283192,100,283193,1,283283,1025836,283285,1,283285,1735716,283286,320000,283286,0,283287,72,283289,29,283282,1958400,283283,1958400,283284,0,283285,0,283283,60,283284,90,283284,0,283285,0,283192,1,started,
283285,100,283286,1,283385,1025816,283388,1,283390,1209498,283391,320000,283391,0,283392,61,283399,25,283382,1267200,283386,1958400,283388,0,283389,0,283384,12,283387,100,283388,0,283389,0,283285,1,started,
283390,100,283390,1,283484,1026188,283485,1,283486,1677928,283486,320000,283487,0,283487,71,283490,29,283482,1958400,283484,1958400,283485,0,283485,0,283483,45,283485,100,283485,0,283486,0,283389,1,started,
283486,100,283486,1,283584,1026188,283585,1,283586,1573909,283586,320000,283587,0,283588,66,283591,29,283582,1958400,283584,1958400,283585,0,283586,0,283583,36,283585,100,283585,0,283586,0,283486,1,started,
283586,100,283586,1,283684,1027528,283686,1,283687,1296524,283687,320000,283687,0,283688,61,283690,24,283683,1958400,283684,1958400,283685,0,283686,0,283684,12,283685,100,283686,0,283686,0,283586,1,started,
283687,100,283687,1,283785,1027900,283787,1,283788,719983,283788,320000,283789,0,283790,47,283794,17,283783,1267200,283785,1958400,283786,0,283787,0,283784,54,283786,42,283787,0,283788,0,283686,1,started,
283788,100,283788,1,283885,1027900,283887,1,283888,408842,283889,320000,283889,0,283890,26,283893,9,283884,1267200,283886,1958400,283887,0,283888,0,283885,22,283886,27,283887,0,283888,0,283788,1,started,
283888,100,283888,1,283985,1024656,283987,1,283987,428552,283988,320000,283988,0,283989,31,283991,10,283984,1958400,283985,1267200,283986,0,283987,0,283985,22,283986,40,283987,0,283987,0,283888,1,started,
283987,100,283988,1,284086,1025060,284088,1,284089,1412101,284090,320000,284090,0,284091,63,284094,23,284084,1958400,284086,1958400,284087,0,284088,0,284085,22,284087,100,284088,0,284089,0,283987,1,started,
284089,100,284089,1,284186,1025432,284188,1,284189,1388986,284190,320000,284190,0,284191,60,284194,25,284185,1958400,284186,1958400,284188,0,284189,0,284186,20,284187,100,284188,0,284189,0,284089,1,started,
284189,100,284190,1,284286,1025544,284288,1,284289,1388986,284289,320000,284290,0,284290,60,284295,25,284285,1958400,284287,1958400,284288,0,284288,0,284286,60,284287,60,284288,0,284289,0,284189,1,started,
284289,100,284289,1,284386,1025864,284388,1,284389,1446774,284393,320000,284393,0,284394,68,284396,27,284385,1958400,284387,1958400,284388,0,284388,0,284386,100,284387,25,284388,0,284389,0,284289,1,started,
284389,100,284392,1,284487,1026112,284489,1,284490,1273409,284493,320000,284493,0,284494,57,284496,25,284485,1958400,284487,1958400,284488,0,284489,0,284486,100,284488,10,284489,0,284489,0,284389,1,started,
284490,100,284492,1,284587,1026360,284589,1,284589,1334358,284590,320000,284590,0,284591,65,284601,27,284586,1958400,284587,1267200,284588,0,284589,0,284587,100,284588,41,284589,0,284589,0,284489,1,started,
284590,100,284590,1,284688,1027452,284689,1,284690,1388986,284690,320000,284691,0,284691,60,284695,24,284686,1958400,284688,1958400,284689,0,284689,0,284687,90,284689,30,284689,0,284690,0,284589,1,started,
284690,100,284690,1,284789,1028360,284791,1,284794,1874409,284795,320000,284797,0,284799,82,284812,35,284786,1958400,284790,1958400,284791,0,284791,0,284789,72,284791,90,284791,0,284792,0,284690,1,started,
284795,100,284795,1,284892,1028604,284900,1,284901,2351771,284902,320000,284902,0,284903,80,284907,35,284887,1958400,284892,1958400,284894,1728000,284900,0,284891,90,284894,83,284899,40,284900,0,284792,1,started,
284901,100,284901,1,284989,1028604,284993,1,284994,161508,284995,320000,284995,0,284996,3,284999,2,284987,1958400,284990,1958400,284992,960000,284994,0,284988,10,284991,0,284993,20,284994,0,284901,1,started,
284994,100,284994,1,285089,1027848,285091,1,285093,475928,285093,320000,285094,0,285094,20,285098,12,285087,1958400,285089,1958400,285090,1958400,285092,0,285088,11,285090,0,285091,30,285092,0,284994,1,started,
285093,100,285093,1,285190,1025728,285195,1,285196,398170,285197,320000,285197,0,285198,46,285202,14,285188,1267200,285190,1267200,285192,0,285195,0,285189,22,285191,70,285195,0,285196,0,285092,1,started,
285196,100,285196,1,285289,1026100,285291,1,285292,1573909,285292,320000,285293,0,285294,70,285296,27,285288,1958400,285290,1958400,285291,0,285291,0,285289,36,285290,100,285291,0,285292,0,285196,1,started,
285292,100,285292,1,285390,1026332,285393,1,285394,1252553,285403,320000,285403,0,285404,61,285407,25,285388,1267200,285390,1958400,285391,0,285393,0,285389,22,285391,100,285391,0,285394,0,285292,1,started,
285402,100,285402,1,285490,1026580,285492,1,285492,1400543,285493,320000,285493,0,285494,58,285496,26,285489,1958400,285490,1958400,285491,0,285492,0,285490,33,285491,88,285492,0,285492,0,285394,1,started,
285493,100,285493,1,285590,1026952,285592,1,285593,1299914,285594,320000,285595,0,285595,66,285605,28,285589,1267200,285591,1958400,285592,0,285593,0,285590,33,285592,100,285592,0,285593,0,285492,1,started,
285593,100,285594,1,285691,1022720,285693,1,285694,1620140,285694,320000,285695,0,285695,70,285698,28,285689,1958400,285691,1958400,285692,0,285693,0,285690,40,285692,100,285692,0,285693,0,285593,1,started,
285694,100,285694,1,285791,1023388,285793,1,285794,1390330,285795,320000,285795,0,285796,75,285798,29,285790,1267200,285791,1958400,285792,0,285793,0,285791,54,285792,100,285793,0,285794,0,285694,1,started,
285794,100,285794,1,285891,1024264,285903,1,285904,1342755,285905,320000,285906,0,285917,64,285925,25,285890,1958400,285892,1958400,285900,0,285903,0,285891,80,285895,36,285902,0,285904,0,285794,1,started,
285904,100,285904,1,285992,1024600,285995,1,285996,951137,285997,320000,285998,0,285999,42,286002,17,285990,1958400,285993,1267200,285994,0,285995,0,285991,62,285994,54,285994,0,285996,0,285904,1,started,
285996,100,285997,1,286093,1024600,286096,1,286097,45118,286098,320000,286099,0,286100,5,286104,1,286091,1958400,286093,1267200,286095,0,286097,0,286092,0,286095,10,286096,0,286097,0,285996,1,started,
286098,100,286098,1,286193,1022108,286195,1,286196,363726,286197,320000,286198,0,286199,44,286202,14,286191,1267200,286193,1267200,286195,0,286196,0,286192,44,286194,40,286195,0,286196,0,286097,1,started,
286197,100,286197,1,286295,1022300,286302,1,286304,1274081,286306,320000,286309,0,286310,65,286316,21,286292,1958400,286296,1267200,286299,0,286302,0,286293,100,286298,27,286300,0,286304,0,286196,1,started,
286304,100,286306,1,286393,1022836,286395,1,286396,1666370,286397,320000,286398,0,286399,70,286402,29,286392,1958400,286394,1958400,286395,0,286396,0,286393,100,286394,44,286395,0,286396,0,286304,1,started,
286397,100,286397,1,286493,1023332,286496,1,286497,1620140,286497,320000,286498,0,286499,70,286501,30,286492,1958400,286494,1958400,286495,0,286496,0,286493,100,286495,40,286495,0,286496,0,286396,1,started,
286497,100,286497,1,286596,1023828,286599,1,286601,1205192,286601,320000,286602,0,286603,61,286611,25,286594,1958400,286597,1267200,286598,0,286600,0,286596,100,286598,11,286599,0,286600,0,286496,1,started,
286601,100,286601,1,286694,1024076,286696,1,286696,1539236,286697,320000,286697,0,286698,64,286700,26,286692,1958400,286694,1958400,286695,0,286696,0,286693,100,286695,33,286695,0,286696,0,286600,1,started,
286696,100,286696,1,286795,1024572,286800,1,286803,1205192,286805,320000,286809,0,286811,61,286815,25,286793,1958400,286796,1267200,286799,0,286801,0,286794,100,286797,11,286799,0,286802,0,286696,1,started,
286803,100,286804,1,286895,1026056,286896,1,286897,1677928,286897,320000,286898,0,286898,68,286901,29,286893,1958400,286895,1958400,286896,0,286896,0,286894,100,286896,45,286896,0,286897,0,286802,1,started,
286897,100,286897,1,286995,1026636,287000,1,287001,1770390,287002,320000,287002,0,287003,79,287006,34,286994,1958400,286996,1958400,286997,0,287000,0,286995,81,286997,72,286999,0,287000,0,286897,1,started,
287001,100,287001,1,287096,1026888,287098,1,287098,1527678,287099,320000,287099,0,287100,60,287102,25,287094,1958400,287096,1958400,287097,0,287098,0,287095,72,287097,60,287097,0,287098,0,287001,1,started,
287098,100,287098,1,287197,1027100,287199,1,287200,65446,287201,320000,287202,0,287203,14,287207,5,287195,1267200,287197,1497600,287198,0,287199,0,287196,0,287198,10,287199,0,287200,0,287098,1,started,
287201,100,287201,1,287297,1024132,287299,1,287300,722029,287301,320000,287301,0,287312,38,287315,14,287295,1958400,287298,1267200,287299,0,287300,0,287296,50,287298,33,287299,0,287300,0,287200,1,started,
287300,100,287300,1,287397,1024704,287400,1,287401,1273409,287402,320000,287403,0,287404,59,287406,20,287395,1958400,287398,1958400,287399,0,287400,0,287397,10,287399,100,287399,0,287401,0,287300,1,started,
287401,100,287402,1,287497,1025076,287499,1,287500,1284966,287501,320000,287502,0,287503,57,287505,24,287496,1958400,287498,1958400,287499,0,287500,0,287497,11,287498,100,287499,0,287500,0,287401,1,started,
287501,100,287501,1,287598,1025448,287600,1,287601,1196566,287601,320000,287602,0,287603,66,287610,25,287596,1267200,287598,1958400,287599,0,287600,0,287597,60,287599,81,287600,0,287600,0,287500,1,started,
287601,100,287601,1,287698,1025820,287699,1,287700,1157832,287700,320000,287701,0,287702,50,287704,20,287696,1958400,287698,1958400,287699,0,287700,0,287697,100,287699,0,287699,0,287700,0,287601,1,started,
287700,100,287700,1,287798,1026316,287800,1,287800,932327,287801,320000,287801,0,287802,57,287805,22,287797,1958400,287798,1267200,287799,0,287800,0,287798,60,287799,55,287799,0,287800,0,287700,1,started,
287800,100,287800,1,287899,1026564,287902,1,287904,1469890,287906,320000,287907,0,287909,65,287915,26,287897,1958400,287899,1958400,287901,0,287902,0,287898,27,287900,100,287901,0,287904,0,287800,1,started,
287904,100,287904,1,287999,1027308,288001,1,288003,1620140,288004,320000,288004,0,288005,70,288007,29,287997,1958400,287999,1958400,288001,0,288002,0,287999,40,288000,100,288001,0,288002,0,287904,1,started,
288003,100,288003,1,288099,1028560,288101,1,288102,1388986,288102,320000,288103,0,288103,60,288106,25,288098,1958400,288099,1958400,288100,0,288101,0,288099,40,288100,80,288101,0,288101,0,288003,1,started,
288102,100,288102,1,288200,1029408,288203,1,288204,1631697,288205,320000,288205,0,288206,70,288211,28,288198,1958400,288201,1958400,288202,0,288203,0,288199,75,288202,66,288202,0,288203,0,288101,1,started,
288204,100,288204,1,288300,1028420,288301,1,288302,834216,288303,320000,288304,0,288304,31,288307,13,288298,1958400,288300,1958400,288301,0,288302,0,288299,50,288301,22,288301,0,288302,0,288204,1,started,
288303,100,288303,1,288400,1024984,288402,1,288403,949793,288404,320000,288404,0,288405,42,288407,17,288399,1958400,288400,1958400,288401,0,288402,0,288400,38,288401,44,288402,0,288403,0,288302,1,started,
288403,100,288403,1,288501,1025544,288503,1,288504,1273409,288505,320000,288505,0,288506,55,288508,23,288499,1958400,288501,1958400,288502,0,288503,0,288500,100,288502,10,288503,0,288504,0,288403,1,started,
288504,100,288504,1,288601,1025916,288604,1,288606,1390330,288607,320000,288607,0,288608,75,288611,29,288600,1958400,288602,1267200,288604,0,288605,0,288601,100,288603,54,288604,0,288605,0,288504,1,started,
288606,100,288606,1,288702,1026164,288708,1,288710,1286997,288712,320000,288713,0,288715,68,288723,26,288700,1958400,288703,1267200,288706,0,288708,0,288702,100,288704,30,288706,0,288709,0,288606,1,started,
288710,100,288711,1,288802,1026536,288804,1,288805,1735716,288806,320000,288806,0,288807,70,288809,31,288800,1958400,288802,1958400,288803,0,288804,0,288801,100,288803,50,288804,0,288805,0,288710,1,started,
288805,100,288805,1,288902,1026536,288905,1,288906,1388986,288908,320000,288910,0,288910,60,288916,25,288901,1958400,288903,1958400,288905,0,288906,0,288902,100,288903,20,288905,0,288906,0,288805,1,started,
288907,100,288908,1,289003,1027176,289006,1,289007,1330052,289008,320000,289009,0,289010,70,289014,28,289001,1958400,289004,1267200,289005,0,289006,0,289002,100,289005,40,289006,0,289007,0,288906,1,started,
289008,100,289008,1,289103,1028412,289105,1,289106,1257531,289107,320000,289107,0,289108,70,289112,26,289101,1958400,289103,1267200,289105,0,289105,0,289102,90,289104,50,289105,0,289106,0,289007,1,started,
289106,100,289106,1,289205,1028736,289209,1,289211,2371472,289212,320000,289212,0,289213,85,289220,37,289202,1958400,289205,1958400,289207,960000,289210,1958400,289204,90,289207,90,289209,58,289211,14,289106,1,started,
289211,100,289212,1,289304,1029108,289308,1,289310,209762,289311,320000,289311,0,289312,10,289318,6,289302,1958400,289305,1958400,289306,960000,289308,960000,289304,0,289306,10,289308,22,289309,20,289211,1,started,
289310,100,289310,1,289404,1029108,289408,1,289413,216120,289414,320000,289415,0,289416,10,289421,4,289402,1958400,289405,1267200,289406,1958400,289409,960000,289404,0,289406,10,289408,11,289413,20,289310,1,started,
289414,100,289414,1,289504,1025616,289507,1,289508,627308,289509,320000,289509,0,289510,36,289513,13,289503,1958400,289505,1267200,289506,0,289507,0,289504,50,289506,11,289507,0,289508,0,289413,1,started,
289508,100,289508,1,289604,1025788,289606,1,289607,1585466,289607,320000,289608,0,289608,72,289610,23,289603,1958400,289605,1958400,289606,0,289606,0,289604,37,289605,100,289606,0,289607,0,289508,1,started,
289607,100,289607,1,289706,1026160,289708,1,289709,1469890,289710,320000,289711,0,289711,61,289714,27,289703,1958400,289707,1958400,289708,0,289709,0,289705,27,289707,100,289708,0,289709,0,289607,1,started,
289710,100,289710,1,289805,1026268,289807,1,289807,1527678,289808,320000,289808,0,289809,66,289811,26,289804,1958400,289805,1958400,289806,0,289807,0,289805,55,289806,77,289806,0,289807,0,289709,1,started,
289807,100,289808,1,289905,1026844,289907,1,289908,1273409,289908,320000,289909,0,289909,52,289911,23,289904,1958400,289906,1958400,289907,0,289907,0,289905,10,289906,100,289907,0,289907,0,289807,1,started,
289908,100,289908,1,290006,1026968,290007,1,290008,1677928,290008,320000,290009,0,290009,71,290012,29,290004,1958400,290006,1958400,290007,0,290008,0,290005,45,290007,100,290007,0,290008,0,289908,1,started,
290008,100,290008,1,290106,1027216,290107,1,290108,1261851,290109,320000,290109,0,290110,55,290112,23,290104,1958400,290106,1958400,290107,0,290108,0,290105,9,290107,100,290107,0,290108,0,290008,1,started,
290108,100,290108,1,290207,1028584,290209,1,290210,1885966,290211,320000,290211,0,290212,76,290214,32,290205,1958400,290207,1958400,290209,0,290210,0,290207,63,290208,100,290209,0,290210,0,290108,1,started,
290210,100,290210,1,290307,1028872,290308,1,290309,926678,290310,320000,290310,0,290311,42,290313,16,290305,1958400,290307,1958400,290308,0,290309,0,290306,40,290308,40,290308,0,290309,0,290210,1,started,
290309,100,290309,1,290407,1028784,290408,1,290409,787986,290410,320000,290410,0,290410,31,290413,13,290405,1958400,290407,1958400,290408,0,290409,0,290406,50,290408,18,290408,0,290409,0,290309,1,started,
290409,100,290409,1,290507,1026148,290509,1,290509,903563,290513,320000,290514,0,290515,45,290520,19,290506,1958400,290507,1958400,290508,0,290509,0,290507,33,290508,45,290509,0,290509,0,290409,1,started,
290510,100,290513,1,290558,1026148,290560,1,290561,777055,290562,320000,290564,0,290566,90,290576,27,290556,1267200,290558,1267200,290559,0,290560,0,290557,80,290559,100,290560,0,290561,0,290509,1,started,
290561,100,290561,1,290657,1026688,290659,1,290660,1677928,290661,320000,290662,0,290663,71,290665,31,290656,1958400,290658,1958400,290659,0,290660,0,290657,45,290658,100,290659,0,290660,0,290561,1,started,
290661,100,290661,1,290759,1026380,290761,1,290761,1550793,290762,320000,290763,0,290764,68,290777,29,290757,1958400,290759,1958400,290760,0,290761,0,290758,90,290760,44,290760,0,290761,0,290660,1,started,
290761,100,290761,1,290858,1026380,290860,1,290861,1781947,290861,320000,290861,0,290862,70,290864,31,290857,1958400,290859,1958400,290860,0,290860,0,290858,54,290859,100,290860,0,290860,0,290761,1,started,
290861,100,290861,1,290959,1026752,290962,1,290963,1105638,290964,320000,290965,0,290966,57,290968,23,290957,1958400,290960,1497600,290961,0,290962,0,290959,90,290961,10,290962,0,290963,0,290861,1,started,
290963,100,290964,1,291059,1026752,291061,1,291061,1573909,291062,320000,291062,0,291063,65,291065,23,291058,1958400,291059,1958400,291060,0,291061,0,291059,36,291060,100,291060,0,291061,0,290963,1,started,
291061,100,291061,1,291160,1027248,291163,1,291165,1196581,291166,320000,291167,0,291168,52,291171,23,291158,1958400,291161,1267200,291162,0,291164,0,291160,100,291162,9,291163,0,291164,0,291061,1,started,
291165,100,291165,1,291261,1028464,291264,1,291265,1218109,291267,320000,291268,0,291277,68,291296,25,291259,1958400,291261,1267200,291263,0,291264,0,291260,100,291263,14,291263,0,291265,0,291164,1,started,
291266,100,291266,1,291362,1028672,291377,1,291384,2525243,291384,320000,291386,0,291387,77,291391,28,291360,1958400,291364,1267200,291375,1958400,291382,1958400,291361,100,291375,76,291377,33,291383,57,291265,1,started,
291384,100,291384,1,291462,1029168,291465,1,291466,892005,291467,320000,291467,0,291468,16,291471,14,291460,1958400,291462,1958400,291464,1958400,291465,1958400,291461,40,291463,25,291464,12,291466,0,291383,1,started,
291466,100,291467,1,291562,1029168,291566,1,291568,45118,291569,320000,291570,0,291571,5,291575,4,291561,1958400,291563,1267200,291565,1958400,291567,1958400,291562,0,291564,10,291566,0,291568,0,291466,1,started,
291569,100,291569,1,291662,1026300,291665,1,291666,834216,291666,320000,291667,0,291668,35,291670,14,291661,1958400,291663,1958400,291665,0,291666,0,291662,27,291664,45,291665,0,291666,0,291568,1,started,
291666,100,291666,1,291763,1026324,291766,1,291768,789698,291769,320000,291769,0,291770,57,291774,23,291761,1574400,291764,1267200,291765,0,291767,0,291763,100,291765,18,291766,0,291767,0,291666,1,started,
291768,100,291768,1,291864,1026688,291867,1,291868,1235331,291869,320000,291870,0,291871,57,291874,23,291862,1958400,291864,1267200,291866,0,291867,0,291863,100,291865,18,291866,0,291868,0,291767,1,started,
291868,100,291869,1,291963,1026688,291965,1,291965,1620140,291966,320000,291966,0,291967,70,291969,26,291962,1958400,291963,1958400,291964,0,291965,0,291963,40,291964,100,291965,0,291965,0,291868,1,started,
291965,100,291966,1,292063,1027056,292065,1,292066,1365870,292066,320000,292067,0,292067,57,292069,23,292062,1958400,292064,1958400,292065,0,292065,0,292063,88,292064,30,292065,0,292066,0,291965,1,started,
292066,100,292066,1,292164,1027304,292166,1,292166,1131901,292167,320000,292167,0,292168,60,292170,25,292162,1958400,292164,1728000,292165,0,292166,0,292164,22,292165,100,292166,0,292166,0,292066,1,started,
292167,100,292167,1,292264,1027428,292266,1,292267,1504563,292267,320000,292268,0,292269,63,292271,28,292263,1958400,292264,1958400,292265,0,292266,0,292263,30,292265,100,292265,0,292266,0,292166,1,started,
292267,100,292267,1,292365,1028700,292367,1,292368,1157832,292368,320000,292369,0,292370,58,292374,21,292363,1267200,292365,1958400,292366,0,292367,0,292364,0,292366,100,292366,0,292367,0,292266,1,started,
292368,100,292368,1,292465,1029280,292466,1,292467,1701043,292468,320000,292468,0,292469,75,292471,29,292463,1958400,292465,1958400,292466,0,292467,0,292464,66,292466,81,292466,0,292467,0,292368,1,started,
292467,100,292467,1,292565,1029280,292568,1,292569,181022,292570,320000,292570,0,292571,10,292574,4,292564,1497600,292566,1958400,292567,0,292568,0,292565,10,292567,10,292567,0,292568,0,292467,1,started,
292569,100,292569,1,292665,1026228,292668,1,292669,458338,292669,320000,292670,0,292671,40,292674,13,292664,1267200,292666,1574400,292667,0,292668,0,292665,40,292667,40,292667,0,292668,0,292569,1,started,
292669,100,292669,1,292771,1026724,292777,1,292779,1235331,292781,320000,292783,0,292784,64,292789,26,292765,1267200,292772,1958400,292775,0,292777,0,292769,18,292775,100,292777,0,292779,0,292669,1,started,
292779,100,292780,1,292866,1027060,292867,1,292868,1735716,292868,320000,292869,0,292869,71,292871,28,292864,1958400,292866,1958400,292867,0,292868,0,292865,50,292867,100,292867,0,292868,0,292779,1,started,
292868,100,292868,1,292966,1027288,292968,1,292969,1039280,292969,320000,292970,0,292970,52,292976,22,292965,1497600,292967,1958400,292968,0,292968,0,292966,36,292967,70,292968,0,292969,0,292868,1,started,
292969,100,292969,1,293066,1027780,293068,1,293069,1735716,293069,320000,293070,0,293070,75,293073,30,293065,1958400,293067,1958400,293068,0,293068,0,293066,50,293067,100,293068,0,293068,0,292969,1,started,
293069,100,293069,1,293167,1027780,293170,1,293172,1274081,293173,320000,293173,0,293175,65,293190,27,293165,1267200,293168,1958400,293169,0,293171,0,293167,27,293169,100,293170,0,293171,0,293068,1,started,
293172,100,293173,1,293267,1022888,293269,1,293269,1966870,293270,320000,293270,0,293271,82,293274,36,293266,1958400,293267,1958400,293268,0,293269,0,293267,100,293268,70,293268,0,293269,0,293171,1,started,
293269,100,293270,1,293367,1024172,293369,1,293370,1181698,293370,320000,293370,0,293371,57,293375,23,293366,1958400,293368,1497600,293369,0,293369,0,293367,90,293368,22,293369,0,293369,0,293269,1,started,
293370,100,293370,1,293469,1024792,293470,1,293471,1781947,293472,320000,293473,0,293474,80,293480,31,293467,1958400,293469,1958400,293470,0,293471,0,293468,66,293470,88,293470,0,293471,0,293370,1,started,
293471,100,293471,1,293569,1024956,293571,1,293571,1851293,293572,320000,293573,0,293573,78,293578,34,293567,1958400,293569,1958400,293570,0,293571,0,293569,80,293570,80,293571,0,293571,0,293471,1,started,
293571,100,293572,1,293669,1025176,293671,1,293672,267889,293672,320000,293673,0,293673,11,293676,5,293668,1958400,293670,1958400,293671,0,293671,0,293669,12,293670,11,293671,0,293671,0,293571,1,started,
293672,100,293672,1,293770,1021800,293773,1,293774,408842,293775,320000,293776,0,293777,28,293784,11,293768,1267200,293770,1958400,293771,0,293773,0,293769,22,293771,27,293772,0,293774,0,293672,1,started,
293774,100,293775,1,293870,1022684,293871,1,293872,1539236,293873,320000,293874,0,293874,68,293877,28,293868,1958400,293870,1958400,293871,0,293871,0,293869,33,293871,100,293871,0,293872,0,293774,1,started,
293872,100,293873,1,293970,1023056,293973,1,293974,1334358,293975,320000,293976,0,293976,68,293979,29,293969,1267200,293971,1958400,293973,0,293974,0,293970,41,293972,100,293973,0,293974,0,293872,1,started,
293974,100,293975,1,294070,1023552,294073,1,294074,1319640,294074,320000,294075,0,294076,64,294079,24,294069,1958400,294071,1958400,294072,0,294073,0,294070,14,294071,100,294072,0,294073,0,293974,1,started,
294074,100,294074,1,294171,1024084,294173,1,294174,1171479,294174,320000,294175,0,294175,59,294177,24,294169,1728000,294171,1958400,294173,0,294173,0,294170,90,294172,33,294173,0,294173,0,294073,1,started,
294174,100,294174,1,294271,1024332,294276,1,294278,1388986,294280,320000,294280,0,294282,63,294287,27,294270,1958400,294271,1958400,294274,0,294276,0,294271,20,294273,100,294274,0,294277,0,294174,1,started,
294278,100,294278,1,294372,1024952,294375,1,294377,1347274,294378,320000,294379,0,294380,70,294384,28,294370,1267200,294373,1958400,294375,0,294376,0,294371,44,294374,100,294375,0,294376,0,294278,1,started,
294377,100,294377,1,294472,1026688,294475,1,294476,1312830,294476,320000,294477,0,294494,68,294497,27,294470,1267200,294472,1958400,294474,0,294475,0,294471,36,294473,100,294474,0,294475,0,294377,1,started,
294476,100,294476,1,294572,1026936,294574,1,294576,1354313,294576,320000,294577,0,294578,47,294580,18,294571,1958400,294572,1958400,294574,0,294575,0,294572,63,294573,54,294574,0,294575,0,294475,1,started,
294576,100,294576,1,294672,1027060,294675,1,294676,360351,294676,320000,294677,0,294677,15,294680,6,294671,1958400,294673,1958400,294674,0,294675,0,294672,20,294674,11,294674,0,294675,0,294575,1,started,
294676,100,294676,1,294773,1024128,294776,1,294777,337893,294778,320000,294779,0,294780,42,294783,14,294771,1267200,294774,1267200,294776,0,294777,0,294773,45,294775,33,294776,0,294777,0,294675,1,started,
294777,100,294778,1,294874,1024684,294877,1,294878,1243942,294879,320000,294880,0,294881,60,294884,20,294872,1958400,294875,1267200,294876,0,294878,0,294873,100,294876,20,294877,0,294878,0,294777,1,started,
294879,100,294879,1,294974,1025056,294977,1,294978,1235331,294979,320000,294980,0,294981,57,294984,24,294972,1958400,294975,1267200,294976,0,294977,0,294974,100,294976,18,294977,0,294978,0,294878,1,started,
294979,100,294979,1,295075,1025428,295078,1,295079,1286997,295080,320000,295081,0,295082,65,295085,26,295073,1958400,295075,1267200,295077,0,295078,0,295074,100,295076,30,295077,0,295079,0,294978,1,started,
295079,100,295080,1,295174,1025924,295176,1,295176,1539236,295177,320000,295177,0,295178,65,295180,23,295173,1958400,295174,1958400,295175,0,295176,0,295174,33,295175,100,295176,0,295176,0,295079,1,started,
295177,100,295177,1,295274,1026420,295276,1,295277,1388986,295277,320000,295277,0,295278,63,295280,26,295273,1958400,295275,1958400,295275,0,295276,0,295274,20,295275,100,295276,0,295276,0,295176,1,started,
295277,100,295277,1,295375,1026660,295376,1,295377,1200887,295377,320000,295378,0,295379,55,295381,23,295373,1267200,295375,1958400,295376,0,295377,0,295374,10,295376,100,295376,0,295377,0,295277,1,started,
295377,100,295377,1,295475,1027548,295477,1,295477,1735716,295478,320000,295478,0,295479,72,295481,29,295473,1958400,295475,1958400,295476,0,295477,0,295474,50,295476,100,295476,0,295477,0,295377,1,started,
295477,100,295477,1,295576,1029000,295578,1,295578,1423659,295581,320000,295581,0,295582,63,295592,30,295574,1958400,295576,1958400,295577,0,295578,0,295575,90,295577,33,295577,0,295578,0,295477,1,started,
295578,100,295578,1,295681,1029276,295687,1,295689,1799747,295690,320000,295690,0,295691,69,295695,31,295679,1958400,295682,1958400,295685,960000,295688,0,295680,75,295684,72,295686,45,295688,0,295578,1,started,
295689,100,295689,1,295782,1029488,295786,1,295787,194688,295788,320000,295789,0,295790,7,295801,4,295780,1728000,295782,1958400,295784,960000,295786,0,295781,22,295784,0,295785,0,295787,0,295688,1,started,
295787,100,295788,1,295881,1025848,295884,1,295885,1134716,295885,320000,295886,0,295886,34,295889,19,295880,1958400,295882,1958400,295883,960000,295884,0,295881,54,295883,44,295884,0,295884,0,295787,1,started,
295885,100,295885,1,295982,1026116,295984,1,295985,1004177,295986,320000,295986,0,295987,48,295990,17,295980,1267200,295982,1958400,295983,0,295984,0,295981,18,295983,80,295984,0,295985,0,295885,1,started,
295985,100,295985,1,296082,1026488,296084,1,296085,1643255,296085,320000,296085,0,296086,68,296088,28,296081,1958400,296082,1958400,296083,0,296084,0,296082,54,296083,88,296084,0,296084,0,295985,1,started,
296085,100,296085,1,296182,1026612,296184,1,296185,1620140,296186,320000,296187,0,296187,66,296190,28,296181,1958400,296183,1958400,296184,0,296185,0,296182,100,296183,40,296184,0,296185,0,296084,1,started,
296186,100,296186,1,296283,1026860,296285,1,296285,1469890,296286,320000,296286,0,296287,61,296289,27,296281,1958400,296283,1958400,296284,0,296285,0,296282,27,296284,100,296284,0,296285,0,296185,1,started,
296285,100,296285,1,296384,1027012,296387,1,296388,1200887,296389,320000,296390,0,296391,55,296394,23,296382,1958400,296385,1267200,296386,0,296388,0,296383,100,296386,10,296387,0,296388,0,296285,1,started,
296389,100,296389,1,296484,1027012,296487,1,296488,1235331,296490,320000,296490,0,296491,57,296494,24,296482,1958400,296485,1267200,296486,0,296488,0,296483,100,296486,18,296487,0,296488,0,296388,1,started,
296489,100,296489,1,296584,1027632,296585,1,296586,1666370,296587,320000,296587,0,296588,70,296590,23,296582,1958400,296584,1958400,296585,0,296586,0,296583,44,296585,100,296585,0,296586,0,296488,1,started,
296586,100,296586,1,296686,1029436,296687,1,296688,1319640,296689,320000,296689,0,296690,62,296692,27,296684,1958400,296686,1958400,296687,0,296688,0,296685,77,296687,37,296687,0,296688,0,296586,1,started,
296688,100,296688,1,296786,1029560,296789,1,296790,841454,296790,320000,296791,0,296791,50,296795,19,296785,1958400,296787,1267200,296788,0,296789,0,296786,54,296788,50,296788,0,296789,0,296688,1,started,
296790,100,296790,1,296887,1029560,296890,1,296892,280577,296893,320000,296893,0,296894,20,296898,7,296885,1958400,296888,1267200,296889,0,296891,0,296887,20,296889,11,296890,0,296891,0,296789,1,started,
296892,100,296892,1,296987,1026444,296990,1,296991,406781,296991,320000,296992,0,296993,52,296997,16,296986,1267200,296988,1267200,296989,0,296990,0,296987,54,296989,40,296989,0,296990,0,296891,1,started,
296991,100,296991,1,297089,1026548,297095,1,297100,1243942,297101,320000,297102,0,297103,61,297106,22,297086,1958400,297091,1267200,297095,0,297097,0,297088,100,297093,20,297095,0,297097,0,296991,1,started,
297101,100,297101,1,297187,1026984,297189,1,297190,1539236,297190,320000,297190,0,297191,62,297193,26,297186,1958400,297188,1958400,297188,0,297189,0,297187,100,297188,33,297189,0,297189,0,297098,1,started,
297190,100,297190,1,297288,1027232,297290,1,297291,1469890,297295,320000,297295,0,297297,65,297303,28,297286,1958400,297288,1958400,297289,0,297290,0,297287,100,297289,27,297290,0,297291,0,297189,1,started,
297293,100,297293,1,297388,1027744,297390,1,297390,1620140,297391,320000,297391,0,297392,66,297394,29,297387,1958400,297388,1958400,297389,0,297390,0,297388,100,297389,40,297389,0,297390,0,297291,1,started,
297390,100,297390,1,297488,1027744,297491,1,297494,1412101,297496,320000,297496,0,297498,66,297502,26,297487,1958400,297489,1958400,297490,0,297492,0,297488,100,297490,22,297491,0,297493,0,297390,1,started,
297494,100,297494,1,297589,1028344,297591,1,297592,1312830,297592,320000,297593,0,297594,66,297597,27,297587,1958400,297589,1267200,297590,0,297591,0,297588,100,297590,36,297591,0,297592,0,297493,1,started,
297592,100,297592,1,297689,1029956,297692,1,297693,1299914,297694,320000,297694,0,297695,63,297698,24,297688,1958400,297690,1267200,297691,0,297692,0,297689,100,297691,33,297691,0,297693,0,297592,1,started,
297693,100,297693,1,297790,1030136,297796,1,297797,1805063,297798,320000,297799,0,297799,84,297805,34,297788,1958400,297790,1958400,297793,0,297796,0,297789,66,297792,90,297794,50,297797,0,297693,1,started,
297797,100,297798,1,297891,1030852,297894,1,297898,1864388,297899,320000,297901,0,297903,72,297910,45,297889,1958400,297891,1958400,297892,1190400,297894,0,297890,81,297892,57,297893,72,297897,0,297797,1,started,
297898,100,297898,1,297990,1029976,297993,1,297994,2556313,297994,320000,297995,0,297996,60,297999,41,297989,1958400,297991,1958400,297992,1958400,297993,1958400,297990,81,297991,70,297992,70,297994,0,297897,1,started,
297994,100,297994,1,298090,1029852,298093,1,298094,915120,298094,320000,298095,0,298096,19,298099,17,298089,1958400,298091,1958400,298092,1958400,298093,1958400,298090,25,298091,44,298093,10,298094,0,297994,1,started,
298094,100,298094,1,298192,1026736,298196,1,298199,500727,298200,320000,298201,0,298203,20,298209,14,298190,1958400,298193,1267200,298194,960000,298197,1958400,298191,11,298194,27,298196,11,298198,20,298094,1,started,
298199,100,298200,1,298292,1025704,298296,1,298297,1836192,298298,320000,298298,0,298299,61,298304,29,298290,1958400,298292,1958400,298294,960000,298296,0,298291,63,298294,90,298295,30,298296,0,298199,1,started,
298297,100,298297,1,298393,1025932,298398,1,298399,1197313,298401,320000,298401,0,298403,48,298408,27,298390,1267200,298394,1958400,298396,960000,298398,0,298392,0,298395,100,298397,18,298399,0,298297,1,started,
298400,100,298400,1,298493,1026180,298496,1,298498,1637939,298498,320000,298499,0,298500,51,298505,24,298491,1958400,298493,1958400,298495,960000,298497,0,298492,33,298494,100,298496,45,298497,0,298399,1,started,
298498,100,298498,1,298593,1026384,298598,1,298602,1274081,298606,320000,298607,0,298609,69,298618,27,298591,1267200,298594,1958400,298596,0,298600,0,298592,27,298595,100,298596,0,298600,0,298497,1,started,
298604,100,298604,1,298693,1026632,298695,1,298696,1539236,298697,320000,298698,0,298698,64,298701,26,298691,1958400,298693,1958400,298694,0,298695,0,298692,33,298694,100,298695,0,298696,0,298602,1,started,
298697,100,298697,1,298793,1027092,298797,1,298799,1446774,298800,320000,298801,0,298803,70,298809,28,298792,1958400,298794,1958400,298795,0,298798,0,298793,25,298795,100,298796,0,298798,0,298696,1,started,
298799,100,298799,1,298894,1028324,298895,1,298896,1562351,298897,320000,298897,0,298898,63,298900,27,298892,1958400,298894,1958400,298895,0,298896,0,298893,45,298895,90,298895,0,298896,0,298798,1,started,
298896,100,298896,1,298995,1028168,298998,1,298999,223918,299000,320000,299001,0,299002,15,299005,7,298993,1267200,298995,1958400,298997,0,298998,0,298994,22,298997,11,298997,0,298999,0,298896,1,started,
298999,100,299000,1,299096,1028168,299099,1,299100,203750,299101,320000,299102,0,299103,19,299107,4,299093,1267200,299096,1958400,299098,0,299099,0,299095,20,299098,10,299098,0,299099,0,298999,1,started,
299100,100,299101,1,299195,1025612,299198,1,299199,970405,299200,320000,299201,0,299202,56,299205,20,299194,1267200,299196,1958400,299197,0,299198,0,299195,37,299197,70,299198,0,299199,0,299100,1,started,
299200,100,299200,1,299296,1026052,299302,1,299304,1286997,299305,320000,299305,0,299306,68,299309,25,299294,1267200,299300,1958400,299301,0,299303,0,299295,30,299301,100,299302,0,299303,0,299199,1,started,
299304,100,299304,1,299396,1026280,299397,1,299398,1666370,299399,320000,299400,0,299400,70,299403,29,299394,1958400,299396,1958400,299397,0,299398,0,299395,44,299396,100,299397,0,299398,0,299303,1,started,
299399,100,299399,1,299496,1026528,299498,1,299499,1573909,299500,320000,299500,0,299501,66,299505,30,299495,1958400,299496,1958400,299497,0,299498,0,299495,36,299497,100,299498,0,299499,0,299398,1,started,
299499,100,299499,1,299596,1026776,299599,1,299600,1386011,299601,320000,299602,0,299603,69,299606,27,299595,1497600,299597,1958400,299598,0,299600,0,299596,36,299598,100,299599,0,299600,0,299499,1,started,
299601,100,299601,1,299697,1026900,299700,1,299702,1299914,299704,320000,299705,0,299707,68,299714,26,299695,1267200,299698,1958400,299700,0,299701,0,299697,33,299699,100,299700,0,299701,0,299600,1,started,
299703,100,299703,1,299797,1028064,299799,1,299800,1677928,299801,320000,299802,0,299803,71,299805,30,299796,1958400,299797,1958400,299799,0,299800,0,299796,45,299798,100,299799,0,299800,0,299701,1,started,
299801,100,299801,1,299898,1028732,299900,1,299901,1770390,299902,320000,299903,0,299903,77,299915,33,299896,1958400,299898,1958400,299899,0,299900,0,299897,72,299899,81,299900,0,299901,0,299800,1,started,
299901,100,299902,1,299999,1028772,300002,1,300002,1958349,300003,320000,300003,0,300004,75,300008,34,299998,1958400,299999,1958400,300001,960000,300002,0,299999,80,300000,83,300001,33,300002,0,299901,1,started,
300003,100,300003,1,300101,1029140,300110,1,300111,2159807,300112,200000,300113,0,300117,70,300122,39,300099,1958400,300101,1958400,300107,960000,300111,0,300100,100,300105,81,300110,30,300111,0,300002,1,started,
300112,100,300112,1,300201,1029336,300204,1,300206,1126195,300207,200000,300207,0,300208,23,300213,16,300199,1958400,300201,1958400,300203,960000,300205,1958400,300200,54,300202,25,300204,33,300206,12,300111,1,started,
300206,100,300206,1,300301,1029336,300313,1,300317,41544,300319,320000,300321,0,300323,11,300328,9,300299,1958400,300302,1958400,300304,960000,300314,1958400,300301,0,300303,0,300312,18,300316,0,300206,1,started,
300317,100,300317,1,300401,1026736,300406,1,300408,808811,300409,320000,300410,0,300411,40,300414,11,300400,1267200,300402,1267200,300404,1958400,300407,0,300401,70,300403,10,300405,40,300408,0,300316,1,started,
300408,100,300409,1,300502,1026496,300505,1,300507,1299914,300508,320000,300510,0,300511,63,300517,26,300500,1958400,300503,1267200,300504,0,300506,0,300501,100,300504,33,300505,0,300506,0,300408,1,started,
300508,100,300508,1,300602,1026672,300605,1,300606,1373107,300607,320000,300608,0,300609,72,300614,27,300600,1958400,300603,1267200,300604,0,300605,0,300601,100,300604,50,300605,0,300606,0,300507,1,started,
300607,100,300607,1,300702,1026400,300706,1,300708,1828178,300709,320000,300710,0,300712,80,300716,34,300701,1958400,300703,1958400,300705,0,300707,0,300702,77,300704,81,300706,0,300707,0,300606,1,started,
300708,100,300709,1,300803,1026400,300805,1,300806,1412101,300807,320000,300807,0,300808,63,300810,24,300801,1958400,300803,1958400,300804,0,300805,0,300802,100,300804,22,300805,0,300806,0,300707,1,started,
300806,100,300806,1,300903,1023332,300905,1,300906,1539236,300907,320000,300907,0,300908,68,300911,28,300901,1958400,300903,1958400,300905,0,300906,0,300903,100,300904,33,300905,0,300906,0,300806,1,started,
300906,100,300907,1,301005,1023456,301008,1,301009,1235331,301010,320000,301011,0,301013,60,301021,26,301002,1958400,301005,1267200,301007,0,301008,0,301004,100,301006,18,301007,0,301008,0,300906,1,started,
301009,100,301009,1,301104,1024896,301106,1,301107,1209483,301107,320000,301108,0,301109,70,301115,25,301102,1958400,301104,1267200,301105,0,301106,0,301103,81,301105,63,301106,0,301107,0,301009,1,started,
301107,100,301107,1,301204,1025392,301207,1,301208,870233,301209,320000,301210,0,301211,55,301215,21,301202,1958400,301205,1267200,301206,0,301207,0,301204,55,301206,54,301207,0,301208,0,301107,1,started,
301209,100,301209,1,301305,1025576,301307,1,301308,434904,301308,320000,301309,0,301310,23,301313,5,301303,1958400,301305,1267200,301306,0,301307,0,301304,30,301306,20,301307,0,301308,0,301208,1,started,
301308,100,301308,1,301405,1022572,301408,1,301409,377329,301410,320000,301411,0,301412,38,301416,13,301403,1958400,301405,1267200,301407,0,301408,0,301405,9,301406,63,301407,0,301409,0,301308,1,started,
301410,100,301410,1,301505,1023140,301507,1,301507,1504563,301508,320000,301508,0,301509,63,301511,21,301504,1958400,301505,1958400,301506,0,301507,0,301505,30,301506,100,301506,0,301507,0,301409,1,started,
301507,100,301508,1,301605,1023760,301607,1,301608,1330052,301608,320000,301609,0,301609,66,301612,27,301604,1267200,301606,1958400,301607,0,301607,0,301605,40,301606,100,301607,0,301608,0,301507,1,started,
301608,100,301608,1,301706,1024008,301708,1,301708,867745,301709,320000,301709,0,301710,52,301713,19,301704,1267200,301706,1958400,301707,0,301708,0,301706,40,301707,60,301707,0,301708,0,301608,1,started,
301708,100,301708,1,301806,1024380,301808,1,301809,1677928,301809,320000,301810,0,301810,71,301813,29,301805,1958400,301807,1958400,301808,0,301808,0,301806,100,301807,45,301808,0,301809,0,301708,1,started,
301809,100,301809,1,301907,1024752,301910,1,301912,1388986,301913,320000,301915,0,301916,63,301921,27,301905,1958400,301907,1958400,301910,0,301911,0,301906,100,301908,20,301910,0,301911,0,301809,1,started,
301913,100,301913,1,302007,1025124,302009,1,302010,1297274,302010,320000,302011,0,302011,58,302015,23,302006,1958400,302007,1497600,302009,0,302009,0,302007,100,302008,22,302009,0,302010,0,301912,1,started,
302010,100,302010,1,302107,1026512,302109,1,302110,1218109,302110,320000,302111,0,302111,64,302117,23,302106,1958400,302108,1267200,302109,0,302109,0,302107,100,302108,14,302109,0,302109,0,302010,1,started,
302110,100,302110,1,302208,1027484,302209,1,302210,1689486,302210,320000,302211,0,302211,73,302217,30,302206,1958400,302208,1958400,302209,0,302209,0,302207,66,302208,80,302209,0,302210,0,302110,1,started,
302210,100,302210,1,302308,1027880,302310,1,302310,2082447,302312,320000,302323,0,302325,92,302329,41,302306,1958400,302308,1958400,302309,0,302310,0,302307,90,302309,90,302309,0,302310,0,302210,1,started,
302310,100,302311,1,302408,1028324,302410,1,302412,2506732,302412,200000,302413,0,302414,48,302417,37,302407,1958400,302408,1958400,302409,1958400,302411,1497600,302408,60,302409,77,302410,66,302411,25,302310,1,started,
302412,100,302412,1,302509,1028536,302514,1,302517,395024,302517,320000,302519,0,302520,9,302527,7,302507,1958400,302509,1958400,302511,1958400,302514,1497600,302508,9,302511,0,302513,25,302516,0,302411,1,started,
302517,100,302517,1,302609,1025884,302611,1,302613,1094080,302613,320000,302614,0,302614,25,302618,21,302608,1958400,302609,1958400,302610,1958400,302612,1497600,302609,25,302610,20,302611,44,302613,10,302516,1,started,
302613,100,302613,1,302712,1026076,302716,1,302718,1053813,302720,320000,302722,0,302724,56,302735,24,302708,1958400,302713,1958400,302716,0,302717,0,302711,11,302714,80,302716,0,302718,0,302613,1,started,
302720,100,302720,1,302810,1026488,302814,1,302815,1373107,302816,320000,302816,0,302817,72,302821,27,302808,1267200,302811,1958400,302813,0,302814,0,302810,50,302812,100,302813,0,302814,0,302718,1,started,
302815,100,302815,1,302911,1026984,302914,1,302916,1573909,302917,320000,302919,0,302921,66,302927,27,302909,1958400,302911,1958400,302913,0,302915,0,302910,36,302912,100,302914,0,302915,0,302815,1,started,
302917,100,302917,1,303011,1025500,303012,1,303013,1666370,303013,320000,303014,0,303014,73,303024,31,303009,1958400,303011,1958400,303012,0,303013,0,303010,44,303012,100,303012,0,303013,0,302916,1,started,
303013,100,303013,1,303111,1024552,303112,1,303113,1735716,303113,320000,303114,0,303114,75,303117,32,303109,1958400,303111,1958400,303112,0,303113,0,303110,50,303112,100,303112,0,303113,0,303013,1,started,
303113,100,303113,1,303212,1024948,303218,1,303219,1235331,303220,320000,303220,0,303222,57,303224,25,303210,1267200,303213,1958400,303217,0,303218,0,303211,18,303215,100,303217,0,303218,0,303113,1,started,
303219,100,303219,1,303311,1025976,303313,1,303314,1885966,303316,320000,303316,0,303317,80,303320,34,303310,1958400,303312,1958400,303313,0,303313,0,303311,63,303312,100,303313,0,303314,0,303219,1,started,
303314,100,303315,1,303412,1025904,303414,1,303414,753313,303415,320000,303415,0,303416,33,303418,13,303410,1958400,303412,1958400,303413,0,303414,0,303411,54,303413,11,303413,0,303414,0,303314,1,started,
303414,100,303414,1,303514,1025484,303516,1,303516,314120,303517,320000,303517,0,303519,10,303521,4,303512,1958400,303514,1958400,303515,0,303516,0,303513,27,303515,0,303515,0,303516,0,303414,1,started,
303517,100,303517,1,303614,1023056,303617,1,303618,1068760,303618,320000,303619,0,303620,57,303623,22,303613,1958400,303615,1267200,303616,0,303617,0,303614,80,303616,33,303616,0,303617,0,303516,1,started,
303618,100,303618,1,303716,1023400,303720,1,303722,1200887,303723,320000,303724,0,303726,59,303730,24,303714,1958400,303717,1267200,303719,0,303721,0,303715,100,303718,10,303720,0,303721,0,303617,1,started,
303722,100,303723,1,303822,1023752,303825,1,303826,1286997,303827,320000,303828,0,303829,63,303832,24,303814,1958400,303823,1267200,303824,0,303826,0,303815,100,303824,30,303825,0,303826,0,303722,1,started,
303827,100,303827,1,303916,1023876,303919,1,303920,1243942,303921,320000,303922,0,303923,61,303925,25,303914,1958400,303916,1267200,303918,0,303919,0,303915,100,303917,20,303918,0,303920,0,303826,1,started,
303920,100,303920,1,304016,1024372,304019,1,304020,1299914,304021,320000,304022,0,304024,63,304029,26,304014,1958400,304017,1267200,304018,0,304019,0,304016,100,304018,33,304019,0,304020,0,303920,1,started,
304021,100,304021,1,304116,1024496,304117,1,304118,1620140,304119,320000,304119,0,304120,66,304122,28,304114,1958400,304116,1958400,304117,0,304118,0,304115,100,304117,40,304117,0,304118,0,304020,1,started,
304118,100,304118,1,304217,1025164,304219,1,304220,1330052,304221,320000,304221,0,304222,70,304224,29,304215,1958400,304217,1267200,304218,0,304219,0,304216,100,304218,40,304219,0,304220,0,304118,1,started,
304220,100,304220,1,304318,1026860,304325,1,304326,1666370,304327,320000,304328,0,304329,72,304331,30,304315,1958400,304322,1958400,304324,0,304325,0,304316,90,304324,54,304324,0,304326,0,304220,1,started,
304326,100,304327,1,304417,1026824,304418,1,304419,1019139,304420,320000,304420,0,304421,41,304424,17,304415,1958400,304417,1958400,304418,0,304418,0,304416,44,304418,44,304418,0,304419,0,304326,1,started,
304419,100,304419,1,304517,1026824,304519,1,304519,487486,304520,320000,304520,0,304521,21,304523,9,304516,1958400,304517,1958400,304518,0,304519,0,304516,20,304518,22,304518,0,304519,0,304419,1,started,
304519,100,304519,1,304618,1023284,304620,1,304621,529396,304621,320000,304622,0,304623,43,304625,14,304616,1958400,304618,1267200,304619,0,304620,0,304617,27,304619,50,304620,0,304621,0,304519,1,started,
304621,100,304621,1,304719,1023976,304724,1,304725,1273409,304727,320000,304729,0,304730,55,304737,23,304716,1958400,304720,1958400,304722,0,304724,0,304718,100,304721,10,304723,0,304725,0,304621,1,started,
304726,100,304727,1,304818,1024224,304819,1,304820,1735716,304820,320000,304821,0,304821,72,304824,29,304816,1958400,304818,1958400,304819,0,304820,0,304817,100,304819,50,304819,0,304820,0,304725,1,started,
304820,100,304820,1,304918,1024572,304920,1,304920,1458332,304921,320000,304921,0,304922,61,304930,28,304917,1958400,304918,1958400,304919,0,304920,0,304918,90,304919,36,304919,0,304920,0,304820,1,started,
304920,100,304920,1,305018,1024944,305020,1,305021,1677928,305021,320000,305021,0,305022,71,305024,29,305017,1958400,305019,1958400,305020,0,305020,0,305018,100,305019,45,305020,0,305020,0,304920,1,started,
305021,100,305021,1,305119,1025068,305121,1,305122,1388986,305123,320000,305125,0,305127,63,305133,25,305117,1958400,305119,1958400,305121,0,305121,0,305119,100,305120,20,305121,0,305122,0,305021,1,started,
305123,100,305123,1,305219,1025856,305222,1,305223,1347274,305224,320000,305225,0,305226,73,305229,27,305218,1958400,305220,1267200,305221,0,305222,0,305219,100,305221,44,305221,0,305223,0,305122,1,started,
305223,100,305224,1,305321,1027204,305329,1,305331,1351580,305332,320000,305332,0,305333,70,305346,27,305318,1958400,305321,1267200,305328,0,305330,0,305320,100,305327,45,305329,0,305331,0,305223,1,started,
305331,100,305331,1,305420,1027164,305423,1,305425,1076581,305425,320000,305426,0,305427,22,305431,11,305418,1958400,305420,1267200,305422,960000,305423,1958400,305420,44,305421,25,305423,14,305424,37,305331,1,started,
305425,100,305425,1,305520,1027164,305524,1,305525,66970,305526,320000,305527,0,305527,5,305532,2,305519,1958400,305521,1267200,305522,960000,305524,1958400,305520,0,305522,11,305523,8,305525,0,305425,1,started,
305525,100,305525,1,305621,1023952,305626,1,305627,532779,305629,320000,305630,0,305631,42,305637,19,305619,1267200,305622,1267200,305624,960000,305626,0,305621,55,305623,54,305625,28,305627,0,305525,1,started,
305628,100,305628,1,305722,1023880,305726,1,305728,1548431,305729,320000,305730,0,305731,46,305736,24,305720,1958400,305723,1958400,305724,960000,305727,0,305721,30,305724,100,305726,20,305727,0,305627,1,started,
305728,100,305729,1,305822,1024092,305830,1,305831,1252553,305832,320000,305833,0,305834,53,305838,28,305820,1267200,305822,1958400,305829,0,305830,0,305821,22,305828,100,305830,0,305831,0,305728,1,started,
305831,100,305832,1,305921,1024092,305926,1,305928,1388986,305929,320000,305930,0,305933,57,305936,23,305920,1958400,305922,1958400,305923,0,305926,0,305921,90,305923,30,305924,0,305926,0,305831,1,started,
305928,100,305928,1,306022,1024580,306024,1,306024,1735716,306025,320000,306025,0,306026,72,306029,30,306020,1958400,306022,1958400,306023,0,306024,0,306021,50,306023,100,306023,0,306024,0,305927,1,started,
306024,100,306024,1,306122,1024580,306125,1,306126,1504563,306127,320000,306128,0,306130,65,306136,27,306121,1958400,306123,1958400,306124,0,306125,0,306122,30,306124,100,306124,0,306125,0,306024,1,started,
306126,100,306126,1,306222,1025200,306224,1,306224,1620140,306225,320000,306225,0,306226,70,306228,29,306221,1958400,306223,1958400,306223,0,306224,0,306222,40,306223,100,306224,0,306224,0,306126,1,started,
306225,100,306225,1,306323,1026664,306332,1,306345,1296524,306347,320000,306348,0,306350,61,306353,24,306321,1958400,306323,1958400,306329,0,306333,0,306322,12,306329,100,306330,0,306339,0,306224,1,started,
306345,100,306346,1,306431,1026704,306441,1,306443,1258202,306443,320000,306444,0,306445,82,306447,29,306422,1267200,306431,1958400,306436,0,306441,0,306425,77,306436,80,306439,0,306442,0,306343,1,started,
306443,100,306443,1,306524,1026704,306526,1,306526,656007,306527,320000,306527,0,306528,20,306531,7,306522,1958400,306524,1497600,306525,0,306526,0,306523,50,306525,12,306525,0,306526,0,306442,1,started,
306526,100,306527,1,306624,1023392,306627,1,306628,248851,306628,320000,306629,0,306631,14,306634,5,306622,1958400,306625,1267200,306626,0,306627,0,306624,18,306625,9,306626,0,306627,0,306526,1,started,
306628,100,306628,1,306724,1023836,306726,1,306726,1365870,306727,320000,306727,0,306728,64,306730,24,306723,1958400,306724,1958400,306725,0,306726,0,306724,90,306725,28,306725,0,306726,0,306627,1,started,
306726,100,306726,1,306824,1024208,306826,1,306827,1365870,306832,320000,306833,0,306834,60,306836,25,306823,1958400,306825,1958400,306826,0,306826,0,306824,100,306825,18,306826,0,306827,0,306726,1,started,
306827,100,306832,1,306926,1024456,306928,1,306929,1316289,306930,320000,306931,0,306931,62,306934,24,306925,1958400,306927,1497600,306928,0,306928,0,306926,100,306927,25,306928,0,306929,0,306827,1,started,
306930,100,306930,1,307027,1024788,307028,1,307029,1296524,307029,320000,307030,0,307030,57,307033,22,307025,1958400,307027,1958400,307028,0,307029,0,307026,22,307028,90,307028,0,307029,0,306929,1,started,
307029,100,307029,1,307129,1025160,307135,1,307139,1235331,307141,320000,307141,0,307143,60,307149,27,307126,1267200,307131,1958400,307134,0,307137,0,307128,18,307133,100,307135,0,307137,0,307029,1,started,
307139,100,307139,1,307227,1025160,307229,1,307229,1539236,307230,320000,307230,0,307231,64,307233,24,307226,1958400,307227,1958400,307228,0,307229,0,307227,33,307228,100,307229,0,307229,0,307138,1,started,
307229,100,307230,1,307328,1026052,307332,1,307336,1286997,307338,320000,307340,0,307344,70,307353,30,307326,1267200,307329,1958400,307330,0,307333,0,307328,30,307330,100,307331,0,307334,0,307229,1,started,
307336,100,307336,1,307429,1027048,307431,1,307432,2009726,307432,320000,307433,0,307433,66,307436,33,307427,1958400,307429,1958400,307430,960000,307431,0,307428,72,307430,100,307431,9,307432,0,307335,1,started,
307432,100,307432,1,307529,1027164,307532,1,307533,256332,307534,320000,307535,0,307536,7,307539,5,307527,1958400,307529,1958400,307530,960000,307532,0,307528,11,307530,11,307531,0,307533,0,307432,1,started,
307533,100,307534,1,307630,1026576,307634,1,307636,204138,307637,320000,307637,0,307638,10,307641,6,307628,1958400,307630,1497600,307632,960000,307636,0,307629,12,307631,10,307634,0,307636,0,307533,1,started,
307636,100,307636,1,307729,1024444,307731,1,307732,1248886,307732,320000,307733,0,307733,52,307736,21,307728,1728000,307730,1958400,307731,0,307731,0,307729,50,307730,70,307731,0,307732,0,307636,1,started,
307732,100,307732,1,307830,1025004,307836,1,307840,1243942,307845,320000,307847,0,307849,63,307858,25,307828,1267200,307831,1958400,307834,0,307838,0,307830,20,307833,100,307835,0,307838,0,307732,1,started,
307840,100,307840,1,307930,1025220,307931,1,307932,1885966,307932,320000,307933,0,307933,75,307936,30,307928,1958400,307930,1958400,307931,0,307932,0,307929,75,307931,88,307931,0,307932,0,307838,1,started,
307932,100,307932,1,308033,1025856,308039,1,308041,1273409,308042,320000,308043,0,308047,63,308055,27,308029,1958400,308034,1958400,308037,0,308039,0,308031,20,308036,90,308038,0,308040,0,307932,1,started,
308041,100,308041,1,308131,1021276,308133,1,308133,1332979,308134,320000,308134,0,308135,70,308138,29,308129,1574400,308131,1958400,308132,0,308133,0,308130,80,308132,66,308132,0,308133,0,308040,1,started,
308133,100,308133,1,308231,1021276,308233,1,308234,1218109,308235,320000,308235,0,308236,64,308239,24,308229,1267200,308231,1958400,308233,0,308234,0,308231,14,308232,100,308233,0,308234,0,308133,1,started,
308234,100,308234,1,308331,1021844,308334,1,308335,1504563,308336,320000,308337,0,308338,65,308341,26,308330,1958400,308331,1958400,308333,0,308334,0,308331,30,308332,100,308333,0,308335,0,308234,1,started,
308335,100,308336,1,308431,1023528,308433,1,308434,1539236,308434,320000,308435,0,308435,68,308438,25,308430,1958400,308432,1958400,308433,0,308433,0,308431,50,308432,83,308433,0,308434,0,308335,1,started,
308434,100,308434,1,308533,1023640,308535,1,308535,1781947,308536,320000,308540,0,308542,77,308548,34,308531,1958400,308533,1958400,308534,0,308535,0,308533,84,308534,70,308534,0,308535,0,308434,1,started,
308535,100,308535,1,308633,1024080,308635,1,308636,1689486,308636,320000,308637,0,308638,53,308641,28,308631,1958400,308633,1958400,308634,960000,308635,0,308632,80,308634,66,308635,0,308636,0,308535,1,started,
308636,100,308636,1,308734,1024204,308738,1,308739,45118,308740,320000,308741,0,308742,3,308746,3,308732,1958400,308734,1267200,308736,960000,308738,0,308733,0,308736,10,308737,0,308738,0,308636,1,started,
308739,100,308740,1,308834,1021160,308837,1,308838,363195,308839,320000,308839,0,308840,20,308844,8,308832,1958400,308834,1267200,308836,960000,308837,0,308833,20,308836,20,308837,20,308838,0,308739,1,started,
308838,100,308838,1,308934,1021208,308935,1,308936,1148305,308937,320000,308937,0,308938,55,308940,23,308932,1958400,308934,1267200,308935,0,308936,0,308933,88,308935,30,308935,0,308936,0,308838,1,started,
308936,100,308936,1,309037,1021888,309039,1,309040,1273409,309041,320000,309041,0,309042,55,309046,22,309033,1958400,309037,1958400,309038,0,309039,0,309036,10,309038,100,309039,0,309040,0,308936,1,started,
309040,100,309040,1,309135,1022260,309137,1,309138,1202588,309138,320000,309139,0,309140,70,309142,28,309133,1497600,309135,1958400,309136,0,309137,0,309134,80,309136,60,309137,0,309138,0,309040,1,started,
309138,100,309138,1,309240,1022632,309247,1,309250,1274081,309255,320000,309256,0,309257,66,309260,27,309235,1267200,309240,1958400,309245,0,309249,0,309237,27,309244,100,309247,0,309249,0,309138,1,started,
309251,100,309251,1,309335,1023196,309338,1,309339,1735716,309339,320000,309340,0,309340,68,309343,28,309334,1958400,309336,1958400,309337,0,309338,0,309335,50,309337,100,309337,0,309338,0,309250,1,started,
309339,100,309339,1,309436,1023272,309442,1,309446,1286997,309448,320000,309449,0,309453,68,309463,27,309434,1267200,309437,1958400,309440,0,309442,0,309436,30,309438,100,309440,0,309444,0,309338,1,started,
309446,100,309446,1,309536,1024568,309538,1,309538,1620140,309539,320000,309539,0,309540,66,309543,26,309534,1958400,309536,1958400,309537,0,309538,0,309535,40,309537,100,309537,0,309538,0,309445,1,started,
309538,100,309539,1,309636,1025692,309638,1,309639,1215620,309639,320000,309640,0,309640,50,309643,21,309635,1958400,309636,1958400,309638,0,309638,0,309636,55,309637,50,309638,0,309639,0,309538,1,started,
309639,100,309639,1,309736,1025816,309738,1,309739,325678,309739,320000,309740,0,309740,15,309743,6,309735,1958400,309737,1958400,309738,0,309738,0,309736,10,309737,18,309738,0,309739,0,309639,1,started,
309739,100,309739,1,309838,1022936,309841,1,309843,627308,309844,320000,309844,0,309845,38,309849,13,309835,1267200,309839,1958400,309840,0,309842,0,309838,11,309840,50,309841,0,309842,0,309739,1,started,
309843,100,309843,1,309937,1023500,309939,1,309940,1365870,309940,320000,309941,0,309941,52,309949,17,309936,1958400,309938,1958400,309939,0,309939,0,309937,100,309939,18,309939,0,309940,0,309842,1,started,
309940,100,309940,1,310038,1023996,310040,1,310040,1252553,310041,320000,310041,0,310042,63,310044,25,310036,1958400,310038,1267200,310039,0,310040,0,310037,100,310039,22,310039,0,310040,0,309940,1,started,
310040,100,310040,1,310138,1024368,310140,1,310141,1012439,310147,320000,310148,0,310149,60,310153,23,310137,1958400,310139,1497600,310140,0,310141,0,310138,60,310139,50,310140,0,310141,0,310040,1,started,
310146,100,310147,1,310239,1024700,310240,1,310241,1446774,310241,320000,310242,0,310243,66,310245,26,310237,1958400,310239,1958400,310240,0,310241,0,310238,100,310240,25,310240,0,310241,0,310141,1,started,
310241,100,310241,1,310339,1025212,310341,1,310341,1296524,310342,320000,310342,0,310344,61,310347,24,310338,1958400,310339,1958400,310340,0,310341,0,310339,100,310340,12,310340,0,310341,0,310241,1,started,
310341,100,310341,1,310439,1025444,310441,1,310441,1539236,310442,320000,310442,0,310443,63,310445,27,310438,1958400,310439,1958400,310440,0,310441,0,310439,100,310440,33,310441,0,310441,0,310341,1,started,
310442,100,310442,1,310540,1026812,310544,1,310547,1265470,310549,320000,310551,0,310553,66,310560,28,310538,1958400,310540,1267200,310542,0,310545,0,310539,100,310542,25,310543,0,310546,0,310441,1,started,
310547,100,310547,1,310640,1027908,310651,1,310652,1874409,310653,320000,310657,0,310659,83,310670,34,310638,1958400,310641,1958400,310650,0,310651,0,310640,90,310650,72,310651,0,310652,0,310547,1,started,
310652,100,310653,1,310740,1027304,310744,1,310745,3007063,310746,320000,310747,0,310747,95,310755,43,310739,1958400,310741,1958400,310743,1958400,310744,0,310740,100,310742,100,310744,60,310745,0,310652,1,started,
310745,100,310746,1,310843,1027904,310848,1,310856,3238217,310856,200000,310857,0,310858,76,310862,55,310840,1958400,310844,1958400,310846,1958400,310848,1958400,310842,100,310845,75,310848,90,310849,15,310745,1,started,
310856,100,310856,1,310941,1028896,310944,1,310946,2096029,310946,200000,310947,0,310948,45,310953,37,310940,1958400,310942,1958400,310943,1958400,310945,960000,310941,27,310943,50,310944,100,310945,22,310852,1,started,
310946,100,310946,1,311042,1030012,311044,1,311046,1388986,311046,320000,311047,0,311047,31,311051,25,311040,1958400,311042,1958400,311043,1958400,311045,960000,311041,20,311043,0,311044,100,311045,0,310946,1,started,
311046,100,311046,1,311142,1028616,311145,1,311146,1658444,311147,320000,311147,0,311148,54,311151,39,311141,1497600,311143,1267200,311144,1958400,311146,0,311142,62,311144,25,311145,100,311146,0,311046,1,started,
311146,100,311146,1,311245,1030412,311253,1,311254,2429850,311255,320000,311256,0,311258,75,311263,41,311242,1267200,311247,1958400,311250,1958400,311253,0,311244,27,311249,100,311253,100,311254,0,311146,1,started,
311254,100,311255,1,311344,1032024,311347,1,311348,2528877,311349,320000,311350,0,311351,79,311355,51,311342,1267200,311344,1958400,311346,1958400,311348,0,311343,50,311345,100,311347,100,311348,0,311254,1,started,
311349,100,311349,1,311394,1033016,311397,1,311398,2347572,311399,320000,311399,0,311400,84,311405,48,311392,1267200,311394,1958400,311396,1958400,311397,0,311393,75,311395,75,311397,100,311398,0,311348,1,started,
311398,100,311398,1,311493,1033884,311495,1,311496,2336717,311497,320000,311497,0,311498,67,311501,42,311492,1958400,311493,1958400,311494,1958400,311496,0,311493,58,311494,100,311495,44,311496,0,311398,1,started,
311496,100,311496,1,311594,1034256,311598,1,311599,1273409,311600,320000,311600,0,311601,36,311604,23,311592,1958400,311595,1958400,311596,1958400,311598,0,311594,10,311596,100,311597,0,311598,0,311496,1,started,
311599,100,311599,1,311694,1034380,311696,1,311697,1862851,311697,320000,311698,0,311699,54,311704,33,311692,1958400,311694,1958400,311695,1958400,311696,0,311693,11,311695,100,311696,50,311697,0,311599,1,started,
311697,100,311697,1,311794,1035140,311796,1,311797,1443055,311798,320000,311798,0,311799,72,311802,29,311793,1497600,311795,1958400,311796,0,311797,0,311794,45,311795,100,311796,0,311797,0,311697,1,started,
311797,100,311797,1,311894,1036204,311896,1,311897,1435216,311897,320000,311898,0,311898,61,311900,23,311893,1958400,311895,1958400,311896,0,311896,0,311894,54,311895,70,311896,0,311897,0,311797,1,started,
311897,100,311897,1,311996,1036204,312001,1,312004,2063,312006,320000,312008,0,312008,4,312014,2,311993,1958400,311997,1728000,312000,0,312002,0,311996,0,311999,0,312001,0,312003,0,311897,1,started,
312004,100,312006,1,312095,1032876,312098,1,312099,674668,312099,320000,312100,0,312101,36,312104,14,312094,1958400,312096,1267200,312097,0,312098,0,312095,50,312097,22,312098,0,312098,0,312004,1,started,
312099,100,312099,1,312196,1033780,312198,1,312199,1171420,312200,320000,312200,0,312201,60,312204,22,312194,1958400,312196,1267200,312198,0,312199,0,312195,90,312197,30,312198,0,312199,0,312099,1,started,
312199,100,312199,1,312296,1034152,312298,1,312299,1218109,312300,320000,312300,0,312301,64,312304,23,312294,1958400,312297,1267200,312298,0,312299,0,312296,100,312297,14,312298,0,312299,0,312199,1,started,
312299,100,312299,1,312396,1034328,312399,1,312400,1158504,312400,320000,312401,0,312402,59,312406,24,312395,1958400,312397,1267200,312398,0,312399,0,312396,90,312398,27,312398,0,312399,0,312299,1,started,
312400,100,312400,1,312497,1034452,312499,1,312500,1252553,312500,320000,312501,0,312502,61,312505,24,312495,1958400,312497,1267200,312498,0,312499,0,312496,100,312498,22,312499,0,312500,0,312400,1,started,
312500,100,312500,1,312597,1034824,312599,1,312600,1312830,312601,320000,312601,0,312602,66,312605,26,312595,1958400,312598,1267200,312599,0,312600,0,312597,100,312598,36,312599,0,312600,0,312500,1,started,
312600,100,312600,1,312700,1034824,312706,1,312707,1243942,312709,320000,312710,0,312713,65,312720,24,312696,1958400,312700,1267200,312704,0,312706,0,312698,100,312704,20,312705,0,312707,0,312600,1,started,
312708,100,312708,1,312848,1036776,312850,1,312850,1539236,312851,320000,312851,0,312852,61,312854,28,312846,1958400,312848,1958400,312849,0,312850,0,312847,100,312849,33,312849,0,312850,0,312707,1,started,
312850,100,312850,1,312898,1036624,312900,1,312901,2117120,312901,320000,312902,0,312911,92,312928,40,312897,1958400,312898,1958400,312900,0,312900,0,312898,100,312899,83,312900,0,312901,0,312850,1,started,
312901,100,312901,1,312999,1036352,313002,1,313004,2381121,313005,320000,313005,0,313006,72,313011,44,312997,1958400,313000,1574400,313001,1958400,313002,960000,312999,90,313000,70,313002,66,313004,36,312901,1,started,
313004,100,313004,1,313099,1036352,313102,1,313103,1607317,313104,320000,313104,0,313105,43,313108,27,313098,1958400,313100,1267200,313101,1497600,313102,1958400,313099,30,313100,12,313101,50,313103,77,313004,1,started,
313103,100,313103,1,313200,1036352,313203,1,313204,263612,313205,320000,313205,0,313206,10,313211,6,313198,1267200,313200,1267200,313201,1497600,313203,1958400,313199,11,313201,10,313202,27,313204,0,313103,1,started,
313204,100,313204,1,313301,1032896,313305,1,313307,205641,313309,320000,313309,0,313311,14,313316,8,313299,1267200,313302,1267200,313303,960000,313305,1958400,313300,22,313303,10,313304,30,313307,0,313204,1,started,
313308,100,313308,1,313400,1032632,313403,1,313404,1469890,313405,320000,313405,0,313406,61,313408,25,313399,1958400,313401,1958400,313402,0,313403,0,313400,50,313402,77,313402,0,313403,0,313307,1,started,
313404,100,313404,1,313501,1032896,313506,1,313508,1412101,313510,320000,313510,0,313511,63,313517,28,313499,1958400,313502,1958400,313504,0,313506,0,313500,22,313504,100,313505,0,313507,0,313404,1,started,
313508,100,313508,1,313601,1033336,313603,1,313604,1118380,313605,320000,313605,0,313606,70,313609,25,313599,1267200,313602,1958400,313603,0,313604,0,313601,66,313603,72,313603,0,313604,0,313508,1,started,
313604,100,313605,1,313701,1033584,313704,1,313704,1334358,313705,320000,313705,0,313706,68,313709,27,313700,1267200,313702,1958400,313703,0,313704,0,313701,41,313703,100,313703,0,313704,0,313604,1,started,
313705,100,313705,1,313806,1033832,313814,1,313817,1243942,313820,320000,313821,0,313823,65,313829,25,313801,1267200,313806,1958400,313812,0,313814,0,313804,20,313810,100,313812,0,313816,0,313704,1,started,
313818,100,313818,1,313902,1033956,313904,1,313905,1666370,313906,320000,313906,0,313907,68,313909,29,313900,1958400,313902,1958400,313903,0,313904,0,313901,44,313903,100,313904,0,313905,0,313816,1,started,
313905,100,313905,1,314003,1035428,314005,1,314006,1243942,314006,320000,314007,0,314008,60,314011,25,314001,1267200,314003,1958400,314004,0,314005,0,314002,20,314004,100,314005,0,314005,0,313905,1,started,
314006,100,314006,1,314102,1035956,314104,1,314105,1585466,314105,320000,314105,0,314106,66,314108,27,314101,1958400,314103,1958400,314103,0,314104,0,314102,75,314103,62,314104,0,314104,0,314005,1,started,
314105,100,314105,1,314203,1035956,314205,1,314206,273096,314207,320000,314208,0,314209,15,314211,6,314201,1267200,314203,1958400,314204,0,314206,0,314202,20,314204,16,314205,0,314206,0,314104,1,started,
314207,100,314207,1,314303,1032684,314305,1,314305,799543,314306,320000,314306,0,314307,35,314309,13,314301,1958400,314303,1958400,314304,0,314305,0,314303,33,314304,36,314304,0,314305,0,314206,1,started,
314305,100,314305,1,314403,1033160,314405,1,314405,1149893,314406,320000,314406,0,314407,61,314409,20,314402,1267200,314403,1958400,314404,0,314405,0,314403,25,314404,90,314405,0,314405,0,314305,1,started,
314406,100,314406,1,314503,1033528,314505,1,314506,1539236,314506,320000,314507,0,314507,63,314509,28,314502,1958400,314504,1958400,314505,0,314505,0,314503,33,314504,100,314505,0,314506,0,314405,1,started,
314506,100,314506,1,314604,1033776,314605,1,314606,1214475,314607,320000,314607,0,314608,65,314610,26,314602,1267200,314604,1958400,314605,0,314606,0,314603,40,314605,90,314605,0,314606,0,314506,1,started,
314606,100,314606,1,314704,1033900,314706,1,314707,1200887,314708,320000,314709,0,314709,55,314712,23,314703,1267200,314705,1958400,314706,0,314707,0,314704,10,314705,100,314706,0,314707,0,314606,1,started,
314708,100,314708,1,314804,1034268,314806,1,314807,1504563,314807,320000,314808,0,314808,65,314810,27,314803,1958400,314805,1958400,314806,0,314806,0,314804,50,314805,80,314806,0,314806,0,314707,1,started,
314807,100,314807,1,314905,1034392,314906,1,314907,1273409,314908,320000,314908,0,314909,55,314911,23,314903,1958400,314905,1958400,314906,0,314907,0,314904,10,314906,100,314906,0,314907,0,314807,1,started,
314907,100,314907,1,315005,1035136,315007,1,315008,1330052,315012,320000,315013,0,315013,68,315016,27,315004,1267200,315005,1958400,315006,0,315007,0,315005,40,315006,100,315007,0,315007,0,314907,1,started,
315012,100,315012,1,315106,1036456,315108,1,315109,1175039,315110,320000,315111,0,315111,72,315115,27,315104,1267200,315106,1958400,315107,0,315108,0,315105,55,315107,81,315108,0,315109,0,315007,1,started,
315109,100,315110,1,315206,1036496,315208,1,315208,1227178,315209,320000,315209,0,315210,52,315212,20,315205,1958400,315206,1958400,315207,0,315208,0,315206,40,315207,66,315207,0,315208,0,315109,1,started,
315208,100,315208,1,315306,1036496,315308,1,315308,464370,315309,320000,315309,0,315310,20,315312,8,315305,1958400,315306,1958400,315307,0,315308,0,315306,30,315307,10,315308,0,315308,0,315208,1,started,
315309,100,315309,1,315407,1033696,315410,1,315411,286226,315411,320000,315412,0,315413,39,315417,12,315405,1267200,315407,1267200,315409,0,315410,0,315407,33,315409,33,315409,0,315410,0,315308,1,started,
315411,100,315411,1,315507,1033144,315509,1,315509,1966870,315510,320000,315510,0,315511,83,315522,28,315506,1958400,315507,1958400,315508,0,315509,0,315506,70,315508,100,315508,0,315509,0,315410,1,started,
315509,100,315509,1,315607,1033688,315609,1,315610,1243942,315610,320000,315610,0,315611,60,315623,25,315606,1267200,315607,1958400,315608,0,315609,0,315607,20,315608,100,315609,0,315609,0,315509,1,started,
315610,100,315610,1,315708,1030236,315709,1,315710,1654813,315710,320000,315711,0,315711,72,315714,28,315706,1958400,315708,1958400,315709,0,315709,0,315707,66,315709,77,315709,0,315710,0,315609,1,started,
315710,100,315710,1,315808,1030484,315811,1,315812,1273409,315812,320000,315813,0,315814,57,315816,21,315807,1958400,315809,1958400,315810,0,315811,0,315808,100,315810,10,315810,0,315811,0,315710,1,started,
315812,100,315812,1,315909,1030608,315911,1,315912,1273409,315913,320000,315913,0,315914,55,315917,23,315907,1958400,315909,1958400,315910,0,315911,0,315908,100,315910,10,315911,0,315912,0,315811,1,started,
315912,100,315912,1,316009,1030732,316011,1,316012,1024346,316013,320000,316014,0,316015,50,316018,20,316007,1958400,316009,1267200,316011,0,316012,0,316008,81,316010,20,316011,0,316012,0,315912,1,started,
316013,100,316013,1,316110,1030980,316113,1,316114,1205192,316115,320000,316116,0,316117,57,316121,23,316108,1958400,316110,1267200,316112,0,316113,0,316109,100,316111,11,316112,0,316114,0,316012,1,started,
316115,100,316115,1,316210,1031700,316212,1,316214,1257531,316215,320000,316216,0,316217,70,316220,26,316208,1958400,316210,1267200,316211,0,316213,0,316209,90,316211,50,316212,0,316213,0,316114,1,started,
316214,100,316214,1,316310,1033188,316314,1,316315,1133572,316317,320000,316317,0,316319,63,316325,23,316308,1958400,316311,1267200,316313,0,316314,0,316309,83,316313,40,316314,0,316315,0,316214,1,started,
316315,100,316316,1,316410,1033392,316411,1,316413,984466,316413,320000,316414,0,316415,40,316417,17,316408,1958400,316410,1958400,316411,0,316412,0,316409,44,316411,41,316411,0,316412,0,316315,1,started,
316413,100,316413,1,316512,1033476,316515,1,316516,441255,316516,320000,316518,0,316519,15,316523,6,316509,1958400,316512,1958400,316514,0,316515,0,316511,18,316514,20,316514,0,316515,0,316413,1,started,
316516,100,316516,1,316611,1030580,316613,1,316613,442141,316614,320000,316614,0,316615,50,316617,15,316609,1958400,316611,1267200,316612,0,316613,0,316610,12,316612,70,316612,0,316613,0,316516,1,started,
316613,100,316613,1,316713,1031168,316719,1,316720,1504563,316721,320000,316722,0,316725,68,316734,25,316710,1958400,316715,1958400,316717,0,316719,0,316712,30,316716,100,316717,0,316719,0,316613,1,started,
316720,100,316720,1,316813,1031540,316817,1,316818,1330052,316819,320000,316820,0,316821,66,316824,26,316811,1267200,316814,1958400,316816,0,316817,0,316812,40,316815,100,316816,0,316818,0,316719,1,started,
316819,100,316819,1,316913,1032036,316915,1,316916,1330052,316916,320000,316917,0,316918,70,316921,27,316911,1267200,316913,1958400,316914,0,316915,0,316912,40,316914,100,316915,0,316915,0,316818,1,started,
316916,100,316916,1,317019,1032532,317022,1,317024,1243942,317025,320000,317025,0,317026,61,317033,24,317013,1267200,317020,1958400,317021,0,317023,0,317015,20,317021,100,317022,0,317023,0,316916,1,started,
317024,100,317024,1,317113,1032780,317115,1,317115,1735716,317116,320000,317116,0,317117,72,317119,29,317111,1958400,317113,1958400,317114,0,317115,0,317113,50,317114,100,317115,0,317115,0,317023,1,started,
317116,100,317116,1,317214,1033692,317216,1,317217,1286997,317218,320000,317218,0,317219,65,317223,26,317212,1267200,317214,1958400,317216,0,317217,0,317213,30,317215,100,317216,0,317217,0,317115,1,started,
317217,100,317218,1,317314,1035172,317320,1,317323,1770390,317324,320000,317324,0,317325,77,317328,31,317312,1958400,317314,1958400,317315,0,317322,0,317313,66,317315,87,317317,0,317323,0,317217,1,started,
317323,100,317323,1,317415,1035568,317420,1,317420,1543078,317421,320000,317421,0,317422,66,317430,30,317413,1728000,317415,1958400,317418,960000,317420,0,317414,77,317418,75,317419,0,317420,0,317323,1,started,
317420,100,317420,1,317515,1035656,317519,1,317520,698671,317521,320000,317521,0,317522,22,317526,12,317513,1728000,317515,1958400,317517,960000,317519,0,317514,36,317517,33,317518,0,317519,0,317420,1,started,
317520,100,317520,1,317615,1032676,317619,1,317621,238866,317621,200000,317622,0,317624,23,317631,9,317613,1267200,317616,1267200,317618,960000,317620,0,317615,44,317617,11,317619,0,317620,0,317520,1,started,
317621,100,317621,1,317716,1033592,317718,1,317719,492891,317720,320000,317720,0,317721,50,317725,14,317714,1267200,317716,1267200,317717,0,317718,0,317715,37,317717,77,317718,0,317719,0,317620,1,started,
317719,100,317719,1,317816,1033964,317818,1,317819,1243942,317819,320000,317820,0,317821,60,317828,20,317814,1267200,317816,1958400,317817,0,317818,0,317815,20,317817,100,317818,0,317819,0,317719,1,started,
317819,100,317819,1,317916,1034408,317917,1,317918,1701043,317919,320000,317919,0,317920,73,317923,28,317914,1958400,317916,1958400,317917,0,317918,0,317915,77,317917,70,317917,0,317918,0,317819,1,started,
317918,100,317918,1,318026,1034776,318030,1,318031,1169390,318033,320000,318034,0,318035,60,318038,25,318015,1958400,318026,1958400,318029,0,318030,0,318024,10,318028,91,318029,0,318031,0,317918,1,started,
318032,100,318032,1,318119,1034060,318120,1,318121,1851293,318122,320000,318122,0,318123,76,318125,32,318117,1958400,318119,1958400,318120,0,318121,0,318118,60,318120,100,318120,0,318121,0,318031,1,started,
318121,100,318121,1,318219,1034184,318222,1,318223,1273409,318223,320000,318224,0,318225,55,318227,20,318218,1958400,318220,1958400,318221,0,318222,0,318219,100,318221,10,318221,0,318222,0,318121,1,started,
318223,100,318223,1,318319,1034168,318321,1,318322,1388986,318322,320000,318323,0,318324,57,318334,23,318318,1958400,318320,1958400,318321,0,318321,0,318319,30,318320,90,318321,0,318322,0,318223,1,started,
318322,100,318322,1,318420,1034968,318422,1,318422,1388986,318423,320000,318425,0,318426,61,318432,24,318418,1958400,318420,1958400,318421,0,318422,0,318419,20,318421,100,318421,0,318422,0,318322,1,started,
318422,100,318422,1,318522,1036444,318525,1,318526,2094005,318526,320000,318527,0,318527,90,318535,39,318520,1958400,318523,1958400,318524,0,318525,0,318521,81,318524,100,318525,0,318525,0,318422,1,started,
318526,100,318526,1,318622,1035108,318624,1,318625,1705852,318626,320000,318626,0,318627,51,318630,31,318620,1958400,318622,1958400,318623,960000,318625,0,318621,54,318623,90,318624,18,318625,0,318526,1,started,
318625,100,318625,1,318722,1032260,318725,1,318726,2009453,318726,320000,318727,0,318728,68,318731,41,318721,1958400,318723,1958400,318724,1267200,318725,0,318722,45,318724,100,318725,77,318726,0,318625,1,started,
318726,100,318726,1,318823,1027584,318826,1,318826,1912532,318827,320000,318827,0,318828,67,318831,35,318821,1574400,318823,1958400,318825,1958400,318826,0,318823,90,318824,10,318825,100,318826,0,318726,1,started,
318826,100,318827,1,318924,1026600,318926,1,318927,1493005,318928,320000,318928,0,318929,43,318932,27,318922,1958400,318924,1958400,318925,1958400,318926,0,318923,11,318925,100,318926,18,318927,0,318826,1,started,
318927,100,318927,1,319024,1026912,319029,1,319033,1353168,319035,320000,319035,0,319037,50,319050,28,319023,1267200,319025,1958400,319027,1958400,319031,0,319024,40,319026,80,319029,22,319031,0,318927,1,started,
319033,100,319033,1,319125,1027144,319128,1,319129,1299914,319129,320000,319130,0,319131,42,319135,25,319123,1267200,319125,1958400,319127,1958400,319128,0,319124,33,319126,0,319127,100,319128,0,319033,1,started,
319129,100,319129,1,319225,1027516,319227,1,319228,1677928,319228,320000,319229,0,319229,48,319233,27,319224,1958400,319225,1958400,319226,1958400,319227,0,319225,45,319226,0,319227,100,319228,0,319129,1,started,
319228,100,319228,1,319325,1027488,319327,1,319328,637736,319328,320000,319328,0,319329,48,319331,11,319324,1958400,319326,1958400,319327,0,319327,0,319325,22,319326,33,319327,0,319327,0,319228,1,started,
319328,100,319328,1,319426,1028732,319427,1,319428,1319640,319428,320000,319429,0,319429,64,319432,24,319424,1958400,319426,1958400,319427,0,319428,0,319425,14,319427,100,319427,0,319428,0,319328,1,started,
319428,100,319428,1,319526,1029724,319529,1,319530,1257531,319531,320000,319531,0,319532,71,319537,31,319525,1267200,319526,1958400,319528,0,319529,0,319526,50,319527,90,319528,0,319530,0,319428,1,started,
319530,100,319530,1,319626,1029896,319629,1,319630,2850177,319630,320000,319631,0,319632,70,319635,34,319625,1958400,319627,1958400,319628,1958400,319629,1190400,319626,81,319627,90,319628,69,319630,20,319530,1,started,
319630,100,319630,1,319727,1029896,319729,1,319730,256332,319731,320000,319731,0,319732,5,319736,6,319725,1958400,319727,1958400,319728,1958400,319729,1190400,319726,0,319728,10,319729,12,319730,0,319630,1,started,
319730,100,319730,1,319827,1029744,319831,1,319834,298206,319835,320000,319835,0,319836,14,319840,8,319826,1267200,319828,1267200,319829,1958400,319833,960000,319827,0,319829,10,319830,20,319834,10,319730,1,started,
319834,100,319834,1,319929,1027124,319935,1,319937,967687,319938,320000,319939,0,319940,30,319944,2,319926,1267200,319929,1267200,319931,1958400,319936,0,319928,11,319930,20,319934,72,319937,0,319834,1,started,
319937,100,319938,1,320028,1027200,320030,1,320031,1299914,320031,320000,320032,0,320033,73,320036,24,320026,1958400,320028,1267200,320030,0,320030,0,320027,100,320029,33,320030,0,320031,0,319937,1,started,
320031,100,320031,1,320131,1027500,320137,1,320140,1286997,320142,320000,320144,0,320146,66,320152,25,320127,1958400,320133,1267200,320135,0,320138,0,320129,100,320135,30,320136,0,320139,0,320031,1,started,
320141,100,320141,1,320228,1027684,320230,1,320231,1435216,320231,320000,320232,0,320232,57,320235,22,320227,1958400,320229,1958400,320230,0,320230,0,320228,54,320229,70,320230,0,320231,0,320139,1,started,
320231,100,320231,1,320329,1028112,320331,1,320334,1412101,320335,320000,320336,0,320339,63,320346,26,320327,1958400,320329,1958400,320330,0,320332,0,320328,100,320330,22,320331,0,320333,0,320231,1,started,
320334,100,320334,1,320429,1027436,320430,1,320431,1666370,320432,320000,320432,0,320433,71,320435,30,320428,1958400,320429,1958400,320430,0,320431,0,320428,90,320430,54,320430,0,320431,0,320334,1,started,
320431,100,320431,1,320530,1027436,320532,1,320534,1504563,320535,320000,320535,0,320536,65,320540,28,320528,1958400,320530,1958400,320531,0,320533,0,320529,100,320531,30,320532,0,320533,0,320431,1,started,
320534,100,320534,1,320630,1028716,320633,1,320636,1274081,320639,320000,320643,0,320650,65,320655,26,320628,1958400,320630,1267200,320631,0,320634,0,320629,100,320631,27,320632,0,320636,0,320533,1,started,
320636,100,320638,1,320730,1029212,320732,1,320734,1597024,320735,320000,320735,0,320736,47,320740,25,320729,1958400,320730,1958400,320731,1958400,320733,0,320730,72,320731,66,320732,0,320733,0,320636,1,started,
320734,100,320734,1,320831,1029212,320835,1,320837,79562,320838,320000,320838,0,320840,6,320844,3,320829,1958400,320832,1267200,320834,1958400,320836,0,320831,0,320833,18,320835,0,320836,0,320734,1,started,
320837,100,320837,1,320931,1026176,320936,1,320937,406781,320938,320000,320939,0,320940,34,320943,15,320929,1267200,320932,1267200,320935,0,320936,0,320931,44,320933,50,320935,0,320936,0,320837,1,started,
320937,100,320937,1,321034,1026344,321039,1,321043,1274081,321044,320000,321046,0,321048,65,321054,20,321030,1958400,321035,1267200,321039,0,321041,0,321032,100,321038,27,321039,0,321041,0,320937,1,started,
321043,100,321043,1,321132,1026716,321135,1,321136,1620140,321137,320000,321138,0,321139,66,321142,28,321130,1958400,321132,1958400,321134,0,321135,0,321131,100,321133,40,321134,0,321136,0,321042,1,started,
321136,100,321137,1,321233,1026964,321237,1,321239,1330052,321241,320000,321241,0,321243,72,321248,27,321231,1958400,321234,1267200,321236,0,321238,0,321232,100,321235,40,321237,0,321238,0,321136,1,started,
321239,100,321240,1,321332,1027144,321334,1,321335,1504563,321335,320000,321335,0,321336,55,321338,17,321331,1958400,321332,1958400,321333,0,321334,0,321331,40,321333,90,321334,0,321334,0,321239,1,started,
321335,100,321335,1,321432,1027452,321434,1,321435,1469890,321435,320000,321436,0,321436,61,321439,27,321431,1958400,321432,1958400,321433,0,321434,0,321432,27,321433,100,321434,0,321434,0,321334,1,started,
321435,100,321435,1,321533,1027452,321535,1,321536,1156344,321536,320000,321536,0,321537,57,321540,25,321531,1958400,321533,1497600,321534,0,321535,0,321532,90,321534,18,321535,0,321535,0,321434,1,started,
321536,100,321536,1,321633,1028436,321636,1,321637,1312830,321637,320000,321638,0,321639,66,321641,27,321632,1958400,321634,1267200,321635,0,321636,0,321633,100,321635,36,321635,0,321636,0,321535,1,started,
321637,100,321637,1,321734,1029708,321736,1,321737,1279058,321737,320000,321738,0,321739,73,321744,27,321732,1958400,321734,1267200,321735,0,321736,0,321733,90,321735,55,321736,0,321736,0,321636,1,started,
321737,100,321737,1,321834,1029708,321836,1,321836,1909082,321837,320000,321837,0,321838,83,321845,33,321832,1958400,321834,1958400,321835,0,321836,0,321833,77,321835,88,321835,0,321836,0,321737,1,started,
321836,100,321836,1,321934,1029916,321937,1,321937,1747274,321938,320000,321938,0,321939,76,321941,32,321933,1958400,321934,1958400,321936,0,321937,0,321934,70,321935,81,321937,0,321937,0,321836,1,started,
321938,100,321938,1,322034,1030040,322036,1,322037,1100043,322037,320000,322038,0,322038,45,322040,19,322033,1958400,322035,1958400,322036,0,322037,0,322034,40,322036,55,322036,0,322037,0,321937,1,started,
322037,100,322037,1,322135,1026664,322138,1,322140,88173,322140,320000,322141,0,322142,11,322144,6,322134,1267200,322136,1958400,322137,0,322139,0,322135,20,322137,0,322138,0,322139,0,322037,1,started,
322140,100,322140,1,322235,1027780,322237,1,322238,1400543,322238,320000,322238,0,322239,61,322241,24,322234,1958400,322235,1958400,322236,0,322237,0,322235,33,322236,88,322237,0,322237,0,322139,1,started,
322238,100,322238,1,322335,1028080,322337,1,322338,1274081,322343,320000,322343,0,322344,63,322348,27,322334,1267200,322336,1958400,322337,0,322337,0,322335,27,322336,100,322337,0,322338,0,322237,1,started,
322338,100,322338,1,322436,1028352,322437,1,322438,1469890,322439,320000,322439,0,322440,63,322442,25,322434,1958400,322436,1958400,322437,0,322438,0,322435,55,322437,72,322437,0,322438,0,322338,1,started,
322438,100,322438,1,322536,1028476,322539,1,322540,1246568,322541,320000,322542,0,322543,68,322545,26,322535,1497600,322537,1958400,322538,0,322539,0,322536,14,322538,100,322539,0,322540,0,322438,1,started,
322540,100,322540,1,322641,1028848,322649,1,322651,1200887,322654,320000,322655,0,322658,59,322667,24,322636,1267200,322642,1958400,322645,0,322649,0,322639,10,322645,100,322647,0,322651,0,322540,1,started,
322651,100,322653,1,322737,1028848,322740,1,322741,1416163,322742,320000,322743,0,322744,77,322747,29,322735,1267200,322737,1958400,322739,0,322740,0,322736,60,322738,100,322739,0,322740,0,322651,1,started,
322741,100,322741,1,322837,1030288,322840,1,322841,1252553,322841,320000,322842,0,322844,63,322869,24,322835,1267200,322838,1958400,322839,0,322840,0,322837,22,322839,100,322840,0,322840,0,322741,1,started,
322841,100,322841,1,322937,1030208,322939,1,322940,1834168,322941,320000,322941,0,322942,61,322944,30,322936,1958400,322937,1958400,322938,960000,322940,0,322937,77,322938,80,322939,8,322940,0,322841,1,started,
322940,100,322940,1,323038,1030208,323041,1,323042,221659,323043,320000,323043,0,323044,12,323048,6,323036,1958400,323038,1958400,323039,960000,323041,0,323037,10,323039,9,323040,0,323041,0,322940,1,started,
323042,100,323042,1,323139,1023264,323142,1,323143,366325,323144,320000,323145,0,323146,29,323150,16,323137,1267200,323139,1267200,323140,960000,323143,0,323138,33,323140,46,323142,11,323143,0,323042,1,started,
323144,100,323144,1,323238,1023248,323240,1,323241,781634,323241,320000,323242,0,323243,50,323246,11,323237,1958400,323239,1267200,323240,0,323241,0,323238,60,323239,20,323240,0,323241,0,323143,1,started,
323241,100,323241,1,323339,1023604,323340,1,323341,1252553,323342,320000,323342,0,323343,66,323345,26,323337,1958400,323339,1267200,323340,0,323341,0,323338,100,323340,22,323340,0,323341,0,323241,1,started,
323341,100,323341,1,323439,1023852,323441,1,323442,1031812,323452,320000,323453,0,323454,65,323461,23,323438,1958400,323439,1267200,323440,0,323441,0,323439,66,323440,62,323441,0,323441,0,323341,1,started,
323442,100,323442,1,323539,1024100,323541,1,323542,1573909,323543,320000,323544,0,323545,68,323548,29,323538,1958400,323540,1958400,323541,0,323541,0,323539,100,323540,36,323541,0,323542,0,323441,1,started,
323542,100,323542,1,323640,1022372,323643,1,323645,1279058,323645,320000,323646,0,323647,75,323654,27,323638,1958400,323640,1267200,323642,0,323644,0,323640,90,323641,55,323643,0,323644,0,323542,1,started,
323645,100,323645,1,323740,1022372,323742,1,323743,1538130,323744,320000,323744,0,323745,80,323748,32,323739,1958400,323741,1497600,323742,0,323743,0,323740,100,323741,60,323742,0,323743,0,323644,1,started,
323743,100,323743,1,323841,1022372,323844,1,323845,1235331,323845,320000,323846,0,323847,55,323851,23,323839,1958400,323841,1267200,323843,0,323844,0,323840,100,323843,18,323843,0,323844,0,323743,1,started,
323845,100,323845,1,323942,1023844,323945,1,323946,1209498,323947,320000,323948,0,323949,61,323952,23,323939,1958400,323942,1267200,323944,0,323945,0,323941,100,323943,12,323944,0,323946,0,323844,1,started,
323946,100,323946,1,324042,1024816,324048,1,324054,1185009,324055,320000,324055,0,324056,72,324058,26,324040,1958400,324043,1267200,324047,0,324049,0,324041,80,324047,60,324048,0,324054,0,323946,1,started,
324054,100,324054,1,324141,1025272,324144,1,324146,1326419,324148,320000,324148,0,324153,77,324161,28,324140,1958400,324142,1267200,324143,0,324144,0,324141,90,324143,66,324144,0,324145,0,324054,1,started,
324146,100,324146,1,324245,1025716,324249,1,324251,1908574,324251,320000,324254,0,324255,71,324262,31,324243,1958400,324245,1958400,324248,960000,324250,0,324244,72,324247,81,324249,63,324250,0,324145,1,started,
324251,100,324251,1,324344,1025900,324347,1,324347,374776,324348,320000,324348,0,324349,23,324357,7,324343,1958400,324345,1958400,324346,960000,324347,0,324344,22,324345,0,324346,54,324347,0,324250,1,started,
324347,100,324347,1,324445,1026148,324447,1,324448,579947,324448,320000,324449,0,324449,16,324452,10,324443,1958400,324445,1958400,324446,960000,324447,0,324444,50,324446,0,324447,0,324447,0,324347,1,started,
324448,100,324448,1,324546,1023392,324548,1,324549,427006,324550,320000,324551,0,324551,33,324559,16,324544,1497600,324546,1267200,324547,960000,324549,0,324545,41,324547,20,324548,36,324549,0,324448,1,started,
324549,100,324550,1,324646,1023952,324649,1,324650,1413783,324650,320000,324651,0,324651,51,324655,24,324644,1497600,324646,1958400,324647,960000,324649,0,324645,30,324647,100,324648,30,324649,0,324549,1,started,
324650,100,324650,1,324747,1024448,324750,1,324752,1267034,324753,320000,324754,0,324755,48,324759,27,324745,1497600,324747,1958400,324749,960000,324751,0,324746,11,324748,100,324750,18,324751,0,324649,1,started,
324753,100,324753,1,324846,1024712,324848,1,324849,1516120,324849,320000,324850,0,324850,52,324858,23,324845,1958400,324847,1958400,324848,0,324849,0,324846,77,324848,54,324848,0,324849,0,324752,1,started,
324849,100,324849,1,324947,1024960,324949,1,324952,1157832,324953,320000,324953,0,324954,57,324956,23,324945,1958400,324947,1267200,324948,0,324949,0,324946,100,324948,0,324948,0,324949,0,324849,1,started,
324952,100,324952,1,325047,1025456,325049,1,325049,1446774,325050,320000,325050,0,325051,66,325058,24,325046,1958400,325047,1958400,325048,0,325049,0,325047,100,325048,25,325048,0,325049,0,324952,1,started,
325049,100,325050,1,325148,1025828,325156,1,325159,1235331,325162,320000,325164,0,325166,64,325173,27,325146,1958400,325149,1267200,325154,0,325157,0,325147,100,325152,18,325155,0,325157,0,325049,1,started,
325159,100,325160,1,325247,1027224,325249,1,325250,1793505,325251,320000,325251,0,325252,73,325264,33,325246,1958400,325248,1958400,325249,0,325249,0,325247,100,325248,55,325249,0,325250,0,325158,1,started,
325250,100,325250,1,325348,1027272,325349,1,325350,1597024,325351,320000,325351,0,325352,65,325355,25,325346,1958400,325348,1958400,325349,0,325350,0,325347,80,325349,58,325349,0,325350,0,325250,1,started,
325350,100,325350,1,325448,1027272,325451,1,325452,510601,325452,320000,325453,0,325454,26,325456,11,325447,1958400,325449,1958400,325450,0,325451,0,325448,33,325450,11,325450,0,325451,0,325350,1,started,
325452,100,325452,1,325548,1023912,325550,1,325551,336867,325551,320000,325552,0,325552,22,325556,9,325547,1497600,325549,1958400,325550,0,325550,0,325548,20,325549,18,325550,0,325551,0,325451,1,started,
325551,100,325551,1,325649,1024236,325650,1,325651,1654813,325652,320000,325652,0,325653,72,325655,29,325647,1958400,325649,1958400,325650,0,325651,0,325648,53,325650,90,325650,0,325651,0,325551,1,started,
325651,100,325651,1,325749,1024328,325752,1,325753,1273409,325754,320000,325755,0,325756,55,325760,23,325748,1958400,325750,1958400,325751,0,325752,0,325749,100,325751,10,325751,0,325753,0,325651,1,started,
325754,100,325754,1,325850,1024576,325852,1,325853,1317136,325853,320000,325854,0,325855,72,325858,26,325848,1958400,325850,1267200,325851,0,325852,0,325849,100,325851,37,325852,0,325853,0,325753,1,started,
325853,100,325853,1,325950,1024824,325952,1,325953,1205192,325954,320000,325954,0,325955,57,325960,23,325948,1958400,325950,1267200,325952,0,325953,0,325950,100,325951,11,325952,0,325953,0,325853,1,started,
325953,100,325953,1,326050,1025196,326052,1,326052,1620140,326053,320000,326053,0,326054,70,326056,28,326049,1958400,326050,1958400,326051,0,326052,0,326050,100,326051,40,326052,0,326052,0,325953,1,started,
326052,100,326053,1,326152,1025320,326155,1,326156,1312830,326158,320000,326158,0,326159,65,326163,27,326149,1958400,326152,1267200,326154,0,326155,0,326151,100,326153,36,326154,0,326156,0,326052,1,started,
326157,100,326157,1,326251,1026360,326254,1,326256,1236003,326257,320000,326257,0,326258,68,326261,26,326249,1958400,326252,1267200,326254,0,326255,0,326251,90,326253,45,326254,0,326255,0,326156,1,started,
326256,100,326256,1,326354,1027348,326358,1,326359,1654813,326360,320000,326360,0,326361,70,326363,25,326352,1958400,326354,1958400,326357,0,326358,0,326353,80,326357,63,326357,0,326358,0,326256,1,started,
326359,100,326359,1,326456,1027636,326462,1,326463,2394505,326464,320000,326464,0,326465,80,326469,37,326452,1958400,326457,1958400,326460,1958400,326462,0,326453,80,326459,90,326461,37,326462,0,326359,1,started,
326463,100,326463,1,326557,1027732,326564,1,326566,299018,326567,320000,326568,0,326569,12,326573,8,326553,1958400,326558,1958400,326562,960000,326565,0,326557,10,326560,10,326564,30,326565,0,326463,1,started,
326566,100,326566,1,326655,1027312,326658,1,326659,618697,326660,320000,326660,0,326661,17,326665,10,326653,1958400,326655,1267200,326657,1958400,326658,0,326654,20,326656,9,326657,30,326659,0,326566,1,started,
326659,100,326659,1,326757,1025020,326766,1,326767,217338,326768,320000,326769,0,326771,40,326775,9,326754,1267200,326758,1267200,326761,1958400,326766,0,326755,20,326761,30,326764,0,326767,0,326659,1,started,
326767,100,326768,1,326855,1025156,326858,1,326859,1735716,326859,320000,326860,0,326860,75,326863,24,326854,1958400,326855,1958400,326856,0,326858,0,326855,50,326856,100,326857,0,326858,0,326767,1,started,
326859,100,326859,1,326956,1025404,326958,1,326959,1274081,326959,320000,326960,0,326961,61,326966,26,326954,1267200,326956,1958400,326957,0,326958,0,326955,27,326957,100,326958,0,326959,0,326858,1,started,
326959,100,326959,1,327056,1025644,327057,1,327058,1585466,327058,320000,327059,0,327059,72,327062,29,327054,1958400,327056,1958400,327057,0,327058,0,327055,37,327057,100,327057,0,327058,0,326959,1,started,
327058,100,327058,1,327156,1026016,327159,1,327159,1274081,327160,320000,327160,0,327161,61,327170,26,327155,1267200,327157,1958400,327158,0,327159,0,327156,27,327158,100,327158,0,327159,0,327058,1,started,
327159,100,327160,1,327256,1026264,327258,1,327259,1620140,327259,320000,327259,0,327260,70,327263,29,327255,1958400,327257,1958400,327258,0,327258,0,327256,40,327257,100,327258,0,327258,0,327159,1,started,
327259,100,327259,1,327357,1027232,327359,1,327360,1334358,327361,320000,327361,0,327364,66,327373,30,327355,1267200,327357,1958400,327359,0,327360,0,327357,41,327358,100,327359,0,327360,0,327258,1,started,
327360,100,327360,1,327457,1028244,327460,1,327460,1728628,327461,320000,327461,0,327462,64,327466,29,327456,1958400,327458,1958400,327459,960000,327460,0,327457,66,327458,72,327459,60,327460,0,327360,1,started,
327460,100,327460,1,327558,1028348,327560,1,327562,233216,327563,320000,327564,0,327565,10,327568,4,327556,1958400,327558,1497600,327559,960000,327561,0,327557,20,327559,0,327560,0,327561,0,327460,1,started,
327562,100,327562,1,327658,1025444,327660,1,327660,435133,327661,320000,327661,0,327662,11,327665,8,327656,1958400,327658,1267200,327659,960000,327660,0,327657,33,327659,12,327660,0,327660,0,327562,1,started,
327661,100,327661,1,327758,1024228,327760,1,327761,1654813,327761,320000,327761,0,327762,73,327764,30,327757,1958400,327758,1958400,327759,0,327760,0,327758,88,327759,55,327760,0,327760,0,327660,1,started,
327761,100,327761,1,327858,1024416,327860,1,327861,1273409,327862,320000,327862,0,327863,59,327866,23,327857,1958400,327859,1958400,327860,0,327860,0,327858,10,327859,100,327860,0,327860,0,327761,1,started,
327861,100,327861,1,327959,1024536,327961,1,327961,1305857,327962,320000,327962,0,327963,68,327966,29,327957,1497600,327959,1958400,327960,0,327961,0,327958,58,327960,81,327960,0,327961,0,327861,1,started,
327961,100,327962,1,328059,1024784,328062,1,328062,1286997,328063,320000,328063,0,328064,65,328067,26,328058,1267200,328060,1958400,328061,0,328062,0,328059,30,328061,100,328061,0,328062,0,327961,1,started,
328063,100,328063,1,328159,1025156,328161,1,328162,1735716,328162,320000,328162,0,328163,75,328165,29,328158,1958400,328160,1958400,328160,0,328161,0,328159,50,328160,100,328161,0,328161,0,328062,1,started,
328162,100,328162,1,328263,1025156,328267,1,328270,1273409,328273,320000,328273,0,328275,59,328281,25,328259,1958400,328263,1958400,328267,0,328269,0,328261,10,328265,100,328267,0,328269,0,328161,1,started,
328271,100,328271,1,328360,1026436,328362,1,328363,1500100,328363,320000,328364,0,328365,73,328367,31,328359,1497600,328360,1958400,328362,0,328362,0,328360,54,328361,100,328362,0,328363,0,328270,1,started,
328363,100,328363,1,328460,1027324,328464,1,328467,1222400,328469,320000,328475,0,328477,77,328496,28,328459,1267200,328461,1958400,328462,0,328464,0,328460,66,328462,81,328463,0,328466,0,328363,1,started,
328469,100,328469,1,328561,1027572,328564,1,328566,2695005,328566,320000,328567,0,328568,81,328571,47,328559,1958400,328561,1958400,328563,1958400,328565,0,328560,80,328562,81,328564,72,328565,0,328467,1,started,
328566,100,328566,1,328661,1027732,328663,1,328664,1793505,328665,320000,328665,0,328666,50,328669,31,328660,1958400,328661,1958400,328662,1958400,328664,0,328661,33,328662,50,328663,72,328664,0,328565,1,started,
328664,100,328664,1,328762,1027816,328764,1,328765,408330,328765,320000,328766,0,328766,13,328769,8,328760,1958400,328762,1958400,328763,1728000,328764,0,328761,20,328763,0,328764,20,328765,0,328664,1,started,
328765,100,328765,1,328863,1025172,328866,1,328867,535741,328868,320000,328869,0,328870,21,328875,12,328861,1958400,328863,1958400,328865,960000,328867,0,328862,12,328864,30,328866,22,328867,0,328765,1,started,
328868,100,328868,1,328964,1025228,328970,1,328971,1200887,328971,320000,328972,0,328973,53,328975,25,328961,1267200,328965,1958400,328969,0,328970,0,328964,10,328969,100,328970,0,328970,0,328867,1,started,
328971,100,328971,1,329063,1025528,329064,1,329065,1735716,329065,320000,329066,0,329067,70,329069,29,329061,1958400,329063,1958400,329064,0,329065,0,329062,50,329064,100,329064,0,329065,0,328971,1,started,
329065,100,329065,1,329164,1025652,329166,1,329167,954313,329168,320000,329168,0,329169,52,329172,21,329162,1267200,329164,1958400,329166,0,329166,0,329163,44,329165,66,329166,0,329167,0,329065,1,started,
329167,100,329167,1,329264,1025776,329266,1,329267,1273409,329268,320000,329269,0,329269,57,329272,25,329263,1958400,329265,1958400,329266,0,329267,0,329264,20,329265,90,329266,0,329267,0,329167,1,started,
329268,100,329268,1,329366,1026140,329370,1,329374,1205192,329375,320000,329376,0,329378,61,329384,25,329363,1267200,329367,1958400,329369,0,329372,0,329365,11,329369,100,329370,0,329372,0,329267,1,started,
329374,100,329374,1,329464,1026140,329466,1,329467,1620140,329467,320000,329467,0,329468,66,329470,27,329463,1958400,329465,1958400,329466,0,329466,0,329464,40,329465,100,329466,0,329466,0,329373,1,started,
329467,100,329467,1,329566,1027604,329568,1,329569,1252553,329569,320000,329570,0,329571,63,329576,25,329564,1267200,329566,1958400,329567,0,329568,0,329565,22,329567,100,329568,0,329569,0,329467,1,started,
329569,100,329569,1,329666,1028204,329668,1,329669,696868,329669,320000,329670,0,329671,47,329674,16,329664,1267200,329666,1958400,329668,0,329668,0,329665,54,329667,40,329668,0,329669,0,329569,1,started,
329669,100,329669,1,329767,1028204,329770,1,329771,131228,329772,320000,329772,0,329773,19,329777,5,329765,1267200,329767,1958400,329769,0,329770,0,329766,30,329768,0,329769,0,329770,0,329669,1,started,
329771,100,329771,1,329866,1024952,329868,1,329869,700044,329869,320000,329869,0,329870,41,329872,15,329865,1958400,329867,1267200,329867,0,329868,0,329866,44,329867,44,329868,0,329868,0,329771,1,started,
329869,100,329869,1,329968,1025560,329973,1,329974,1274081,329976,320000,329976,0,329978,65,329984,24,329966,1267200,329968,1958400,329971,0,329973,0,329967,27,329969,100,329971,0,329974,0,329868,1,started,
329974,100,329975,1,330067,1025808,330069,1,330070,1666370,330071,320000,330072,0,330072,73,330075,31,330066,1958400,330068,1958400,330069,0,330070,0,330067,44,330068,100,330069,0,330070,0,329974,1,started,
330070,100,330071,1,330168,1026160,330173,1,330177,1299914,330179,320000,330180,0,330182,68,330194,28,330166,1267200,330169,1958400,330170,0,330174,0,330167,33,330170,100,330172,0,330175,0,330070,1,started,
330177,100,330177,1,330268,1025484,330270,1,330271,1441996,330272,320000,330272,0,330274,84,330279,30,330266,1267200,330268,1958400,330270,0,330270,0,330268,66,330269,100,330270,0,330271,0,330176,1,started,
330271,100,330271,1,330373,1022424,330378,1,330380,1205192,330381,320000,330382,0,330385,61,330390,24,330368,1267200,330373,1958400,330376,0,330378,0,330370,11,330375,100,330377,0,330379,0,330271,1,started,
330380,100,330380,1,330469,1022920,330471,1,330472,1735716,330473,320000,330473,0,330474,70,330477,31,330467,1958400,330469,1958400,330470,0,330471,0,330468,50,330470,100,330471,0,330471,0,330379,1,started,
330472,100,330472,1,330569,1024404,330576,1,330580,1299914,330582,320000,330591,0,330594,73,330620,29,330567,1267200,330569,1958400,330575,0,330576,0,330569,33,330575,100,330576,0,330577,0,330472,1,started,
330581,100,330581,1,330669,1024568,330672,1,330673,1974463,330674,320000,330675,0,330676,70,330679,32,330668,1958400,330670,1958400,330671,960000,330673,0,330669,88,330671,80,330672,14,330673,0,330577,1,started,
330674,100,330674,1,330771,1024812,330774,1,330775,129197,330776,320000,330776,0,330777,3,330780,2,330768,1958400,330772,1497600,330773,960000,330775,0,330770,11,330773,0,330774,0,330775,0,330673,1,started,
330775,100,330775,1,330870,1022304,330872,1,330873,674668,330873,320000,330873,0,330874,24,330877,13,330868,1958400,330870,1267200,330871,960000,330872,0,330869,50,330871,22,330872,0,330872,0,330775,1,started,
330873,100,330873,1,330970,1022612,330972,1,330973,884509,330974,320000,330974,0,330975,54,330977,21,330968,1958400,330970,1267200,330971,0,330972,0,330969,54,330971,60,330972,0,330973,0,330872,1,started,
330973,100,330973,1,331073,1022816,331077,1,331080,1273409,331082,320000,331082,0,331084,59,331089,25,331069,1958400,331074,1958400,331076,0,331078,0,331071,10,331076,100,331077,0,331079,0,330973,1,started,
331080,100,331080,1,331171,1023292,331174,1,331175,1394635,331176,320000,331176,0,331178,76,331183,30,331169,1267200,331171,1958400,331173,0,331174,0,331170,55,331173,100,331174,0,331175,0,331079,1,started,
331175,100,331175,1,331271,1023664,331273,1,331273,1573909,331274,320000,331274,0,331275,66,331277,29,331269,1958400,331271,1958400,331272,0,331273,0,331270,36,331272,100,331272,0,331273,0,331175,1,started,
331273,100,331273,1,331372,1023972,331374,1,331375,1299914,331376,320000,331376,0,331377,68,331380,27,331370,1267200,331372,1958400,331373,0,331374,0,331371,33,331373,100,331374,0,331375,0,331273,1,started,
331375,100,331375,1,331473,1024716,331478,1,331482,1284966,331483,320000,331484,0,331486,61,331492,25,331470,1958400,331474,1958400,331476,0,331479,0,331471,11,331476,100,331478,0,331482,0,331375,1,started,
331482,100,331482,1,331572,1026064,331584,1,331591,1429079,331592,320000,331592,0,331593,81,331595,32,331570,1267200,331573,1958400,331575,0,331591,0,331572,63,331574,100,331576,0,331591,0,331482,1,started,
331591,100,331591,1,331672,1026412,331675,1,331676,696868,331676,320000,331677,0,331678,35,331681,11,331671,1267200,331673,1958400,331674,0,331675,0,331672,54,331674,40,331674,0,331675,0,331591,1,started,
331676,100,331676,1,331773,1026720,331776,1,331777,565214,331778,320000,331779,0,331780,23,331783,8,331771,1958400,331774,1267200,331775,0,331777,0,331772,45,331775,10,331776,0,331777,0,331675,1,started,
331778,100,331778,1,331873,1023836,331876,1,331876,641797,331877,320000,331878,0,331878,47,331881,16,331871,1958400,331874,1267200,331875,0,331876,0,331873,33,331875,60,331875,0,331876,0,331777,1,started,
331877,100,331877,1,331974,1024104,331976,1,331976,921899,331977,320000,331977,0,331978,61,331980,19,331972,1267200,331974,1958400,331975,0,331976,0,331973,66,331975,55,331975,0,331976,0,331876,1,started,
331976,100,331976,1,332074,1024692,332076,1,332077,1261851,332078,320000,332079,0,332079,52,332082,19,332072,1958400,332074,1958400,332076,0,332077,0,332073,100,332075,9,332076,0,332077,0,331976,1,started,
332077,100,332078,1,332174,1025064,332177,1,332177,1116121,332178,320000,332179,0,332179,63,332183,25,332173,1958400,332175,1267200,332176,0,332177,0,332174,80,332176,44,332176,0,332177,0,332077,1,started,
332178,100,332178,1,332275,1025436,332278,1,332279,1252553,332280,320000,332281,0,332282,63,332285,25,332273,1958400,332276,1267200,332277,0,332278,0,332274,100,332277,22,332278,0,332279,0,332177,1,started,
332279,100,332280,1,332378,1026064,332385,1,332387,1235331,332389,320000,332391,0,332393,60,332398,25,332373,1958400,332379,1267200,332383,0,332385,0,332377,100,332382,18,332384,0,332386,0,332279,1,started,
332388,100,332388,1,332482,1026188,332484,1,332485,1701043,332485,320000,332486,0,332486,70,332489,28,332474,1958400,332483,1958400,332484,0,332484,0,332475,87,332484,60,332484,0,332485,0,332387,1,started,
332485,100,332485,1,332575,1027076,332577,1,332578,1157832,332578,320000,332579,0,332580,56,332582,21,332574,1958400,332576,1958400,332577,0,332577,0,332575,100,332576,0,332577,0,332578,0,332485,1,started,
332578,100,332578,1,332676,1028776,332677,1,332678,1516120,332681,320000,332681,0,332682,65,332684,26,332674,1958400,332676,1958400,332677,0,332678,0,332675,77,332677,54,332677,0,332678,0,332578,1,started,
332678,100,332678,1,332776,1027792,332778,1,332778,1943755,332779,320000,332781,0,332781,84,332784,35,332775,1958400,332776,1958400,332777,0,332778,0,332775,80,332777,88,332777,0,332778,0,332678,1,started,
332778,100,332778,1,332878,1027864,332886,1,332887,2241892,332888,320000,332889,0,332892,88,332895,39,332876,1958400,332878,1958400,332883,960000,332886,0,332878,90,332881,100,332885,20,332887,0,332778,1,started,
332887,100,332887,1,332979,1027944,332982,1,332985,1365870,332985,200000,332986,0,332987,37,332990,19,332977,1958400,332979,1958400,332980,1958400,332984,0,332978,37,332980,37,332981,44,332984,0,332887,1,started,
332985,100,332985,1,333079,1027944,333081,1,333082,510601,333084,200000,333085,0,333086,15,333089,9,333078,1958400,333079,1958400,333080,1958400,333082,0,333079,33,333080,0,333081,11,333082,0,332984,1,started,
333082,100,333083,1,333180,1025032,333184,1,333189,251782,333191,200000,333192,0,333195,33,333206,14,333178,1267200,333180,1267200,333183,0,333186,0,333179,33,333181,25,333184,0,333187,0,333082,1,started,
333189,100,333189,1,333280,1025544,333281,1,333282,1920640,333282,320000,333283,0,333283,82,333286,31,333278,1958400,333280,1958400,333281,0,333281,0,333279,66,333281,100,333281,0,333282,0,333187,1,started,
333282,100,333282,1,333381,1025820,333385,1,333388,1243942,333391,320000,333392,0,333395,63,333402,26,333379,1267200,333381,1958400,333384,0,333387,0,333380,20,333382,100,333384,0,333387,0,333282,1,started,
333389,100,333389,1,333480,1025944,333482,1,333483,1643255,333483,320000,333483,0,333484,70,333486,28,333479,1958400,333481,1958400,333481,0,333482,0,333480,72,333481,70,333482,0,333482,0,333388,1,started,
333483,100,333483,1,333581,1026316,333583,1,333584,1312830,333585,320000,333585,0,333586,66,333589,28,333579,1267200,333581,1958400,333583,0,333584,0,333581,36,333582,100,333583,0,333584,0,333483,1,started,
333584,100,333584,1,333681,1026316,333683,1,333684,1666370,333684,320000,333684,0,333685,73,333687,29,333680,1958400,333681,1958400,333682,0,333683,0,333681,44,333682,100,333683,0,333683,0,333584,1,started,
333684,100,333684,1,333786,1026984,333795,1,333798,1274081,333801,320000,333802,0,333804,66,333812,27,333781,1267200,333788,1958400,333792,0,333796,0,333784,27,333791,100,333794,0,333798,0,333683,1,started,
333798,100,333799,1,333882,1028084,333884,1,333885,1978428,333886,320000,333886,0,333887,85,333892,34,333880,1958400,333882,1958400,333883,0,333884,0,333881,71,333883,100,333883,0,333884,0,333798,1,started,
333885,100,333885,1,333983,1028084,333985,1,333986,707082,333987,320000,333988,0,333988,31,333991,13,333981,1958400,333983,1958400,333984,0,333986,0,333982,41,333984,20,333985,0,333986,0,333885,1,started,
333987,100,333987,1,334083,1028084,334085,1,334086,441255,334087,320000,334087,0,334088,19,334090,7,334081,1958400,334083,1958400,334084,0,334085,0,334082,11,334084,27,334085,0,334085,0,333986,1,started,
334086,100,334086,1,334184,1025384,334187,1,334189,380948,334190,320000,334191,0,334192,43,334196,16,334181,1267200,334184,1267200,334186,0,334188,0,334183,55,334185,33,334187,0,334188,0,334086,1,started,
334189,100,334189,1,334283,1025596,334285,1,334286,1573909,334286,320000,334286,0,334287,65,334289,24,334281,1958400,334283,1958400,334284,0,334285,0,334283,100,334284,36,334285,0,334285,0,334189,1,started,
334286,100,334286,1,334383,1025952,334385,1,334386,1458332,334386,320000,334387,0,334388,61,334391,25,334382,1958400,334384,1958400,334385,0,334385,0,334383,36,334384,90,334385,0,334386,0,334285,1,started,
334386,100,334386,1,334484,1026200,334486,1,334487,1331197,334488,320000,334489,0,334489,55,334492,25,334482,1958400,334485,1958400,334486,0,334487,0,334484,88,334485,27,334486,0,334487,0,334386,1,started,
334488,100,334488,1,334584,1026324,334586,1,334587,1347981,334587,320000,334588,0,334588,65,334591,27,334582,1958400,334584,1497600,334585,0,334586,0,334584,100,334585,30,334586,0,334586,0,334487,1,started,
334587,100,334587,1,334684,1026696,334686,1,334687,1209498,334688,320000,334688,0,334689,61,334692,23,334683,1958400,334685,1267200,334686,0,334687,0,334684,100,334686,12,334686,0,334687,0,334586,1,started,
334687,100,334687,1,334784,1026944,334786,1,334787,1585466,334788,320000,334788,0,334789,72,334791,27,334783,1958400,334785,1958400,334786,0,334787,0,334784,100,334786,37,334786,0,334787,0,334687,1,started,
334787,100,334787,1,334885,1028568,334887,1,334887,1284966,334889,320000,334890,0,334893,61,334899,25,334883,1958400,334885,1958400,334886,0,334887,0,334884,100,334886,11,334886,0,334887,0,334787,1,started,
334887,100,334887,1,334985,1028816,334988,1,334989,1367886,334990,320000,334990,0,334991,83,334993,30,334984,1958400,334985,1267200,334987,0,334988,0,334985,88,334986,81,334988,0,334989,0,334887,1,started,
334989,100,334990,1,335087,1028816,335091,1,335093,295081,335094,320000,335094,0,335095,19,335098,7,335084,1958400,335088,1267200,335091,0,335092,0,335086,22,335090,9,335091,0,335092,0,334989,1,started,
335093,100,335093,1,335186,1028396,335189,1,335191,253014,335192,320000,335192,0,335194,26,335198,8,335184,1574400,335187,1267200,335189,0,335190,0,335186,22,335188,22,335189,0,335190,0,335092,1,started,
335191,100,335191,1,335286,1025200,335288,1,335288,1851293,335289,320000,335289,0,335290,77,335292,27,335285,1958400,335286,1958400,335287,0,335288,0,335286,60,335287,100,335287,0,335288,0,335190,1,started,
335288,100,335288,1,335388,1025788,335392,1,335394,1200887,335396,320000,335397,0,335398,59,335404,24,335385,1267200,335388,1958400,335391,0,335393,0,335387,10,335390,100,335391,0,335393,0,335288,1,started,
335395,100,335395,1,335487,1025912,335488,1,335489,1805063,335489,320000,335490,0,335490,76,335493,31,335485,1958400,335487,1958400,335488,0,335488,0,335486,66,335488,90,335488,0,335489,0,335394,1,started,
335489,100,335489,1,335589,1026160,335594,1,335597,1274081,335600,320000,335601,0,335605,68,335612,28,335586,1267200,335590,1958400,335593,0,335595,0,335587,27,335591,100,335594,0,335596,0,335489,1,started,
335598,100,335599,1,335688,1026532,335690,1,335691,1735716,335691,320000,335692,0,335693,72,335695,30,335686,1958400,335688,1958400,335689,0,335690,0,335687,50,335689,100,335689,0,335690,0,335597,1,started,
335691,100,335691,1,335788,1026532,335790,1,335791,1334358,335791,320000,335792,0,335794,68,335797,28,335786,1267200,335788,1958400,335789,0,335790,0,335787,41,335789,100,335790,0,335791,0,335691,1,started,
335791,100,335791,1,335888,1027748,335891,1,335891,1089616,335894,320000,335894,0,335897,55,335903,21,335887,1267200,335889,1958400,335890,0,335891,0,335888,11,335890,90,335890,0,335891,0,335791,1,started,
335892,100,335892,1,335988,1028224,335991,1,335992,1793505,335993,320000,335993,0,335994,69,335998,28,335987,1958400,335989,1958400,335990,960000,335991,960000,335988,75,335989,80,335991,0,335992,0,335891,1,started,
335992,100,335992,1,336089,1028224,336091,1,336092,188419,336093,320000,336093,0,336094,10,336097,5,336087,1958400,336089,1958400,336090,960000,336091,960000,336088,0,336090,11,336091,0,336092,27,335992,1,started,
336092,100,336092,1,336189,1025420,336192,1,336194,348793,336194,320000,336195,0,336196,8,336200,6,336188,1958400,336189,1958400,336191,960000,336192,960000,336189,20,336190,10,336191,0,336193,0,336092,1,started,
336194,100,336194,1,336289,1025788,336291,1,336292,926678,336292,320000,336293,0,336293,43,336296,17,336288,1958400,336290,1958400,336291,0,336292,0,336289,36,336290,44,336291,0,336292,0,336193,1,started,
336292,100,336292,1,336390,1026084,336394,1,336396,1171420,336396,320000,336397,0,336398,65,336401,24,336388,1958400,336391,1267200,336393,0,336395,0,336390,90,336392,30,336394,0,336395,0,336292,1,started,
336396,100,336396,1,336490,1026332,336492,1,336492,1689486,336493,320000,336493,0,336494,68,336496,27,336489,1958400,336490,1958400,336491,0,336492,0,336490,66,336491,80,336491,0,336492,0,336395,1,started,
336492,100,336492,1,336591,1026456,336593,1,336594,1127471,336595,320000,336596,0,336596,61,336599,24,336589,1958400,336591,1574400,336592,0,336594,0,336590,90,336592,12,336593,0,336594,0,336492,1,started,
336594,100,336595,1,336694,1026828,336700,1,336703,1274081,336705,320000,336705,0,336708,63,336713,26,336690,1958400,336695,1267200,336698,0,336701,0,336692,100,336697,27,336699,0,336701,0,336594,1,started,
336703,100,336703,1,336791,1026952,336793,1,336793,1620140,336794,320000,336794,0,336795,68,336797,29,336790,1958400,336791,1958400,336792,0,336793,0,336790,100,336792,40,336792,0,336793,0,336702,1,started,
336793,100,336793,1,336891,1028060,336893,1,336894,1469890,336894,320000,336895,0,336895,57,336898,25,336890,1958400,336892,1958400,336893,0,336893,0,336891,100,336892,27,336893,0,336894,0,336793,1,started,
336894,100,336894,1,336992,1028804,336998,1,336999,1781947,337000,320000,337001,0,337002,75,337004,30,336990,1958400,336992,1958400,336996,0,336998,0,336992,66,336993,88,336997,0,336999,0,336894,1,started,
337000,100,337000,1,337042,1028900,337044,1,337045,753313,337046,320000,337046,0,337047,30,337049,5,337041,1958400,337043,1958400,337044,0,337045,0,337042,25,337043,40,337044,0,337045,0,336999,1,started,
337045,100,337046,1,337143,1028900,337146,1,337147,518983,337148,320000,337148,0,337149,28,337152,11,337141,1958400,337143,1267200,337145,0,337146,0,337142,41,337144,10,337145,0,337146,0,337045,1,started,
337147,100,337147,1,337243,1025892,337245,1,337246,593536,337247,320000,337247,0,337248,35,337251,13,337241,1958400,337244,1267200,337245,0,337246,0,337242,40,337245,30,337245,0,337246,0,337147,1,started,
337246,100,337247,1,337343,1026304,337345,1,337346,1262882,337346,320000,337347,0,337347,73,337350,29,337341,1728000,337344,1728000,337345,0,337345,0,337343,100,337344,44,337345,0,337345,0,337246,1,started,
337346,100,337346,1,337444,1026676,337448,1,337451,1243942,337453,320000,337453,0,337455,63,337465,25,337442,1958400,337444,1267200,337446,0,337449,0,337443,100,337445,20,337446,0,337449,0,337346,1,started,
337451,100,337451,1,337543,1026800,337545,1,337546,1677928,337546,320000,337547,0,337547,68,337553,29,337542,1958400,337543,1958400,337544,0,337545,0,337543,100,337544,45,337545,0,337545,0,337449,1,started,
337546,100,337546,1,337644,1026256,337645,1,337646,1504563,337647,320000,337647,0,337648,65,337650,28,337642,1958400,337644,1958400,337645,0,337646,0,337643,50,337645,80,337645,0,337646,0,337545,1,started,
337646,100,337646,1,337744,1022784,337746,1,337746,1157832,337747,320000,337747,0,337748,58,337750,21,337742,1958400,337744,1958400,337745,0,337746,0,337743,0,337745,100,337745,0,337746,0,337646,1,started,
337746,100,337746,1,337844,1023280,337846,1,337847,1227553,337848,320000,337851,0,337853,57,337858,25,337843,1497600,337845,1958400,337846,0,337847,0,337844,11,337845,100,337846,0,337847,0,337746,1,started,
337847,100,337847,1,337945,1024552,337947,1,337954,1735716,337955,320000,337955,0,337956,77,337959,32,337944,1958400,337946,1958400,337947,0,337947,0,337945,50,337946,100,337947,0,337948,0,337847,1,started,
337954,100,337955,1,338046,1024724,338048,1,338049,961351,338049,320000,338050,0,338050,38,338053,15,338044,1958400,338046,1958400,338047,0,338048,0,338046,50,338047,33,338048,0,338048,0,337948,1,started,
338049,100,338049,1,338146,1024956,338148,1,338148,441255,338149,320000,338149,0,338150,20,338153,7,338145,1958400,338146,1958400,338147,0,338148,0,338146,11,338147,27,338148,0,338148,0,338048,1,started,
338149,100,338149,1,338247,1021916,338249,1,338250,1342755,338251,320000,338251,0,338252,57,338255,25,338245,1958400,338247,1958400,338248,0,338249,0,338246,36,338248,80,338249,0,338250,0,338148,1,started,
338250,100,338250,1,338347,1022516,338351,1,338352,1284966,338356,320000,338357,0,338359,61,338368,23,338345,1958400,338347,1958400,338348,0,338351,0,338346,11,338348,100,338350,0,338351,0,338250,1,started,
338354,100,338354,1,338447,1023028,338449,1,338450,1781947,338451,320000,338452,0,338453,76,338455,32,338446,1958400,338448,1958400,338449,0,338450,0,338447,54,338448,100,338449,0,338450,0,338352,1,started,
338451,100,338451,1,338548,1023276,338552,1,338558,1299914,338560,320000,338562,0,338563,71,338571,29,338546,1267200,338549,1958400,338550,0,338556,0,338547,33,338550,100,338551,0,338556,0,338450,1,started,
338558,100,338558,1,338648,1023896,338650,1,338651,1677928,338652,320000,338653,0,338653,68,338656,29,338646,1958400,338648,1958400,338649,0,338650,0,338647,45,338649,100,338650,0,338651,0,338557,1,started,
338651,100,338651,1,338749,1024020,338754,1,338758,1312830,338760,320000,338763,0,338765,69,338769,29,338747,1267200,338749,1958400,338752,0,338754,0,338748,36,338751,100,338753,0,338756,0,338651,1,started,
338758,100,338758,1,338848,1025644,338850,1,338851,1666370,338851,320000,338852,0,338853,68,338855,29,338847,1958400,338849,1958400,338850,0,338850,0,338848,44,338849,100,338850,0,338851,0,338756,1,started,
338851,100,338851,1,338949,1026452,338954,1,338957,1583355,338959,320000,338964,0,338966,79,338972,33,338947,1728000,338949,1958400,338950,0,338955,0,338948,75,338950,80,338953,0,338956,0,338851,1,started,
338957,100,338958,1,339051,1026768,339053,1,339054,1909082,339054,320000,339055,0,339055,47,339058,24,339049,1958400,339051,1958400,339052,1958400,339053,0,339050,62,339052,70,339053,33,339054,0,338956,1,started,
339054,100,339054,1,339152,1027228,339158,1,339159,188419,339160,320000,339160,0,339162,10,339168,6,339150,1958400,339155,1958400,339156,960000,339158,0,339151,11,339156,0,339158,27,339159,0,339054,1,started,
339159,100,339159,1,339252,1023852,339256,1,339257,616054,339258,320000,339259,0,339260,26,339265,11,339250,1958400,339253,1958400,339254,960000,339256,0,339251,18,339254,30,339256,27,339257,0,339159,1,started,
339257,100,339257,1,339352,1024480,339358,1,339363,972353,339364,320000,339366,0,339368,72,339375,27,339350,1267200,339353,1728000,339356,0,339360,0,339351,22,339355,100,339358,0,339360,0,339257,1,started,
339363,100,339363,1,339452,1024976,339455,1,339456,1677928,339456,320000,339457,0,339458,68,339460,30,339451,1958400,339453,1958400,339454,0,339455,0,339452,45,339454,100,339454,0,339455,0,339361,1,started,
339456,100,339456,1,339553,1025528,339556,1,339556,1268859,339557,320000,339557,0,339558,70,339561,29,339552,1267200,339554,1958400,339555,0,339556,0,339553,58,339555,88,339555,0,339556,0,339455,1,started,
339557,100,339557,1,339654,1026144,339656,1,339657,1286997,339657,320000,339658,0,339659,65,339662,25,339652,1267200,339654,1958400,339655,0,339656,0,339653,30,339655,100,339656,0,339657,0,339556,1,started,
339657,100,339657,1,339755,1026268,339761,1,339764,1274081,339768,320000,339770,0,339772,65,339781,26,339753,1267200,339755,1958400,339759,0,339762,0,339754,27,339758,100,339759,0,339764,0,339657,1,started,
339764,100,339766,1,339854,1027060,339856,1,339856,1643255,339857,320000,339857,0,339858,73,339860,24,339853,1958400,339854,1958400,339855,0,339856,0,339854,42,339855,100,339855,0,339856,0,339764,1,started,
339856,100,339856,1,339955,1028712,339957,1,339958,1136976,339958,320000,339959,0,339960,57,339965,23,339953,1267200,339955,1958400,339957,0,339957,0,339954,22,339956,90,339957,0,339958,0,339856,1,started,
339958,100,339958,1,340054,1028964,340056,1,340057,868889,340057,320000,340058,0,340059,35,340061,14,340053,1958400,340055,1958400,340056,0,340056,0,340054,50,340056,25,340056,0,340057,0,339958,1,started,
340057,100,340057,1,340157,1029088,340161,1,340163,45118,340179,320000,340179,0,340180,20,340182,8,340155,1958400,340158,1267200,340160,0,340161,0,340157,0,340160,10,340160,0,340162,0,340057,1,started,
340164,100,340178,1,340255,1024780,340257,1,340258,1643255,340258,320000,340259,0,340259,64,340261,25,340254,1958400,340256,1958400,340257,0,340257,0,340255,100,340256,42,340257,0,340258,0,340163,1,started,
340258,100,340258,1,340356,1025072,340358,1,340359,689387,340359,320000,340360,0,340361,52,340363,21,340354,1958400,340356,1267200,340357,0,340358,0,340355,36,340357,63,340357,0,340358,0,340258,1,started,
340359,100,340359,1,340456,1025568,340458,1,340459,1620140,340460,320000,340461,0,340461,70,340463,29,340455,1958400,340457,1958400,340458,0,340459,0,340456,40,340457,100,340458,0,340459,0,340359,1,started,
340460,100,340460,1,340561,1025816,340565,1,340566,1286997,340567,320000,340568,0,340569,68,340579,28,340556,1267200,340562,1958400,340564,0,340565,0,340558,30,340563,100,340564,0,340566,0,340459,1,started,
340566,100,340567,1,340657,1026312,340658,1,340659,1735716,340659,320000,340660,0,340660,72,340663,29,340655,1958400,340657,1958400,340658,0,340659,0,340656,50,340658,100,340658,0,340659,0,340566,1,started,
340659,100,340659,1,340757,1026436,340760,1,340760,1286997,340761,320000,340761,0,340764,65,340773,28,340756,1267200,340758,1958400,340759,0,340760,0,340757,30,340759,100,340759,0,340760,0,340659,1,started,
340760,100,340761,1,340857,1026980,340859,1,340860,1504563,340860,320000,340860,0,340861,65,340864,26,340856,1958400,340858,1958400,340859,0,340859,0,340857,30,340858,100,340859,0,340859,0,340760,1,started,
340860,100,340860,1,340958,1028448,340961,1,340962,1347274,340969,320000,340972,0,340973,78,340975,31,340956,1267200,340959,1958400,340960,0,340961,0,340958,44,340960,100,340960,0,340961,0,340860,1,started,
340962,100,340962,1,341058,1028832,341060,1,341061,1966870,341061,320000,341064,0,341071,83,341079,36,341057,1958400,341058,1958400,341059,0,341060,0,341057,80,341059,90,341060,0,341060,0,340961,1,started,
341061,100,341061,1,341158,1028868,341160,1,341161,2059332,341161,320000,341162,0,341166,89,341173,38,341157,1958400,341159,1958400,341160,0,341160,0,341158,90,341159,88,341160,0,341161,0,341060,1,started,
341161,100,341161,1,341260,1028956,341264,1,341265,1937848,341266,200000,341268,0,341269,72,341272,33,341259,1958400,341261,1958400,341262,960000,341264,0,341260,81,341262,77,341263,50,341264,0,341161,1,started,
341266,100,341266,1,341360,1028956,341363,1,341364,545274,341365,320000,341365,0,341366,16,341369,10,341358,1958400,341360,1958400,341362,960000,341363,0,341359,27,341361,20,341362,0,341364,0,341265,1,started,
341364,100,341364,1,341460,1025716,341462,1,341463,695524,341464,320000,341464,0,341465,20,341468,11,341458,1958400,341460,1958400,341461,960000,341462,0,341459,30,341461,30,341462,0,341463,0,341364,1,started,
341463,100,341463,1,341561,1025952,341563,1,341564,698106,341565,320000,341565,0,341566,56,341569,25,341559,1574400,341561,1267200,341562,0,341563,0,341560,58,341562,66,341563,0,341564,0,341463,1,started,
341564,100,341564,1,341661,1026312,341664,1,341666,1235331,341667,320000,341667,0,341668,55,341672,20,341659,1958400,341662,1267200,341664,0,341665,0,341660,100,341663,18,341664,0,341665,0,341564,1,started,
341666,100,341666,1,341761,1026512,341763,1,341764,1735716,341764,320000,341765,0,341765,73,341768,30,341759,1958400,341761,1958400,341762,0,341763,0,341760,50,341762,100,341762,0,341763,0,341666,1,started,
341764,100,341764,1,341861,1026884,341864,1,341865,1365870,341865,320000,341866,0,341867,55,341869,23,341860,1958400,341862,1958400,341863,0,341864,0,341861,100,341863,18,341863,0,341864,0,341763,1,started,
341865,100,341865,1,341961,1027380,341964,1,341965,1075085,341965,320000,341966,0,341967,63,341969,26,341960,1958400,341962,1497600,341963,0,341964,0,341961,38,341963,100,341963,0,341965,0,341864,1,started,
341965,100,341965,1,342062,1027256,342065,1,342066,1200887,342067,320000,342068,0,342069,55,342072,23,342060,1958400,342063,1267200,342064,0,342065,0,342062,100,342064,10,342065,0,342066,0,341965,1,started,
342067,100,342067,1,342163,1028144,342166,1,342167,1235331,342168,320000,342169,0,342170,57,342173,25,342161,1958400,342163,1267200,342165,0,342166,0,342162,100,342164,18,342165,0,342167,0,342066,1,started,
342167,100,342168,1,342262,1029556,342268,1,342269,1793505,342273,320000,342274,0,342278,80,342281,34,342261,1958400,342263,1958400,342265,0,342268,0,342262,55,342264,100,342267,0,342268,0,342167,1,started,
342269,100,342269,1,342364,1029552,342367,1,342368,752944,342369,320000,342369,0,342370,27,342373,10,342361,1958400,342364,1497600,342366,0,342367,0,342363,54,342366,20,342366,0,342367,0,342269,1,started,
342368,100,342368,1,342463,1029552,342465,1,342466,441255,342467,320000,342468,0,342468,18,342471,8,342462,1958400,342464,1958400,342465,0,342466,0,342463,20,342464,18,342465,0,342466,0,342368,1,started,
342467,100,342467,1,342564,1026764,342566,1,342567,380948,342568,320000,342569,0,342569,47,342573,17,342562,1267200,342564,1267200,342566,0,342567,0,342563,44,342565,44,342566,0,342567,0,342466,1,started,
342567,100,342568,1,342684,1027300,342686,1,342687,1597024,342687,320000,342689,0,342689,68,342692,26,342682,1958400,342684,1958400,342685,0,342686,0,342683,100,342685,38,342686,0,342686,0,342567,1,started,
342687,100,342687,1,342764,1026448,342766,1,342767,1874409,342767,320000,342767,0,342768,81,342770,35,342763,1958400,342764,1958400,342765,0,342766,0,342764,100,342765,62,342766,0,342766,0,342687,1,started,
342767,100,342767,1,342865,1026576,342866,1,342867,1296524,342868,320000,342868,0,342869,55,342871,23,342863,1958400,342865,1958400,342866,0,342867,0,342864,90,342866,22,342866,0,342867,0,342766,1,started,
342867,100,342867,1,342965,1026696,342967,1,342967,1469890,342968,320000,342968,0,342969,65,342971,27,342963,1958400,342965,1958400,342966,0,342967,0,342964,100,342966,27,342966,0,342967,0,342867,1,started,
342967,100,342967,1,343065,1027068,343067,1,343068,1265470,343073,320000,343073,0,343074,62,343076,27,343064,1958400,343065,1267200,343066,0,343067,0,343065,100,343066,25,343067,0,343067,0,342967,1,started,
343072,100,343072,1,343165,1027068,343167,1,343168,1469890,343168,320000,343169,0,343169,57,343172,25,343164,1958400,343166,1958400,343167,0,343167,0,343165,100,343166,27,343167,0,343168,0,343067,1,started,
343168,100,343168,1,343266,1028644,343268,1,343268,1446774,343269,320000,343269,0,343270,66,343272,26,343264,1958400,343266,1958400,343267,0,343268,0,343265,100,343267,25,343267,0,343268,0,343168,1,started,
343268,100,343268,1,343367,1028908,343379,1,343384,1325934,343386,320000,343387,0,343388,72,343396,31,343365,1958400,343367,1728000,343371,0,343381,0,343366,60,343369,72,343372,0,343382,0,343268,1,started,
343385,100,343385,1,343473,1029212,343477,1,343479,2042458,343479,320000,343480,0,343481,73,343489,34,343471,1958400,343473,1958400,343475,960000,343478,0,343472,87,343475,81,343477,45,343478,0,343384,1,started,
343479,100,343479,1,343574,1029088,343576,1,343577,1851293,343577,200000,343578,0,343578,51,343583,30,343573,1958400,343574,1958400,343575,1958400,343576,0,343574,63,343575,37,343576,60,343577,0,343478,1,started,
343577,100,343577,1,343674,1029088,343676,1,343677,568389,343678,320000,343678,0,343679,16,343682,10,343673,1958400,343675,1958400,343676,1958400,343677,0,343674,40,343675,9,343676,0,343677,0,343577,1,started,
343677,100,343677,1,343775,1026156,343777,1,343778,301418,343778,320000,343779,0,343779,17,343783,10,343773,1267200,343775,1267200,343776,1958400,343777,0,343774,20,343776,20,343777,11,343778,0,343677,1,started,
343778,100,343778,1,343875,1026120,343878,1,343880,1157832,343881,320000,343881,0,343883,54,343886,16,343874,1267200,343876,1958400,343878,0,343879,0,343875,0,343877,100,343878,0,343879,0,343778,1,started,
343880,100,343880,1,343976,1026616,343981,1,343985,1299914,343988,320000,343988,0,343992,71,343997,27,343974,1267200,343976,1958400,343979,0,343981,0,343975,33,343978,100,343979,0,343984,0,343879,1,started,
343986,100,343986,1,344076,1026812,344077,1,344078,1620140,344078,320000,344079,0,344079,66,344082,25,344074,1958400,344076,1958400,344077,0,344077,0,344075,60,344077,80,344077,0,344078,0,343984,1,started,
344078,100,344078,1,344176,1026932,344178,1,344178,1504563,344179,320000,344179,0,344180,65,344184,27,344175,1958400,344176,1958400,344177,0,344178,0,344176,30,344177,100,344178,0,344178,0,344078,1,started,
344179,100,344179,1,344276,1027304,344278,1,344279,1469890,344280,320000,344280,0,344281,61,344283,27,344275,1958400,344276,1958400,344277,0,344278,0,344276,27,344277,100,344278,0,344278,0,344178,1,started,
344279,100,344279,1,344377,1027468,344380,1,344381,1312830,344381,320000,344382,0,344383,69,344387,29,344375,1267200,344378,1958400,344379,0,344380,0,344377,36,344379,100,344379,0,344380,0,344279,1,started,
344381,100,344381,1,344477,1028968,344479,1,344480,1252553,344481,320000,344481,0,344482,58,344504,24,344476,1267200,344478,1958400,344479,0,344480,0,344477,22,344478,100,344479,0,344480,0,344380,1,started,
344480,100,344480,1,344577,1029496,344580,1,344581,1458332,344581,320000,344582,0,344583,61,344586,23,344576,1958400,344578,1958400,344579,0,344580,0,344577,60,344578,66,344579,0,344580,0,344480,1,started,
344581,100,344581,1,344677,1029496,344679,1,344680,244774,344680,320000,344681,0,344681,5,344684,2,344676,1958400,344678,1958400,344679,0,344679,0,344677,11,344678,10,344679,0,344680,0,344580,1,started,
344680,100,344680,1,344778,1026300,344779,1,344780,555687,344780,320000,344781,0,344781,36,344786,14,344776,1958400,344778,1267200,344779,0,344780,0,344777,33,344779,40,344779,0,344780,0,344680,1,started,
344780,100,344780,1,344878,1026756,344880,1,344880,1585466,344881,320000,344881,0,344882,72,344884,26,344877,1958400,344878,1958400,344879,0,344880,0,344878,37,344879,100,344879,0,344880,0,344780,1,started,
344880,100,344880,1,344979,1027124,344981,1,344982,1274081,344983,320000,344984,0,344986,65,344990,27,344977,1267200,344979,1958400,344980,0,344981,0,344978,27,344980,100,344981,0,344981,0,344880,1,started,
344982,100,344982,1,345079,1027496,345080,1,345081,1735716,345081,320000,345082,0,345083,75,345085,30,345077,1958400,345079,1958400,345080,0,345080,0,345078,50,345080,100,345080,0,345081,0,344982,1,started,
345081,100,345081,1,345180,1027868,345185,1,345187,1243942,345190,320000,345192,0,345194,63,345203,26,345178,1267200,345181,1958400,345183,0,345185,0,345180,20,345182,100,345184,0,345185,0,345081,1,started,
345188,100,345189,1,345279,1028116,345281,1,345282,1793505,345283,320000,345283,0,345284,76,345286,31,345278,1958400,345280,1958400,345281,0,345281,0,345279,55,345280,100,345281,0,345281,0,345187,1,started,
345282,100,345282,1,345380,1027948,345381,1,345382,1550793,345383,320000,345383,0,345384,68,345386,28,345378,1958400,345380,1958400,345381,0,345382,0,345379,90,345381,44,345381,0,345382,0,345282,1,started,
345383,100,345383,1,345480,1029116,345482,1,345483,1527678,345484,320000,345485,0,345485,65,345490,29,345479,1958400,345480,1958400,345481,0,345483,0,345480,60,345481,72,345482,0,345483,0,345382,1,started,
345484,100,345484,1,345581,1029324,345585,1,345587,1770390,345588,320000,345591,0,345597,80,345606,34,345579,1958400,345581,1958400,345582,0,345585,0,345580,66,345582,87,345584,0,345586,0,345483,1,started,
345588,100,345588,1,345680,1029324,345683,1,345684,2094005,345684,320000,345685,0,345685,33,345689,22,345679,1958400,345681,1958400,345682,1958400,345683,1958400,345680,63,345681,55,345682,27,345684,36,345586,1,started,
345684,100,345684,1,345781,1029324,345784,1,345786,347612,345787,320000,345788,0,345789,9,345794,7,345780,1958400,345781,1958400,345783,1958400,345785,960000,345781,10,345783,18,345784,0,345786,10,345684,1,started,
345786,100,345787,1,345882,1027400,345887,1,345889,315519,345890,320000,345891,0,345892,30,345895,10,345880,1497600,345882,1267200,345886,0,345888,0,345881,25,345884,36,345887,0,345888,0,345786,1,started,
345889,100,345889,1,345983,1027272,345985,1,345986,1252553,345986,320000,345987,0,345988,60,345991,18,345981,1958400,345983,1267200,345984,0,345985,0,345982,100,345984,22,345985,0,345986,0,345889,1,started,
345986,100,345986,1,346083,1027448,346086,1,346087,1161450,346088,320000,346089,0,346090,66,346093,25,346081,1958400,346084,1267200,346085,0,346086,0,346083,91,346085,25,346086,0,346087,0,345986,1,started,
346088,100,346088,1,346183,1027548,346185,1,346186,1214475,346187,320000,346187,0,346188,65,346191,25,346181,1958400,346184,1267200,346185,0,346186,0,346183,90,346185,40,346185,0,346186,0,346087,1,started,
346186,100,346186,1,346283,1027796,346285,1,346286,1816620,346286,320000,346287,0,346287,75,346289,32,346282,1958400,346284,1958400,346285,0,346285,0,346283,100,346284,57,346285,0,346286,0,346186,1,started,
346286,100,346286,1,346383,1028004,346385,1,346386,1504563,346386,320000,346386,0,346387,65,346389,27,346382,1958400,346384,1958400,346385,0,346385,0,346383,100,346384,30,346385,0,346385,0,346286,1,started,
346386,100,346386,1,346484,1028128,346485,1,346486,1296524,346487,320000,346487,0,346488,61,346490,24,346482,1958400,346484,1958400,346485,0,346486,0,346483,100,346485,12,346485,0,346486,0,346386,1,started,
346486,100,346486,1,346584,1029868,346586,1,346587,1227553,346587,320000,346588,0,346588,57,346591,23,346583,1958400,346585,1497600,346586,0,346586,0,346584,100,346585,11,346586,0,346587,0,346486,1,started,
346587,100,346587,1,346684,1029992,346686,1,346687,1342755,346687,320000,346688,0,346688,55,346690,22,346683,1958400,346685,1958400,346686,0,346686,0,346684,66,346685,50,346686,0,346687,0,346587,1,started,
346687,100,346687,1,346785,1029992,346789,1,346790,2063,346791,320000,346792,0,346793,5,346797,1,346784,1958400,346787,1267200,346788,0,346790,0,346785,0,346788,0,346789,0,346790,0,346687,1,started,
346791,100,346791,1,346885,1027112,346887,1,346887,1053813,346888,320000,346888,0,346889,44,346891,16,346884,1958400,346885,1958400,346886,0,346887,0,346885,54,346886,37,346886,0,346887,0,346790,1,started,
346887,100,346887,1,346986,1027232,346988,1,346989,1157832,346990,320000,346990,0,346991,52,346994,20,346984,1958400,346986,1958400,346987,0,346988,0,346985,100,346987,0,346988,0,346989,0,346887,1,started,
346989,100,346989,1,347086,1027584,347087,1,347088,1354313,347088,320000,347089,0,347089,55,347092,21,347084,1958400,347086,1958400,347087,0,347088,0,347085,77,347087,40,347087,0,347088,0,346989,1,started,
347088,100,347088,1,347186,1027832,347188,1,347189,1113671,347189,320000,347189,0,347190,61,347203,25,347185,1574400,347186,1958400,347187,0,347188,0,347186,54,347187,63,347188,0,347188,0,347088,1,started,
347189,100,347189,1,347286,1028080,347288,1,347289,1539236,347289,320000,347289,0,347290,68,347293,28,347285,1958400,347287,1958400,347287,0,347288,0,347286,33,347287,100,347288,0,347288,0,347188,1,started,
347289,100,347289,1,347388,1028708,347392,1,347396,1274081,347399,320000,347399,0,347402,65,347410,27,347386,1267200,347388,1958400,347390,0,347394,0,347387,27,347389,100,347391,0,347394,0,347288,1,started,
347397,100,347397,1,347487,1028708,347489,1,347489,1585466,347490,320000,347490,0,347491,68,347493,24,347486,1958400,347487,1958400,347488,0,347489,0,347487,37,347488,100,347488,0,347489,0,347395,1,started,
347489,100,347489,1,347588,1029932,347590,1,347591,1243942,347591,320000,347592,0,347595,63,347604,26,347586,1267200,347588,1958400,347589,0,347590,0,347587,20,347589,100,347590,0,347591,0,347489,1,started,
347591,100,347591,1,347688,1030780,347690,1,347690,1932197,347691,320000,347691,0,347692,83,347695,34,347686,1958400,347688,1958400,347689,0,347690,0,347687,77,347689,90,347689,0,347690,0,347591,1,started,
347690,100,347690,1,347788,1030808,347790,1,347790,1157832,347791,320000,347792,0,347792,50,347796,21,347787,1958400,347788,1958400,347789,0,347790,0,347788,50,347789,50,347789,0,347790,0,347690,1,started,
347790,100,347791,1,347889,1030808,347891,1,347892,926678,347893,200000,347893,0,347894,43,347899,15,347887,1958400,347889,1958400,347890,0,347891,0,347888,50,347890,30,347890,0,347891,0,347790,1,started,
347892,100,347892,1,347990,1027464,347993,1,347997,523030,347998,200000,347999,0,348000,62,348008,20,347987,1267200,347990,1267200,347992,0,347993,0,347989,61,347991,60,347993,0,347996,0,347892,1,started,
347997,100,347998,1,348089,1026940,348090,1,348091,1828178,348102,320000,348103,0,348104,75,348106,30,348087,1958400,348089,1958400,348090,0,348091,0,348088,70,348090,88,348090,0,348091,0,347997,1,started,
348102,100,348102,1,348189,1026940,348191,1,348192,1157832,348201,320000,348201,0,348202,58,348204,25,348188,1267200,348189,1958400,348190,0,348191,0,348189,0,348190,100,348191,0,348191,0,348091,1,started,
348200,100,348201,1,348289,1027024,348291,1,348292,1620140,348292,320000,348293,0,348294,70,348296,28,348288,1958400,348290,1958400,348291,0,348291,0,348289,40,348290,100,348291,0,348292,0,348192,1,started,
348292,100,348292,1,348390,1027220,348391,1,348392,1274081,348393,320000,348393,0,348394,61,348397,26,348388,1267200,348390,1958400,348391,0,348392,0,348389,27,348391,100,348391,0,348392,0,348292,1,started,
348392,100,348392,1,348490,1027592,348492,1,348493,1620140,348494,320000,348495,0,348495,65,348498,27,348489,1958400,348491,1958400,348492,0,348493,0,348490,40,348491,100,348492,0,348493,0,348392,1,started,
348493,100,348494,1,348591,1027716,348593,1,348594,1250293,348595,320000,348595,0,348596,57,348599,22,348589,1958400,348591,1958400,348592,0,348593,0,348590,90,348592,18,348593,0,348594,0,348493,1,started,
348594,100,348595,1,348691,1028480,348693,1,348694,1481447,348695,320000,348695,0,348696,61,348698,26,348690,1958400,348691,1958400,348692,0,348693,0,348691,40,348692,88,348693,0,348694,0,348594,1,started,
348694,100,348694,1,348794,1029864,348807,1,348809,1251637,348811,320000,348811,0,348813,69,348816,25,348792,1958400,348794,1267200,348796,0,348808,0,348794,88,348795,54,348800,0,348808,0,348694,1,started,
348809,100,348810,1,348893,1029864,348896,1,348897,362382,348898,320000,348899,0,348900,17,348903,6,348890,1958400,348893,1267200,348895,0,348896,0,348892,20,348895,30,348896,0,348897,0,348809,1,started,
348898,100,348898,1,348993,1029864,348995,1,348997,469577,348998,320000,348998,0,348999,21,349002,7,348991,1958400,348993,1267200,348995,0,348996,0,348992,33,348994,20,348995,0,348996,0,348897,1,started,
348997,100,348997,1,349093,1027012,349095,1,349097,650637,349098,320000,349098,0,349099,47,349104,16,349091,1958400,349093,1267200,349094,0,349096,0,349092,36,349094,54,349095,0,349096,0,348997,1,started,
349097,100,349097,1,349193,1027136,349195,1,349196,1351580,349197,320000,349197,0,349198,71,349201,24,349191,1958400,349194,1267200,349195,0,349196,0,349193,100,349195,45,349195,0,349196,0,349097,1,started,
349196,100,349196,1,349295,1027576,349301,1,349304,1252553,349307,320000,349308,0,349309,66,349312,25,349292,1958400,349296,1267200,349299,0,349301,0,349294,100,349298,22,349300,0,349303,0,349196,1,started,
349307,100,349307,1,349394,1027832,349395,1,349396,1620140,349397,320000,349397,0,349397,68,349400,27,349392,1958400,349394,1958400,349395,0,349396,0,349393,50,349395,90,349395,0,349396,0,349304,1,started,
349396,100,349396,1,349494,1027956,349496,1,349497,1365870,349498,320000,349499,0,349499,57,349502,25,349492,1958400,349494,1958400,349496,0,349497,0,349493,100,349495,18,349496,0,349497,0,349396,1,started,
349497,100,349498,1,349594,1028328,349596,1,349597,855042,349598,320000,349598,0,349599,63,349602,22,349592,1958400,349595,1267200,349596,0,349597,0,349594,44,349595,80,349596,0,349597,0,349497,1,started,
349597,100,349597,1,349695,1028328,349698,1,349699,1085310,349700,320000,349701,0,349702,50,349705,22,349693,1958400,349696,1267200,349697,0,349698,0,349694,90,349697,10,349698,0,349699,0,349597,1,started,
349700,100,349700,1,349794,1028996,349796,1,349797,1539236,349797,320000,349798,0,349798,68,349800,25,349793,1958400,349795,1958400,349796,0,349796,0,349794,33,349795,100,349796,0,349797,0,349699,1,started,
349797,100,349797,1,349895,1030448,349896,1,349897,1469890,349897,320000,349898,0,349898,63,349904,27,349893,1958400,349895,1958400,349896,0,349897,0,349894,50,349896,77,349896,0,349897,0,349797,1,started,
349897,100,349897,1,349996,1030824,349998,1,349998,1193620,350000,320000,350001,0,350002,72,350004,29,349995,1267200,349996,1958400,349997,0,349998,0,349996,62,349997,80,349998,0,349998,0,349897,1,started,
349999,100,349999,1,350095,1031188,350097,1,350098,1805063,350098,320000,350099,0,350100,78,350108,31,350094,1958400,350096,1958400,350097,0,350097,0,350095,81,350096,75,350097,0,350098,0,349998,1,started,
350098,100,350098,1,350196,1031220,350198,1,350198,1989986,350199,200000,350199,0,350200,64,350206,30,350194,1958400,350196,1958400,350197,1958400,350198,0,350195,72,350197,75,350198,25,350198,0,350098,1,started,
350199,100,350199,1,350296,1031220,350299,1,350300,266708,350300,200000,350301,0,350301,10,350307,10,350295,1958400,350297,1958400,350298,960000,350299,0,350296,12,350297,9,350298,10,350299,0,350198,1,started,
350300,100,350300,1,350397,1029284,350399,1,350400,738579,350401,320000,350401,0,350402,23,350405,12,350395,1958400,350397,1267200,350398,1958400,350400,0,350396,20,350398,10,350399,40,350400,0,350299,1,started,
350400,100,350400,1,350497,1027732,350499,1,350500,620270,350500,320000,350501,0,350501,39,350504,13,350495,1958400,350497,1267200,350498,0,350499,0,350496,33,350498,55,350499,0,350499,0,350400,1,started,
350500,100,350500,1,350597,1028472,350599,1,350599,1319640,350600,320000,350600,0,350601,64,350604,23,350596,1958400,350597,1958400,350598,0,350599,0,350597,14,350598,100,350599,0,350599,0,350500,1,started,
350599,100,350600,1,350697,1028048,350699,1,350700,1550793,350700,320000,350701,0,350702,68,350705,30,350696,1958400,350698,1958400,350699,0,350699,0,350697,90,350698,44,350699,0,350699,0,350599,1,started,
350700,100,350700,1,350798,1028296,350799,1,350800,1128365,350800,320000,350801,0,350801,57,350805,21,350796,1958400,350798,1267200,350799,0,350799,0,350797,90,350799,20,350799,0,350800,0,350700,1,started,
350800,100,350800,1,350898,1028420,350900,1,350900,1631697,350901,320000,350902,0,350902,70,350905,30,350897,1958400,350898,1958400,350899,0,350900,0,350898,41,350899,100,350899,0,350900,0,350800,1,started,
350900,100,350901,1,351001,1028420,351008,1,351011,1205192,351013,320000,351015,0,351017,61,351025,25,350997,1267200,351003,1958400,351006,0,351008,0,350999,11,351004,100,351006,0,351010,0,350900,1,started,
351012,100,351013,1,351099,1028816,351100,1,351101,1643255,351102,320000,351102,0,351103,73,351106,28,351097,1958400,351099,1958400,351100,0,351101,0,351098,42,351100,100,351100,0,351101,0,351010,1,started,
351101,100,351101,1,351199,1030272,351202,1,351218,1214475,351220,320000,351221,0,351223,72,351226,28,351198,1267200,351200,1958400,351201,0,351203,0,351199,40,351201,90,351201,0,351204,0,351101,1,started,
351219,100,351219,1,351299,1030304,351301,1,351302,1111601,351303,320000,351303,0,351304,19,351306,8,351298,1958400,351299,1958400,351300,1958400,351302,0,351299,36,351300,40,351301,20,351302,0,351217,1,started,
351302,100,351302,1,351400,1030360,351403,1,351404,169465,351404,320000,351405,0,351406,6,351409,3,351398,1267200,351400,1497600,351401,1958400,351403,0,351399,0,351401,10,351402,9,351403,0,351302,1,started,
351404,100,351404,1,351500,1027648,351503,1,351504,1069432,351505,320000,351505,0,351506,46,351510,24,351499,1958400,351501,1267200,351502,1958400,351504,0,351500,40,351502,60,351503,30,351504,0,351403,1,started,
351504,100,351504,1,351600,1027712,351602,1,351603,1273409,351604,320000,351605,0,351605,47,351608,19,351599,1958400,351601,1958400,351602,0,351603,0,351600,33,351601,77,351602,0,351603,0,351504,1,started,
351604,100,351604,1,351701,1028076,351702,1,351703,1481447,351704,320000,351704,0,351704,63,351711,27,351699,1958400,351701,1958400,351702,0,351703,0,351700,40,351702,88,351702,0,351703,0,351603,1,started,
351703,100,351703,1,351802,1028324,351805,1,351806,1388986,351806,320000,351807,0,351808,57,351810,21,351799,1958400,351802,1958400,351804,0,351805,0,351801,100,351804,20,351804,0,351805,0,351703,1,started,
351806,100,351806,1,351901,1028448,351904,1,351905,1412101,351905,320000,351906,0,351907,63,351909,26,351900,1958400,351902,1958400,351903,0,351904,0,351901,100,351903,22,351903,0,351904,0,351806,1,started,
351905,100,351905,1,352002,1028820,352005,1,352006,1284966,352007,320000,352007,0,352008,57,352011,24,352000,1958400,352002,1958400,352004,0,352005,0,352001,100,352003,11,352004,0,352005,0,351905,1,started,
352006,100,352006,1,352105,1029316,352111,1,352114,1200887,352118,320000,352118,0,352120,59,352126,25,352101,1958400,352106,1267200,352109,0,352113,0,352104,100,352109,10,352111,0,352113,0,352006,1,started,
352115,100,352116,1,352202,1030556,352204,1,352204,1885966,352205,320000,352205,0,352206,78,352212,33,352201,1958400,352202,1958400,352203,0,352204,0,352202,100,352203,63,352204,0,352204,0,352113,1,started,
352204,100,352204,1,352302,1030964,352308,1,352309,1631697,352312,320000,352313,0,352314,73,352317,31,352301,1958400,352303,1958400,352307,0,352308,0,352302,81,352303,60,352307,0,352309,0,352204,1,started,
352311,100,352312,1,352403,1031260,352408,1,352410,1966870,352412,320000,352413,0,352413,82,352416,36,352401,1958400,352403,1958400,352407,0,352409,0,352402,70,352406,100,352408,0,352409,0,352309,1,started,
352411,100,352411,1,352503,1031384,352506,1,352508,1920640,352509,320000,352509,0,352510,73,352514,35,352502,1958400,352503,1958400,352505,1958400,352507,0,352503,90,352504,76,352506,0,352507,0,352409,1,started,
352508,100,352508,1,352604,1031384,352607,1,352608,603063,352609,320000,352609,0,352610,16,352613,10,352602,1958400,352605,1958400,352606,1958400,352607,0,352603,25,352606,27,352607,0,352608,0,352507,1,started,
352608,100,352608,1,352704,1028184,352707,1,352708,545274,352713,320000,352714,0,352715,18,352721,11,352702,1958400,352704,1958400,352706,1958400,352707,0,352704,36,352705,11,352706,0,352707,0,352608,1,started,
352708,100,352708,1,352804,1028760,352806,1,352806,1007582,352807,320000,352807,0,352808,50,352810,18,352803,1958400,352804,1958400,352805,0,352806,0,352804,10,352805,77,352806,0,352806,0,352707,1,started,
352806,100,352806,1,352905,1029132,352907,1,352908,1157832,352908,320000,352909,0,352910,55,352912,21,352903,1958400,352905,1958400,352906,0,352907,0,352904,0,352906,100,352906,0,352907,0,352806,1,started,
352908,100,352908,1,353005,1029256,353007,1,353008,1127220,353008,320000,353009,0,353010,68,353023,25,353003,1267200,353005,1958400,353007,0,353007,0,353005,60,353006,75,353007,0,353008,0,352908,1,started,
353008,100,353008,1,353105,1029380,353107,1,353107,1296524,353108,320000,353108,0,353109,61,353111,22,353104,1958400,353105,1958400,353106,0,353107,0,353105,100,353106,12,353106,0,353107,0,353008,1,started,
353107,100,353107,1,353207,1029876,353221,1,353223,1243942,353225,320000,353225,0,353227,66,353233,27,353204,1958400,353207,1267200,353209,0,353222,0,353206,100,353208,20,353209,0,353223,0,353107,1,started,
353223,100,353223,1,353306,1029140,353307,1,353308,1620140,353308,320000,353309,0,353309,58,353312,26,353304,1958400,353306,1958400,353307,0,353307,0,353305,50,353307,90,353307,0,353308,0,353223,1,started,
353308,100,353308,1,353406,1029600,353408,1,353408,1200887,353409,320000,353409,0,353410,55,353413,23,353405,1267200,353406,1958400,353407,0,353408,0,353406,10,353407,100,353407,0,353408,0,353308,1,started,
353408,100,353409,1,353506,1030344,353508,1,353509,1689486,353509,320000,353509,0,353510,73,353512,28,353505,1958400,353507,1958400,353507,0,353508,0,353506,66,353507,80,353508,0,353508,0,353408,1,started,
353509,100,353509,1,353607,1030576,353608,1,353609,598742,353609,320000,353610,0,353610,42,353613,14,353605,1267200,353607,1958400,353608,0,353609,0,353606,50,353608,33,353608,0,353609,0,353508,1,started,
353609,100,353609,1,353707,1030576,353709,1,353709,579947,353710,320000,353710,0,353711,23,353713,9,353706,1958400,353707,1958400,353708,0,353709,0,353707,40,353708,10,353708,0,353709,0,353609,1,started,
353709,100,353709,1,353807,1027524,353809,1,353809,559092,353810,320000,353810,0,353811,33,353813,12,353806,1267200,353807,1958400,353808,0,353809,0,353807,22,353808,40,353809,0,353809,0,353709,1,started,
353810,100,353810,1,353910,1028096,353912,1,353913,1342755,353914,320000,353914,0,353915,58,353917,25,353908,1958400,353910,1958400,353911,0,353912,0,353909,100,353911,16,353912,0,353913,0,353809,1,started,
353913,100,353913,1,354008,1028344,354009,1,354010,1666370,354011,320000,354011,0,354012,70,354014,28,354007,1958400,354008,1958400,354009,0,354010,0,354007,100,354009,44,354009,0,354010,0,353913,1,started,
354010,100,354010,1,354108,1028344,354110,1,354111,1458332,354111,320000,354111,0,354112,63,354114,27,354107,1958400,354109,1958400,354109,0,354110,0,354108,45,354109,81,354110,0,354110,0,354010,1,started,
354111,100,354111,1,354208,1028964,354210,1,354211,1412101,354211,320000,354212,0,354212,65,354215,26,354207,1958400,354209,1958400,354210,0,354210,0,354208,22,354209,100,354210,0,354211,0,354110,1,started,
354211,100,354211,1,354309,1028964,354312,1,354313,1273409,354314,320000,354314,0,354315,55,354318,23,354308,1958400,354310,1958400,354311,0,354312,0,354309,100,354311,10,354311,0,354313,0,354211,1,started,
354313,100,354313,1,354409,1029320,354411,1,354412,1677928,354412,320000,354413,0,354414,68,354416,27,354408,1958400,354410,1958400,354411,0,354411,0,354409,45,354410,100,354411,0,354411,0,354313,1,started,
354412,100,354412,1,354510,1030432,354511,1,354512,1284966,354523,320000,354524,0,354525,57,354533,23,354508,1958400,354510,1958400,354511,0,354512,0,354509,100,354511,11,354511,0,354512,0,354412,1,started,
354522,100,354522,1,354610,1031156,354617,1,354623,1888664,354624,320000,354624,0,354626,79,354631,30,354609,1958400,354610,1958400,354615,960000,354618,0,354610,58,354614,91,354616,75,354622,0,354512,1,started,
354623,100,354623,1,354711,1031392,354715,1,354716,1100043,354717,320000,354717,0,354718,24,354721,15,354709,1958400,354712,1958400,354713,1958400,354715,0,354710,44,354713,40,354714,11,354715,0,354623,1,started,
354716,100,354716,1,354811,1031480,354815,1,354816,365232,354817,320000,354818,0,354819,13,354822,6,354809,1728000,354811,1497600,354813,1958400,354815,0,354810,27,354813,20,354814,0,354816,0,354715,1,started,
354816,100,354817,1,354911,1028252,354913,1,354914,837606,354915,320000,354915,0,354916,45,354918,18,354909,1267200,354911,1958400,354912,0,354913,0,354910,33,354912,60,354913,0,354914,0,354816,1,started,
354914,100,354914,1,355011,1028620,355014,1,355016,1365870,355017,320000,355017,0,355018,55,355022,19,355010,1958400,355012,1958400,355013,0,355015,0,355011,100,355013,18,355014,0,355015,0,354914,1,started,
355016,100,355016,1,355112,1028744,355116,1,355118,979688,355119,320000,355120,0,355121,63,355124,22,355110,1958400,355113,1267200,355114,0,355117,0,355111,60,355114,66,355115,0,355118,0,355015,1,started,
355118,100,355118,1,355213,1029116,355216,1,355217,1412101,355218,320000,355219,0,355219,63,355222,26,355211,1958400,355214,1958400,355216,0,355217,0,355212,100,355215,22,355216,0,355217,0,355118,1,started,
355217,100,355218,1,355312,1029316,355315,1,355316,1469890,355316,320000,355317,0,355317,61,355320,27,355311,1958400,355313,1958400,355314,0,355315,0,355312,100,355314,27,355314,0,355315,0,355217,1,started,
355316,100,355316,1,355413,1029632,355416,1,355417,1265470,355418,320000,355419,0,355420,59,355423,26,355411,1958400,355414,1267200,355415,0,355417,0,355413,100,355415,25,355416,0,355417,0,355315,1,started,
355418,100,355418,1,355515,1029632,355523,1,355524,1243942,355525,320000,355526,0,355527,63,355530,25,355512,1958400,355517,1267200,355519,0,355523,0,355514,100,355518,20,355520,0,355524,0,355417,1,started,
355525,100,355525,1,355613,1030640,355616,1,355618,1735716,355618,320000,355619,0,355620,72,355622,29,355612,1958400,355613,1958400,355615,0,355616,0,355613,100,355615,50,355615,0,355617,0,355524,1,started,
355618,100,355618,1,355715,1031088,355718,1,355719,1597024,355720,320000,355720,0,355721,68,355724,28,355712,1958400,355715,1958400,355717,0,355718,0,355714,83,355717,55,355717,0,355718,0,355617,1,started,
355719,100,355719,1,355823,1031452,355832,1,355833,357745,355834,320000,355838,0,355849,28,355852,11,355813,1958400,355824,1497600,355825,0,355833,0,355823,22,355825,16,355825,0,355833,0,355719,1,started,
355833,100,355833,1,355914,1030612,355924,1,355924,585597,355925,320000,355925,0,355926,33,355928,10,355913,1958400,355922,1267200,355923,0,355924,0,355914,30,355923,55,355924,0,355924,0,355833,1,started,
355925,100,355925,1,356015,1027260,356016,1,356017,858462,356022,320000,356023,0,356023,47,356026,17,356013,1267200,356015,1958400,356016,0,356017,0,356014,11,356016,70,356016,0,356017,0,355924,1,started,
356022,100,356022,1,356115,1027716,356117,1,356117,1446774,356118,320000,356118,0,356119,64,356121,25,356114,1958400,356115,1958400,356116,0,356117,0,356115,25,356116,100,356116,0,356117,0,356017,1,started,
356117,100,356118,1,356215,1027964,356217,1,356218,1209498,356218,320000,356219,0,356220,61,356222,23,356214,1267200,356216,1958400,356217,0,356218,0,356215,12,356216,100,356217,0,356218,0,356117,1,started,
356218,100,356218,1,356316,1028180,356318,1,356318,1620140,356319,320000,356319,0,356320,70,356322,28,356314,1958400,356316,1958400,356317,0,356318,0,356315,40,356317,100,356317,0,356318,0,356218,1,started,
356318,100,356318,1,356416,1028496,356418,1,356419,1243942,356423,320000,356424,0,356425,59,356428,24,356415,1267200,356416,1958400,356417,0,356418,0,356416,20,356417,100,356418,0,356418,0,356318,1,started,
356419,100,356422,1,356517,1028496,356518,1,356519,1157832,356519,320000,356520,0,356520,64,356523,21,356515,1958400,356517,1958400,356518,0,356518,0,356516,0,356517,100,356518,0,356519,0,356419,1,started,
356519,100,356519,1,356617,1029356,356620,1,356621,1252553,356621,320000,356622,0,356624,66,356629,26,356616,1267200,356618,1958400,356619,0,356620,0,356617,22,356619,100,356620,0,356620,0,356519,1,started,
356621,100,356621,1,356717,1030576,356720,1,356722,1666370,356731,320000,356732,0,356733,76,356736,32,356716,1958400,356717,1958400,356719,0,356721,0,356717,44,356719,100,356720,0,356721,0,356620,1,started,
356722,100,356731,1,356819,1030816,356823,1,356824,1851056,356824,320000,356825,0,356826,78,356831,35,356818,1728000,356820,1958400,356822,960000,356823,0,356819,88,356821,88,356823,28,356824,0,356722,1,started,
356824,100,356824,1,356920,1030940,356922,1,356923,812850,356923,320000,356924,0,356924,22,356928,13,356918,1728000,356920,1958400,356921,1958400,356922,0,356919,20,356921,33,356922,22,356923,0,356824,1,started,
356923,100,356923,1,357021,1030940,357024,1,357025,91992,357026,320000,357027,0,357028,12,357032,5,357019,1728000,357021,1958400,357023,960000,357025,0,357020,0,357022,0,357024,41,357025,0,356923,1,started,
357026,100,357026,1,357121,1028820,357126,1,357127,595352,357127,320000,357128,0,357128,32,357131,13,357119,1728000,357122,1958400,357125,0,357126,0,357121,44,357123,18,357126,0,357126,0,357025,1,started,
357127,100,357127,1,357221,1028904,357223,1,357223,1539236,357224,320000,357224,0,357225,72,357227,28,357219,1958400,357221,1958400,357222,0,357223,0,357220,100,357222,33,357223,0,357223,0,357126,1,started,
357224,100,357224,1,357321,1028848,357325,1,357327,1365870,357328,320000,357328,0,357330,57,357339,25,357319,1958400,357322,1958400,357324,0,357326,0,357321,18,357324,100,357325,0,357326,0,357223,1,started,
357327,100,357327,1,357421,1028792,357424,1,357425,1735716,357426,320000,357427,0,357427,75,357430,30,357420,1958400,357422,1958400,357423,0,357424,0,357421,50,357423,100,357424,0,357425,0,357327,1,started,
357426,100,357426,1,357523,1029164,357529,1,357530,1412101,357533,320000,357535,0,357537,66,357546,27,357520,1958400,357523,1958400,357526,0,357529,0,357521,22,357525,100,357526,0,357530,0,357425,1,started,
357532,100,357532,1,357622,1029280,357625,1,357626,1666370,357626,320000,357627,0,357628,70,357630,28,357621,1958400,357623,1958400,357624,0,357625,0,357622,44,357624,100,357624,0,357625,0,357530,1,started,
357626,100,357626,1,357723,1029824,357728,1,357731,1469890,357733,320000,357735,0,357738,65,357743,28,357721,1958400,357724,1958400,357726,0,357728,0,357723,27,357725,100,357727,0,357730,0,357625,1,started,
357731,100,357731,1,357827,1031136,357830,1,357832,1620140,357837,320000,357838,0,357839,70,357842,27,357826,1958400,357828,1958400,357829,0,357830,0,357827,100,357828,40,357829,0,357830,0,357730,1,started,
357832,100,357836,1,357923,1031136,357926,1,357927,512102,357928,320000,357929,0,357929,23,357932,10,357921,1958400,357924,1497600,357925,0,357926,0,357923,20,357925,44,357925,0,357927,0,357831,1,started,
357927,100,357927,1,358023,1031136,358026,1,358027,215307,358028,320000,358028,0,358029,15,358031,5,358022,1958400,358024,1267200,358025,0,358026,0,358023,11,358025,20,358025,0,358026,0,357927,1,started,
358027,100,358027,1,358123,1028248,358125,1,358126,1238736,358126,320000,358127,0,358127,52,358129,17,358122,1958400,358124,1958400,358125,0,358125,0,358123,30,358124,77,358125,0,358126,0,358027,1,started,
358126,100,358126,1,358224,1028792,358226,1,358227,1284966,358228,320000,358229,0,358230,57,358243,24,358223,1958400,358225,1958400,358226,0,358227,0,358224,11,358225,100,358226,0,358227,0,358126,1,started,
358228,100,358228,1,358325,1028160,358327,1,358328,1373107,358328,320000,358329,0,358329,72,358333,32,358323,1267200,358325,1958400,358326,0,358327,0,358324,50,358326,100,358327,0,358327,0,358227,1,started,
358328,100,358328,1,358425,1028160,358426,1,358428,1458332,358428,320000,358429,0,358430,61,358436,21,358423,1958400,358425,1958400,358426,0,358426,0,358424,90,358425,36,358426,0,358427,0,358328,1,started,
358428,100,358428,1,358525,1028656,358526,1,358527,1620140,358528,320000,358528,0,358528,70,358531,30,358524,1958400,358525,1958400,358526,0,358527,0,358524,40,358526,100,358526,0,358527,0,358427,1,started,
358527,100,358527,1,358626,1028656,358629,1,358631,1157832,358633,320000,358635,0,358636,60,358642,24,358624,1958400,358626,1958400,358628,0,358629,0,358625,0,358627,100,358629,0,358631,0,358527,1,started,
358631,100,358631,1,358726,1029028,358728,1,358729,1539236,358729,320000,358729,0,358730,64,358733,27,358725,1958400,358727,1958400,358727,0,358728,0,358726,33,358727,100,358728,0,358728,0,358631,1,started,
358729,100,358729,1,358827,1030404,358829,1,358830,1351580,358830,320000,358831,0,358833,71,358848,28,358825,1267200,358827,1958400,358828,0,358829,0,358826,45,358828,100,358829,0,358830,0,358728,1,started,
358830,100,358830,1,358926,1030528,358929,1,358939,1989986,358941,320000,358942,0,358952,87,358959,36,358925,1958400,358927,1958400,358928,0,358933,0,358926,72,358927,100,358929,0,358934,0,358830,1,started,
358939,100,358940,1,359028,1030616,359031,1,359032,1100043,359033,320000,359034,0,359035,42,359038,15,359025,1958400,359029,1958400,359030,0,359032,0,359027,50,359030,45,359031,0,359032,0,358939,1,started,
359033,100,359033,1,359127,1030616,359129,1,359129,441255,359130,320000,359130,0,359131,11,359134,4,359126,1958400,359127,1958400,359128,0,359129,0,359127,11,359128,27,359128,0,359129,0,359032,1,started,
359129,100,359130,1,359233,1027816,359235,1,359236,454141,359237,320000,359238,0,359239,50,359242,16,359226,1267200,359233,1267200,359235,0,359236,0,359228,55,359234,50,359235,0,359236,0,359129,1,started,
359237,100,359237,1,359328,1027992,359330,1,359331,1286997,359332,320000,359333,0,359334,70,359337,24,359326,1267200,359329,1958400,359330,0,359331,0,359328,30,359330,100,359330,0,359331,0,359236,1,started,
359331,100,359332,1,359428,1028552,359430,1,359431,1412101,359431,320000,359431,0,359433,58,359438,24,359427,1958400,359429,1958400,359430,0,359430,0,359428,22,359429,100,359430,0,359430,0,359331,1,started,
359431,100,359431,1,359529,1028676,359531,1,359531,1366996,359532,320000,359533,0,359534,71,359537,28,359527,1497600,359529,1958400,359530,0,359531,0,359528,33,359530,100,359530,0,359531,0,359430,1,started,
359531,100,359531,1,359629,1029292,359630,1,359631,1620140,359632,320000,359633,0,359634,70,359636,28,359627,1958400,359629,1958400,359630,0,359630,0,359628,40,359630,100,359630,0,359631,0,359531,1,started,
359632,100,359632,1,359729,1029292,359731,1,359731,1504563,359732,320000,359733,0,359734,65,359737,28,359728,1958400,359729,1958400,359730,0,359731,0,359729,30,359730,100,359730,0,359731,0,359631,1,started,
359731,100,359731,1,359830,1029960,359832,1,359834,1334358,359835,320000,359835,0,359836,68,359840,27,359828,1267200,359830,1958400,359831,0,359833,0,359829,41,359831,100,359832,0,359833,0,359731,1,started,
359834,100,359834,1,359931,1031164,359936,1,359940,1265470,359941,320000,359941,0,359945,66,359947,26,359929,1267200,359931,1958400,359934,0,359938,0,359930,25,359933,100,359935,0,359939,0,359834,1,started,
359940,100,359940,1,360030,1031260,360032,1,360033,1053813,360034,320000,360035,0,360035,42,360038,14,360029,1958400,360031,1958400,360032,0,360033,0,360030,55,360032,36,360032,0,360033,0,359940,1,started,
360034,100,360034,1,360131,1031260,360133,1,360134,165000,360135,320000,360135,0,360136,10,360138,4,360129,1267200,360131,1958400,360132,0,360133,0,360130,11,360132,10,360133,0,360134,0,360033,1,started,
360134,100,360134,1,360231,1028348,360233,1,360234,1111601,360234,320000,360235,0,360235,47,360238,19,360229,1958400,360231,1958400,360233,0,360233,0,360230,36,360232,60,360233,0,360234,0,360134,1,started,
360234,100,360234,1,360334,1028716,360340,1,360342,1274081,360344,320000,360345,0,360347,63,360354,26,360331,1958400,360335,1267200,360338,0,360340,0,360332,100,360337,27,360339,0,360342,0,360234,1,started,
360343,100,360344,1,360432,1029088,360434,1,360435,1677928,360436,320000,360436,0,360437,68,360440,29,360430,1958400,360432,1958400,360433,0,360434,0,360431,100,360433,45,360434,0,360435,0,360342,1,started,
360435,100,360435,1,360533,1029212,360536,1,360537,1286997,360538,320000,360539,0,360540,65,360543,27,360531,1958400,360534,1267200,360535,0,360536,0,360532,100,360535,30,360536,0,360537,0,360435,1,started,
360538,100,360538,1,360634,1029708,360640,1,360644,1243942,360646,320000,360646,0,360649,63,360656,25,360631,1958400,360636,1267200,360638,0,360642,0,360633,100,360638,20,360640,0,360642,0,360537,1,started,
360644,100,360644,1,360733,1029708,360736,1,360738,1351580,360739,320000,360739,0,360740,68,360743,29,360731,1958400,360734,1267200,360735,0,360736,0,360732,100,360735,45,360735,0,360737,0,360642,1,started,
360738,100,360738,1,360834,1030496,360837,1,360838,1504563,360839,320000,360839,0,360840,65,360844,26,360832,1958400,360834,1958400,360836,0,360837,0,360833,100,360836,30,360837,0,360838,0,360737,1,started,
360838,100,360838,1,360933,1030932,360935,1,360935,1851293,360936,320000,360936,0,360937,80,360951,34,360932,1958400,360933,1958400,360934,0,360935,0,360933,77,360934,83,360935,0,360935,0,360838,1,started,
360935,100,360936,1,360985,1031180,360990,1,361002,1783381,361003,320000,361003,0,361006,73,361010,31,360983,1958400,360986,1958400,360988,960000,360991,0,360984,83,360988,66,360990,27,360992,0,360935,1,started,
361002,100,361002,1,361084,1031300,361086,1,361088,2903043,361088,320000,361088,0,361089,64,361092,38,361083,1958400,361084,1958400,361085,1958400,361087,1958400,361084,60,361085,75,361086,80,361087,36,361002,1,started,
361088,100,361088,1,361185,1031300,361188,1,361189,481522,361190,320000,361190,0,361191,11,361196,9,361183,1958400,361185,1497600,361186,1958400,361188,1958400,361184,36,361186,10,361187,0,361189,0,361087,1,started,
361189,100,361190,1,361285,1028148,361288,1,361290,223918,361291,320000,361291,0,361292,7,361297,8,361284,1958400,361286,1267200,361287,960000,361289,1958400,361285,11,361287,22,361288,0,361290,0,361189,1,started,
361290,100,361290,1,361385,1028576,361389,1,361390,881577,361391,320000,361392,0,361393,39,361396,19,361384,1958400,361386,1267200,361388,0,361389,0,361385,72,361387,11,361388,0,361390,0,361290,1,started,
361390,100,361391,1,361485,1028688,361487,1,361488,1504563,361488,320000,361488,0,361489,57,361491,20,361484,1958400,361486,1958400,361487,0,361487,0,361485,50,361486,80,361487,0,361487,0,361390,1,started,
361488,100,361488,1,361586,1028688,361587,1,361588,1504563,361588,320000,361589,0,361590,66,361592,28,361584,1958400,361586,1958400,361587,0,361587,0,361585,30,361587,100,361587,0,361588,0,361488,1,started,
361588,100,361588,1,361686,1028812,361688,1,361688,1504563,361689,320000,361689,0,361690,63,361692,27,361685,1958400,361686,1958400,361687,0,361688,0,361685,40,361687,90,361687,0,361688,0,361588,1,started,
361688,100,361688,1,361786,1029308,361788,1,361789,1180947,361789,320000,361789,0,361790,52,361792,20,361785,1958400,361787,1958400,361788,0,361788,0,361786,72,361787,30,361788,0,361788,0,361688,1,started,
361789,100,361789,1,361886,1029308,361888,1,361889,1146274,361890,320000,361890,0,361891,50,361894,23,361885,1958400,361887,1958400,361888,0,361888,0,361886,90,361887,9,361888,0,361889,0,361789,1,started,
361889,100,361890,1,361987,1029432,361990,1,361992,1252553,361993,320000,361993,0,361995,66,361998,26,361985,1958400,361987,1267200,361989,0,361991,0,361987,100,361988,22,361990,0,361991,0,361889,1,started,
361992,100,361992,1,362087,1030772,362089,1,362090,1423659,362090,320000,362090,0,362091,52,362094,23,362086,1958400,362087,1958400,362088,0,362089,0,362087,87,362088,36,362089,0,362089,0,361991,1,started,
362090,100,362090,1,362187,1031392,362189,1,362190,1400543,362190,320000,362191,0,362191,61,362194,26,362186,1958400,362188,1958400,362189,0,362189,0,362187,66,362188,55,362189,0,362190,0,362089,1,started,
362190,100,362190,1,362288,1031392,362289,1,362290,129197,362291,320000,362291,0,362292,5,362294,6,362286,1958400,362288,1958400,362289,0,362290,0,362287,0,362289,11,362289,0,362290,0,362190,1,started,
362290,100,362290,1,362388,1028008,362391,1,362392,304822,362393,320000,362394,0,362395,27,362401,7,362387,1958400,362389,1267200,362390,0,362391,0,362388,18,362390,22,362390,0,362391,0,362290,1,started,
362393,100,362393,1,362488,1028396,362490,1,362490,1643255,362491,320000,362492,0,362493,70,362495,25,362487,1958400,362488,1958400,362489,0,362490,0,362488,54,362489,88,362489,0,362490,0,362392,1,started,
362490,100,362490,1,362588,1028768,362590,1,362591,1504563,362591,320000,362593,0,362593,65,362599,27,362587,1958400,362589,1958400,362590,0,362590,0,362588,30,362589,100,362590,0,362590,0,362490,1,started,
362591,100,362591,1,362689,1029140,362691,1,362691,1654813,362692,320000,362693,0,362693,69,362695,31,362687,1958400,362689,1958400,362690,0,362691,0,362688,53,362690,90,362690,0,362691,0,362591,1,started,
362691,100,362691,1,362790,1029264,362794,1,362795,1312830,362796,320000,362797,0,362798,66,362801,28,362788,1267200,362790,1958400,362792,0,362794,0,362789,36,362791,100,362793,0,362795,0,362691,1,started,
362796,100,362796,1,362895,1029744,362902,1,362905,1200887,362907,320000,362909,0,362912,59,362921,25,362889,1267200,362895,1958400,362900,0,362902,0,362894,10,362898,100,362901,0,362904,0,362795,1,started,
362906,100,362906,1,362990,1029868,362992,1,362993,1885966,362994,320000,362995,0,362996,78,362998,33,362988,1958400,362990,1958400,362991,0,362992,0,362989,63,362991,100,362991,0,362992,0,362904,1,started,
362993,100,362993,1,363090,1031436,363092,1,363093,1412101,363095,320000,363097,0,363099,63,363110,26,363089,1958400,363090,1958400,363091,0,363092,0,363090,22,363091,100,363091,0,363093,0,362993,1,started,
363093,100,363094,1,363191,1031932,363207,1,363208,2058993,363209,320000,363210,0,363211,83,363223,33,363189,1958400,363191,1958400,363203,960000,363207,960000,363190,90,363192,80,363206,0,363208,42,363093,1,started,
363208,100,363209,1,363292,1031648,363297,1,363300,1854330,363301,320000,363302,0,363303,42,363309,29,363290,1958400,363293,1958400,363295,960000,363298,1958400,363291,60,363294,50,363296,33,363299,44,363208,1,started,
363300,100,363300,1,363393,1031612,363397,1,363399,451090,363400,320000,363401,0,363402,15,363408,10,363390,1958400,363393,1728000,363395,960000,363397,1958400,363392,11,363394,30,363396,27,363399,0,363299,1,started,
363399,100,363400,1,363494,1028660,363498,1,363500,212361,363501,320000,363501,0,363502,21,363505,11,363491,1958400,363496,1267200,363498,0,363499,0,363492,10,363497,22,363498,0,363499,0,363399,1,started,
363500,100,363500,1,363593,1028504,363595,1,363596,1412101,363597,320000,363597,0,363598,63,363601,22,363591,1958400,363593,1958400,363595,0,363596,0,363592,22,363594,100,363595,0,363596,0,363499,1,started,
363596,100,363597,1,363693,1028680,363695,1,363695,1400543,363696,320000,363696,0,363697,61,363699,26,363691,1958400,363693,1958400,363694,0,363695,0,363692,44,363694,77,363695,0,363695,0,363596,1,started,
363695,100,363696,1,363793,1028768,363796,1,363797,1064225,363797,320000,363798,0,363799,55,363802,22,363791,1267200,363794,1958400,363795,0,363796,0,363793,40,363795,77,363795,0,363796,0,363695,1,started,
363797,100,363797,1,363893,1028892,363895,1,363896,1504563,363896,320000,363896,0,363897,65,363899,25,363892,1958400,363894,1958400,363895,0,363895,0,363893,100,363894,30,363895,0,363895,0,363796,1,started,
363896,100,363896,1,363994,1029388,363997,1,363998,1273409,363999,320000,363999,0,364000,55,364003,23,363992,1958400,363994,1958400,363996,0,363997,0,363994,10,363996,100,363996,0,363997,0,363896,1,started,
363998,100,363998,1,364094,1029388,364096,1,364097,1412101,364098,320000,364098,0,364099,63,364101,26,364093,1958400,364094,1958400,364096,0,364096,0,364094,22,364095,100,364096,0,364097,0,363998,1,started,
364097,100,364097,1,364195,1030604,364197,1,364198,1299914,364198,320000,364199,0,364200,68,364204,27,364193,1267200,364195,1958400,364196,0,364197,0,364194,33,364196,100,364197,0,364198,0,364097,1,started,
364198,100,364198,1,364295,1031452,364298,1,364298,1049492,364299,320000,364300,0,364300,61,364304,22,364293,1267200,364295,1958400,364297,0,364298,0,364295,50,364297,72,364297,0,364298,0,364198,1,started,
364299,100,364299,1,364395,1031316,364397,1,364398,88173,364399,320000,364399,0,364400,11,364404,2,364394,1267200,364396,1958400,364397,0,364398,0,364395,20,364396,0,364397,0,364398,0,364298,1,started,
364398,100,364398,1,364497,1028152,364503,1,364504,521014,364505,320000,364505,0,364507,38,364509,12,364494,1267200,364498,1958400,364502,0,364503,0,364496,40,364502,30,364503,0,364504,0,364398,1,started,
364504,100,364505,1,364595,1028600,364597,1,364598,1469890,364598,320000,364598,0,364599,58,364601,21,364594,1958400,364596,1958400,364597,0,364597,0,364595,40,364596,87,364597,0,364597,0,364504,1,started,
364598,100,364598,1,364696,1028972,364697,1,364698,1296524,364698,320000,364699,0,364699,57,364702,24,364694,1958400,364696,1958400,364697,0,364698,0,364695,12,364697,100,364697,0,364698,0,364598,1,started,
364698,100,364698,1,364796,1029220,364798,1,364798,987627,364799,320000,364799,0,364800,57,364802,22,364795,1267200,364796,1958400,364797,0,364798,0,364796,41,364797,70,364797,0,364798,0,364698,1,started,
364798,100,364798,1,364896,1029468,364898,1,364899,1504563,364899,320000,364899,0,364900,65,364908,27,364895,1958400,364897,1958400,364898,0,364898,0,364896,40,364897,90,364898,0,364898,0,364798,1,started,
364899,100,364899,1,364997,1029840,364998,1,364999,1205192,365000,320000,365000,0,365001,57,365010,23,364995,1267200,364997,1958400,364998,0,364999,0,364996,11,364998,100,364998,0,364999,0,364899,1,started,
364999,100,364999,1,365097,1029840,365099,1,365099,1446774,365100,320000,365100,0,365101,63,365109,25,365096,1958400,365097,1958400,365098,0,365099,0,365097,25,365098,100,365099,0,365099,0,364999,1,started,
365100,100,365100,1,365197,1030632,365199,1,365200,1446774,365200,320000,365201,0,365201,61,365204,27,365196,1958400,365198,1958400,365199,0,365199,0,365197,25,365198,100,365199,0,365200,0,365099,1,started,
365200,100,365200,1,365299,1032060,365302,1,365304,1874409,365304,320000,365305,0,365306,82,365310,35,365296,1958400,365299,1958400,365301,0,365302,0,365298,90,365301,72,365301,0,365303,0,365200,1,started,
365304,100,365304,1,365398,1032224,365400,1,365401,1643255,365402,320000,365403,0,365404,70,365406,30,365397,1958400,365398,1958400,365400,0,365400,0,365398,70,365399,72,365400,0,365401,0,365303,1,started,
365401,100,365402,1,365498,1032224,365500,1,365501,256332,365501,320000,365501,0,365502,5,365504,4,365497,1958400,365499,1958400,365500,0,365500,0,365498,22,365499,0,365500,0,365500,0,365401,1,started,
365501,100,365501,1,365599,1028732,365600,1,365601,377115,365601,320000,365602,0,365602,27,365605,9,365597,1958400,365599,1267200,365600,0,365600,0,365598,25,365600,20,365600,0,365601,0,365500,1,started,
365601,100,365601,1,365699,1029428,365701,1,365701,961351,365702,320000,365702,0,365703,52,365715,19,365698,1958400,365699,1267200,365700,0,365701,0,365699,83,365700,0,365700,0,365701,0,365601,1,started,
365701,100,365701,1,365799,1029096,365801,1,365802,2047774,365802,320000,365802,0,365803,89,365805,37,365798,1958400,365799,1958400,365800,0,365801,0,365799,77,365800,100,365801,0,365801,0,365701,1,started,
365802,100,365802,1,365900,1025600,365902,1,365902,1354313,365903,320000,365903,0,365904,57,365906,25,365898,1958400,365900,1958400,365901,0,365902,0,365899,40,365901,77,365901,0,365902,0,365801,1,started,
365902,100,365902,1,366000,1025724,366002,1,366003,1446774,366003,320000,366003,0,366004,66,366006,26,365999,1958400,366000,1958400,366001,0,366002,0,366000,25,366001,100,366002,0,366002,0,365902,1,started,
366003,100,366003,1,366100,1025972,366102,1,366103,1539236,366103,320000,366103,0,366104,68,366106,28,366099,1958400,366101,1958400,366102,0,366102,0,366100,33,366101,100,366102,0,366102,0,366002,1,started,
366103,100,366103,1,366201,1026576,366205,1,366206,1286997,366207,320000,366208,0,366210,65,366214,26,366199,1267200,366202,1958400,366204,0,366205,0,366201,30,366203,100,366204,0,366206,0,366103,1,started,
366206,100,366207,1,366301,1027916,366305,1,366310,1171420,366313,320000,366316,0,366320,65,366326,25,366300,1267200,366302,1958400,366303,0,366307,0,366301,30,366303,90,366303,0,366308,0,366206,1,started,
366310,100,366311,1,366401,1028500,366403,1,366404,1446774,366404,320000,366405,0,366405,60,366407,19,366400,1958400,366402,1958400,366403,0,366403,0,366401,75,366402,50,366403,0,366403,0,366308,1,started,
366404,100,366404,1,366504,1028624,366509,1,366511,210101,366512,320000,366514,0,366515,9,366521,3,366501,1958400,366505,1958400,366508,0,366509,0,366503,18,366507,0,366509,0,366510,0,366404,1,started,
366511,100,366511,1,366602,1025776,366604,1,366604,1010971,366605,320000,366605,0,366606,56,366608,18,366601,1958400,366602,1267200,366603,0,366604,0,366601,75,366603,33,366603,0,366604,0,366510,1,started,
366604,100,366604,1,366705,1026204,366710,1,366712,1365870,366716,320000,366717,0,366719,59,366726,21,366701,1958400,366706,1958400,366709,0,366712,0,366704,18,366708,100,366710,0,366712,0,366604,1,started,
366713,100,366714,1,366804,1026816,366807,1,366808,1390330,366809,320000,366810,0,366811,73,366814,28,366801,1267200,366804,1958400,366806,0,366807,0,366803,54,366806,100,366806,0,366808,0,366712,1,started,
366808,100,366809,1,366904,1027060,366906,1,366907,1197925,366909,320000,366910,0,366912,71,366921,27,366902,1267200,366904,1958400,366906,0,366906,0,366903,63,366905,80,366906,0,366907,0,366808,1,started,
366908,100,366908,1,367003,1027804,367005,1,367006,1539236,367006,320000,367007,0,367007,68,367010,26,367002,1958400,367004,1958400,367005,0,367005,0,367003,33,367004,100,367005,0,367006,0,366907,1,started,
367006,100,367006,1,367104,1027928,367106,1,367107,1412101,367108,320000,367108,0,367109,63,367112,26,367102,1958400,367104,1958400,367106,0,367107,0,367103,22,367105,100,367106,0,367107,0,367006,1,started,
367107,100,367108,1,367205,1028760,367207,1,367208,1209498,367208,320000,367209,0,367210,61,367213,23,367203,1267200,367205,1958400,367206,0,367207,0,367204,12,367206,100,367207,0,367207,0,367107,1,started,
367208,100,367208,1,367305,1030232,367308,1,367308,1257531,367310,320000,367311,0,367313,70,367316,27,367303,1267200,367306,1958400,367307,0,367308,0,367305,50,367307,90,367307,0,367308,0,367207,1,started,
367309,100,367309,1,367406,1030480,367411,1,367414,1976065,367416,320000,367417,0,367425,86,367430,36,367404,1958400,367406,1958400,367408,960000,367412,0,367405,77,367407,90,367409,20,367414,0,367308,1,started,
367414,100,367415,1,367506,1031168,367509,1,367513,3053293,367514,200000,367515,0,367516,76,367532,49,367504,1958400,367507,1958400,367508,1958400,367510,1958400,367506,77,367508,75,367509,90,367513,22,367414,1,started,
367514,100,367514,1,367607,1031788,367610,1,367612,2960832,367612,200000,367613,0,367614,65,367618,55,367605,1958400,367607,1958400,367609,1958400,367610,1958400,367606,80,367608,70,367610,44,367611,62,367513,1,started,
367612,100,367612,1,367707,1032036,367712,1,367714,1192505,367716,200000,367716,0,367718,20,367725,16,367705,1958400,367708,1958400,367710,1958400,367713,1958400,367707,40,367709,10,367712,20,367714,33,367611,1,started,
367715,100,367715,1,367807,1032284,367810,1,367812,141505,367813,320000,367814,0,367815,8,367819,1,367805,1728000,367808,1267200,367809,1958400,367811,1497600,367807,0,367809,0,367810,0,367812,22,367714,1,started,
367812,100,367812,1,367908,1029744,367911,1,367912,846889,367913,320000,367914,0,367915,40,367919,8,367906,1267200,367908,1267200,367909,1958400,367911,0,367907,22,367909,40,367911,50,367912,0,367812,1,started,
367912,100,367912,1,368008,1029668,368011,1,368013,1085310,368014,320000,368014,0,368015,55,368019,18,368006,1958400,368009,1267200,368010,0,368012,0,368008,90,368010,10,368011,0,368012,0,367912,1,started,
368013,100,368013,1,368108,1028684,368109,1,368110,1793505,368110,320000,368111,0,368112,76,368114,30,368106,1958400,368108,1958400,368109,0,368109,0,368107,100,368109,55,368109,0,368110,0,368012,1,started,
368110,100,368110,1,368209,1028808,368214,1,368216,1274081,368220,320000,368221,0,368229,68,368231,26,368207,1958400,368209,1267200,368211,0,368214,0,368208,100,368210,27,368213,0,368216,0,368110,1,started,
368218,100,368218,1,368308,1029136,368310,1,368311,1735716,368313,320000,368313,0,368314,70,368316,28,368307,1958400,368309,1958400,368310,0,368310,0,368308,100,368309,50,368310,0,368310,0,368216,1,started,
368311,100,368312,1,368409,1029312,368412,1,368415,1205192,368417,320000,368418,0,368420,60,368425,24,368407,1958400,368410,1267200,368411,0,368414,0,368409,100,368411,11,368412,0,368414,0,368311,1,started,
368415,100,368415,1,368509,1029684,368511,1,368511,1504563,368512,320000,368513,0,368514,65,368516,28,368508,1958400,368509,1958400,368510,0,368511,0,368509,100,368510,30,368511,0,368511,0,368415,1,started,
368512,100,368512,1,368610,1031352,368612,1,368613,1299914,368614,320000,368615,0,368617,68,368625,27,368608,1958400,368610,1267200,368611,0,368612,0,368609,100,368611,33,368611,0,368613,0,368511,1,started,
368614,100,368614,1,368709,1031476,368711,1,368712,926678,368713,320000,368714,0,368715,36,368717,15,368708,1958400,368710,1958400,368711,0,368711,0,368709,44,368710,36,368711,0,368712,0,368613,1,started,
368712,100,368713,1,368810,1031476,368813,1,368814,348793,368815,320000,368816,0,368817,19,368820,8,368809,1958400,368810,1958400,368812,0,368813,0,368810,20,368811,10,368812,0,368813,0,368712,1,started,
368814,100,368814,1,368911,1028916,368913,1,368914,722701,368914,320000,368915,0,368916,45,368919,14,368909,1958400,368911,1267200,368912,0,368913,0,368910,40,368912,60,368913,0,368914,0,368814,1,started,
368914,100,368914,1,369011,1029004,369013,1,369014,1197253,369015,320000,369015,0,369016,65,369019,25,369009,1958400,369011,1267200,369013,0,369014,0,369011,90,369012,36,369013,0,369014,0,368914,1,started,
369014,100,369014,1,369112,1029376,369119,1,369121,1205192,369123,320000,369125,0,369127,61,369131,24,369110,1958400,369114,1267200,369118,0,369120,0,369112,100,369117,11,369119,0,369121,0,369014,1,started,
369123,100,369123,1,369212,1029620,369214,1,369215,1550793,369215,320000,369216,0,369216,61,369219,26,369210,1958400,369212,1958400,369214,0,369214,0,369211,54,369213,80,369214,0,369215,0,369121,1,started,
369215,100,369215,1,369312,1030008,369314,1,369315,1273409,369316,320000,369317,0,369317,55,369320,23,369311,1958400,369313,1958400,369314,0,369315,0,369312,100,369313,10,369314,0,369315,0,369215,1,started,
369316,100,369316,1,369412,1029992,369414,1,369415,1504563,369415,320000,369416,0,369416,61,369418,22,369411,1958400,369412,1958400,369413,0,369414,0,369412,30,369413,100,369414,0,369415,0,369315,1,started,
369415,100,369415,1,369512,1030116,369514,1,369515,1273409,369515,320000,369516,0,369516,55,369519,23,369511,1958400,369513,1958400,369514,0,369514,0,369512,100,369513,10,369514,0,369515,0,369415,1,started,
369515,100,369515,1,369613,1031484,369616,1,369618,1235331,369619,320000,369620,0,369621,57,369624,25,369611,1958400,369614,1267200,369616,0,369617,0,369613,100,369615,18,369616,0,369617,0,369515,1,started,
369618,100,369618,1,369715,1032040,369717,1,369718,1214918,369719,320000,369719,0,369720,76,369727,27,369712,1958400,369715,1267200,369716,0,369717,0,369714,77,369716,75,369717,0,369718,0,369618,1,started,
369718,100,369718,1,369814,1032164,369816,1,369818,319327,369819,320000,369819,0,369820,20,369824,7,369812,1958400,369814,1267200,369816,0,369817,0,369813,20,369815,20,369816,0,369817,0,369718,1,started,
369818,100,369818,1,369914,1031660,369916,1,369916,372581,369917,320000,369917,0,369918,25,369921,8,369912,1958400,369914,1267200,369915,0,369916,0,369913,22,369915,27,369915,0,369916,0,369818,1,started,
369916,100,369917,1,370014,1029212,370015,1,370016,1308082,370016,320000,370017,0,370018,57,370020,23,370013,1958400,370014,1958400,370015,0,370016,0,370014,33,370015,80,370015,0,370016,0,369916,1,started,
370016,100,370016,1,370116,1029584,370120,1,370124,1273409,370126,320000,370128,0,370132,59,370139,26,370113,1958400,370116,1958400,370119,0,370121,0,370115,10,370118,100,370120,0,370124,0,370016,1,started,
370124,100,370126,1,370214,1029936,370216,1,370217,1816620,370218,320000,370218,0,370219,80,370221,28,370213,1958400,370215,1958400,370216,0,370216,0,370214,57,370215,100,370216,0,370217,0,370124,1,started,
370217,100,370217,1,370316,1030208,370322,1,370326,1273409,370329,320000,370331,0,370333,62,370341,26,370314,1958400,370318,1958400,370320,0,370324,0,370315,10,370320,100,370321,0,370325,0,370217,1,started,
370327,100,370327,1,370415,1030588,370417,1,370417,1781947,370418,320000,370418,0,370419,70,370421,29,370414,1958400,370415,1958400,370416,0,370417,0,370415,54,370416,100,370416,0,370417,0,370326,1,started,
370417,100,370417,1,370516,1030836,370519,1,370522,1388986,370524,320000,370525,0,370531,63,370538,27,370514,1958400,370516,1958400,370517,0,370520,0,370515,20,370517,100,370518,0,370520,0,370417,1,started,
370522,100,370522,1,370616,1032300,370618,1,370618,1677928,370619,320000,370619,0,370620,72,370624,26,370614,1958400,370616,1958400,370617,0,370618,0,370615,90,370617,55,370617,0,370618,0,370521,1,started,
370618,100,370618,1,370716,1031860,370718,1,370718,1331197,370719,320000,370719,0,370720,55,370722,25,370715,1958400,370716,1958400,370717,0,370718,0,370716,60,370717,55,370717,0,370718,0,370618,1,started,
370718,100,370719,1,370817,1031860,370818,1,370819,385215,370820,320000,370820,0,370821,20,370823,8,370815,1958400,370817,1728000,370818,0,370819,0,370816,18,370818,20,370818,0,370819,0,370718,1,started,
370819,100,370819,1,370917,1028384,370919,1,370920,463225,370921,320000,370921,0,370932,31,370936,11,370915,1958400,370917,1267200,370919,0,370920,0,370917,25,370918,40,370919,0,370920,0,370819,1,started,
370920,100,370920,1,371021,1028760,371029,1,371033,1200887,371034,320000,371034,0,371035,65,371038,22,371016,1267200,371023,1958400,371026,0,371032,0,371019,10,371026,100,371028,0,371032,0,370920,1,started,
371033,100,371033,1,371117,1029312,371119,1,371120,1793505,371121,320000,371121,0,371122,73,371125,30,371116,1958400,371118,1958400,371118,0,371119,0,371117,55,371118,100,371119,0,371120,0,371033,1,started,
371120,100,371120,1,371218,1029576,371221,1,371224,1149893,371233,320000,371234,0,371237,66,371246,23,371216,1267200,371218,1958400,371220,0,371221,0,371217,25,371219,90,371220,0,371223,0,371120,1,started,
371224,100,371224,1,371318,1030180,371320,1,371321,1781947,371322,320000,371322,0,371323,75,371326,31,371317,1958400,371318,1958400,371319,0,371320,0,371318,54,371319,100,371320,0,371320,0,371223,1,started,
371321,100,371321,1,371419,1030180,371425,1,371427,1286997,371429,320000,371431,0,371438,65,371443,27,371417,1267200,371420,1958400,371423,0,371426,0,371418,30,371423,100,371425,0,371427,0,371321,1,started,
371428,100,371428,1,371518,1030732,371522,1,371523,1677928,371524,320000,371524,0,371525,72,371528,31,371517,1958400,371519,1958400,371520,0,371522,0,371518,45,371519,100,371521,0,371523,0,371427,1,started,
371523,100,371523,1,371619,1032252,371620,1,371621,1136976,371622,320000,371624,0,371624,60,371627,23,371617,1267200,371619,1958400,371620,0,371621,0,371618,22,371620,90,371620,0,371621,0,371523,1,started,
371621,100,371621,1,371719,1032900,371724,1,371726,3157313,371727,320000,371728,0,371728,84,371736,35,371718,1958400,371720,1958400,371722,1958400,371725,1497600,371719,88,371721,100,371723,85,371726,0,371621,1,started,
371726,100,371727,1,371820,1033164,371825,1,371827,464370,371828,320000,371829,0,371829,12,371834,10,371818,1958400,371820,1958400,371823,1958400,371825,1497600,371819,11,371823,18,371825,11,371827,0,371726,1,started,
371827,100,371827,1,371920,1033164,371923,1,371924,799543,371925,320000,371926,0,371926,18,371930,14,371918,1958400,371920,1958400,371922,1958400,371923,1497600,371919,42,371921,27,371923,0,371924,0,371827,1,started,
371925,100,371925,1,372020,1029808,372022,1,372024,868889,372025,320000,372026,0,372026,36,372030,17,372019,1958400,372020,1958400,372021,0,372023,0,372020,55,372021,20,372022,0,372023,0,371924,1,started,
372024,100,372024,1,372121,1030184,372124,1,372125,1539236,372126,320000,372127,0,372127,68,372130,28,372119,1958400,372121,1958400,372123,0,372124,0,372120,33,372123,100,372124,0,372125,0,372024,1,started,
372125,100,372125,1,372221,1030432,372225,1,372227,1252553,372234,320000,372235,0,372235,66,372238,25,372220,1267200,372222,1958400,372224,0,372226,0,372221,22,372223,100,372225,0,372227,0,372125,1,started,
372227,100,372234,1,372321,1030492,372323,1,372324,1620140,372325,320000,372325,0,372326,61,372328,26,372320,1958400,372321,1958400,372322,0,372323,0,372321,40,372322,100,372323,0,372324,0,372227,1,started,
372324,100,372325,1,372422,1030988,372433,1,372434,1209498,372434,320000,372435,0,372436,63,372439,23,372420,1267200,372422,1958400,372423,0,372433,0,372421,12,372423,100,372432,0,372433,0,372324,1,started,
372434,100,372434,1,372522,1030988,372524,1,372524,1412101,372525,320000,372525,0,372526,64,372529,27,372520,1958400,372522,1958400,372523,0,372524,0,372521,100,372523,22,372523,0,372524,0,372433,1,started,
372525,100,372525,1,372622,1031904,372624,1,372625,1469890,372625,320000,372626,0,372626,61,372629,26,372621,1958400,372623,1958400,372624,0,372624,0,372622,100,372624,27,372624,0,372625,0,372524,1,started,
372625,100,372625,1,372723,1033196,372725,1,372725,1527678,372726,320000,372726,0,372727,70,372734,28,372721,1958400,372723,1958400,372724,0,372725,0,372722,90,372724,42,372724,0,372725,0,372625,1,started,
372725,100,372725,1,372823,1033368,372825,1,372825,660851,372826,320000,372826,0,372827,28,372829,12,372821,1958400,372823,1958400,372824,0,372825,0,372822,27,372824,30,372824,0,372825,0,372725,1,started,
372825,100,372826,1,372925,1033368,372928,1,372929,210101,372931,320000,372931,0,372932,5,372942,5,372922,1958400,372926,1958400,372927,0,372929,0,372924,18,372927,0,372928,0,372929,0,372825,1,started,
372930,100,372930,1,373024,1030292,373025,1,373026,957702,373027,320000,373027,0,373028,65,373043,21,373022,1267200,373024,1958400,373025,0,373026,0,373023,77,373025,54,373025,0,373026,0,372929,1,started,
373026,100,373026,1,373124,1026004,373127,1,373128,1330052,373128,320000,373129,0,373130,70,373135,29,373123,1267200,373125,1958400,373126,0,373127,0,373124,40,373126,100,373127,0,373127,0,373026,1,started,
373128,100,373128,1,373224,1026376,373227,1,373236,1286997,373236,320000,373237,0,373238,65,373241,26,373223,1267200,373225,1958400,373226,0,373227,0,373224,30,373225,100,373226,0,373235,0,373128,1,started,
373236,100,373236,1,373325,1026376,373329,1,373332,1252553,373334,320000,373335,0,373337,66,373344,25,373323,1267200,373326,1958400,373328,0,373330,0,373324,22,373327,100,373329,0,373331,0,373236,1,started,
373332,100,373333,1,373425,1026872,373427,1,373428,1631697,373429,320000,373429,0,373430,65,373432,28,373423,1958400,373425,1958400,373426,0,373427,0,373424,41,373426,100,373427,0,373427,0,373331,1,started,
373428,100,373428,1,373528,1026872,373537,1,373541,1286997,373542,320000,373544,0,373546,70,373558,29,373524,1267200,373530,1958400,373535,0,373539,0,373527,30,373534,100,373536,0,373539,0,373428,1,started,
373541,100,373541,1,373625,1027664,373627,1,373628,1735716,373629,320000,373630,0,373631,68,373633,28,373624,1958400,373626,1958400,373627,0,373628,0,373625,50,373626,100,373627,0,373628,0,373539,1,started,
373629,100,373629,1,373727,1029184,373730,1,373739,1214475,373740,320000,373741,0,373742,68,373745,29,373724,1267200,373727,1958400,373729,0,373737,0,373726,40,373729,90,373730,0,373738,0,373628,1,started,
373739,100,373740,1,373826,1029736,373828,1,373829,2452293,373829,320000,373830,0,373831,77,373834,25,373824,1958400,373826,1958400,373827,1958400,373829,0,373825,66,373827,80,373828,66,373829,0,373739,1,started,
373829,100,373829,1,373926,1029924,373928,1,373929,160695,373930,320000,373930,0,373931,6,373934,4,373925,1267200,373926,1958400,373927,1958400,373929,0,373926,10,373927,10,373928,0,373929,0,373829,1,started,
373929,100,373929,1,374027,1026736,374030,1,374031,512632,374031,320000,374032,0,374033,22,374037,9,374025,1958400,374027,1267200,374029,1958400,374030,0,374026,33,374028,30,374030,0,374030,0,373929,1,started,
374031,100,374031,1,374127,1027048,374129,1,374130,1273409,374130,320000,374132,0,374133,44,374135,19,374125,1958400,374127,1958400,374128,0,374129,0,374127,20,374128,90,374129,0,374129,0,374031,1,started,
374130,100,374130,1,374227,1027564,374229,1,374230,1677928,374230,320000,374230,0,374231,68,374233,29,374226,1958400,374228,1958400,374228,0,374229,0,374227,45,374228,100,374229,0,374229,0,374130,1,started,
374230,100,374230,1,374327,1027956,374329,1,374330,1420503,374331,320000,374331,0,374332,58,374334,29,374326,1958400,374328,1728000,374329,0,374330,0,374327,100,374329,30,374329,0,374330,0,374230,1,started,
374330,100,374330,1,374428,1028328,374430,1,374431,1504563,374431,320000,374431,0,374432,63,374435,27,374426,1958400,374428,1958400,374429,0,374430,0,374427,30,374429,100,374430,0,374430,0,374330,1,started,
374431,100,374431,1,374528,1028948,374531,1,374532,1273409,374533,320000,374533,0,374534,59,374538,23,374527,1958400,374529,1958400,374530,0,374531,0,374528,100,374530,10,374530,0,374531,0,374430,1,started,
374532,100,374532,1,374629,1029072,374631,1,374632,1539236,374633,320000,374633,0,374634,68,374636,27,374627,1958400,374629,1958400,374630,0,374631,0,374628,100,374630,33,374631,0,374632,0,374531,1,started,
374632,100,374632,1,374729,1030028,374731,1,374731,1469890,374732,320000,374732,0,374733,61,374736,27,374727,1958400,374729,1958400,374730,0,374731,0,374728,100,374730,27,374730,0,374731,0,374632,1,started,
374731,100,374731,1,374829,1031648,374831,1,374831,1214475,374832,320000,374835,0,374837,66,374843,25,374828,1958400,374829,1267200,374830,0,374831,0,374829,90,374830,40,374831,0,374831,0,374731,1,started,
374832,100,374832,1,374930,1032024,374932,1,374933,1088486,374933,320000,374934,0,374934,45,374937,15,374929,1958400,374931,1958400,374932,0,374932,0,374930,40,374931,54,374932,0,374933,0,374831,1,started,
374933,100,374933,1,375031,1032268,375033,1,375034,383466,375035,320000,375035,0,375036,15,375038,6,375029,1958400,375031,1958400,375032,0,375033,0,375030,11,375032,22,375033,0,375034,0,374933,1,started,
375034,100,375034,1,375131,1029288,375133,1,375134,737434,375135,320000,375136,0,375137,52,375139,22,375130,1267200,375131,1958400,375133,0,375134,0,375131,50,375132,45,375133,0,375134,0,375034,1,started,
375135,100,375135,1,375232,1029780,375235,1,375236,1388986,375238,320000,375238,0,375240,57,375245,20,375230,1958400,375232,1958400,375234,0,375235,0,375231,100,375233,20,375234,0,375236,0,375134,1,started,
375237,100,375237,1,375332,1030308,375335,1,375337,1351580,375338,320000,375339,0,375340,71,375344,30,375330,1958400,375333,1267200,375334,0,375336,0,375332,100,375334,45,375335,0,375336,0,375236,1,started,
375337,100,375337,1,375433,1030556,375437,1,375440,1274081,375443,320000,375444,0,375445,65,375448,26,375431,1958400,375434,1267200,375436,0,375439,0,375432,100,375436,27,375437,0,375439,0,375337,1,started,
375442,100,375443,1,375533,1031176,375536,1,375537,1347274,375538,320000,375539,0,375540,70,375543,28,375531,1958400,375533,1267200,375535,0,375536,0,375532,100,375535,44,375536,0,375537,0,375439,1,started,
375537,100,375538,1,375634,1031548,375638,1,375641,1286997,375645,320000,375649,0,375650,68,375665,28,375632,1958400,375634,1267200,375637,0,375639,0,375633,100,375635,30,375638,0,375639,0,375537,1,started,
375641,100,375641,1,375733,1030868,375735,1,375735,1885966,375736,320000,375736,0,375737,77,375739,31,375732,1958400,375733,1958400,375734,0,375735,0,375733,63,375734,100,375735,0,375735,0,375641,1,started,
375736,100,375736,1,375833,1032180,375836,1,375840,1504563,375841,320000,375841,0,375842,63,375847,29,375832,1958400,375834,1958400,375835,0,375837,0,375833,100,375834,30,375835,0,375840,0,375735,1,started,
375840,100,375840,1,375934,1032692,375938,1,375939,1287968,375940,320000,375941,0,375942,75,375952,32,375932,1958400,375934,1497600,375936,0,375938,0,375933,63,375936,88,375937,0,375939,0,375840,1,started,
375939,100,375940,1,376035,1033060,376043,1,376045,1932197,376048,320000,376049,0,376051,86,376058,34,376033,1958400,376036,1958400,376038,960000,376044,0,376034,90,376037,77,376040,0,376044,0,375939,1,started,
376045,100,376046,1,376135,1033200,376137,1,376138,1302766,376139,320000,376139,0,376140,42,376143,19,376134,1958400,376135,1958400,376136,960000,376138,0,376135,54,376136,50,376137,45,376138,0,376045,1,started,
376138,100,376138,1,376235,1033200,376238,1,376238,210101,376239,320000,376239,0,376240,6,376243,3,376234,1958400,376236,1958400,376237,960000,376238,0,376235,0,376236,18,376237,0,376238,0,376138,1,started,
376238,100,376239,1,376336,1030092,376337,1,376339,845774,376340,320000,376340,0,376341,25,376344,15,376334,1958400,376336,1958400,376337,0,376338,0,376335,33,376337,40,376337,0,376339,0,376238,1,started,
376339,100,376339,1,376437,1030384,376441,1,376445,1330052,376446,320000,376448,0,376450,72,376464,28,376435,1267200,376437,1958400,376440,0,376442,0,376436,40,376439,100,376441,0,376443,0,376339,1,started,
376445,100,376446,1,376536,1030632,376538,1,376539,1504563,376539,320000,376540,0,376540,57,376551,21,376535,1958400,376537,1958400,376538,0,376538,0,376536,30,376537,100,376538,0,376538,0,376444,1,started,
376539,100,376539,1,376637,1030740,376640,1,376641,1351580,376642,320000,376643,0,376645,77,376651,29,376635,1267200,376637,1958400,376639,0,376640,0,376637,45,376639,100,376639,0,376641,0,376539,1,started,
376641,100,376642,1,376737,1031236,376739,1,376740,1504563,376741,320000,376741,0,376742,61,376745,27,376736,1958400,376737,1958400,376738,0,376739,0,376736,30,376738,100,376739,0,376739,0,376641,1,started,
376740,100,376740,1,376838,1031360,376841,1,376842,1265470,376843,320000,376844,0,376845,70,376851,25,376836,1267200,376838,1958400,376840,0,376841,0,376837,25,376840,100,376841,0,376842,0,376740,1,started,
376843,100,376843,1,376938,1032152,376940,1,376941,1620140,376941,320000,376942,0,376943,70,376946,30,376936,1958400,376938,1958400,376939,0,376940,0,376937,40,376939,100,376939,0,376940,0,376842,1,started,
376941,100,376941,1,377043,1033116,377044,1,377045,1666370,377046,320000,377046,0,377047,70,377049,27,377036,1958400,377043,1958400,377044,0,377045,0,377042,54,377044,90,377044,0,377045,0,376940,1,started,
377045,100,377045,1,377139,1033116,377142,1,377143,348793,377144,320000,377145,0,377146,19,377149,7,377137,1958400,377140,1958400,377141,0,377143,0,377139,30,377141,0,377142,0,377143,0,377045,1,started,
377144,100,377144,1,377239,1032696,377242,1,377244,539311,377245,320000,377245,0,377246,30,377249,10,377237,1958400,377240,1497600,377241,0,377243,0,377239,41,377241,10,377242,0,377243,0,377143,1,started,
377244,100,377244,1,377339,1030536,377341,1,377341,1481447,377352,320000,377353,0,377354,61,377356,22,377337,1958400,377339,1958400,377340,0,377341,0,377338,40,377340,88,377340,0,377341,0,377243,1,started,
377341,100,377342,1,377439,1031096,377441,1,377443,1469890,377443,320000,377444,0,377445,63,377447,28,377438,1958400,377440,1958400,377441,0,377442,0,377439,27,377440,100,377441,0,377442,0,377341,1,started,
377443,100,377443,1,377544,1031344,377547,1,377548,1443055,377548,320000,377549,0,377550,70,377552,29,377538,1497600,377545,1958400,377546,0,377547,0,377543,45,377546,100,377546,0,377547,0,377442,1,started,
377548,100,377548,1,377640,1031344,377645,1,377647,1273409,377648,320000,377649,0,377650,57,377655,24,377638,1958400,377641,1958400,377643,0,377646,0,377640,100,377642,10,377644,0,377646,0,377548,1,started,
377648,100,377648,1,377740,1031840,377742,1,377744,1500100,377744,320000,377745,0,377746,76,377749,32,377739,1958400,377741,1497600,377742,0,377743,0,377740,100,377741,54,377742,0,377743,0,377646,1,started,
377744,100,377744,1,377841,1031936,377843,1,377844,1286997,377844,320000,377845,0,377846,65,377849,26,377839,1958400,377841,1267200,377843,0,377843,0,377840,100,377842,30,377843,0,377844,0,377743,1,started,
377844,100,377844,1,377941,1033108,377943,1,377944,1735716,377944,320000,377945,0,377946,75,377948,31,377939,1958400,377941,1958400,377942,0,377943,0,377940,100,377942,50,377942,0,377943,0,377844,1,started,
377944,100,377944,1,378041,1033956,378044,1,378044,1562351,378045,320000,378045,0,378046,66,378049,29,378040,1958400,378041,1958400,378043,0,378044,0,378041,90,378042,45,378044,0,378044,0,377944,1,started,
378045,100,378045,1,378142,1034140,378154,1,378156,1091245,378157,320000,378157,0,378158,40,378163,23,378140,1958400,378142,1574400,378153,960000,378155,0,378141,50,378152,72,378154,0,378155,0,378044,1,started,
378156,100,378156,1,378242,1033284,378244,1,378245,572909,378245,320000,378246,0,378246,30,378249,15,378240,1958400,378242,1267200,378243,960000,378244,0,378241,33,378243,44,378244,0,378244,0,378155,1,started,
378245,100,378245,1,378342,1030512,378344,1,378345,979741,378346,320000,378346,0,378347,39,378350,20,378341,1958400,378342,1958400,378343,960000,378345,0,378342,36,378343,41,378344,40,378345,0,378245,1,started,
378345,100,378345,1,378442,1030916,378445,1,378445,1577985,378446,320000,378446,0,378447,46,378450,27,378441,1958400,378443,1267200,378444,1958400,378445,0,378442,33,378443,9,378444,100,378445,0,378345,1,started,
378445,100,378445,1,378549,1030968,378557,1,378558,277615,378559,320000,378561,0,378566,53,378582,13,378542,1267200,378549,1267200,378556,0,378557,0,378547,20,378552,44,378556,0,378558,0,378445,1,started,
378559,100,378559,1,378643,1030976,378645,1,378645,1885966,378646,320000,378646,0,378647,76,378649,33,378642,1958400,378643,1958400,378644,0,378645,0,378643,63,378644,100,378644,0,378645,0,378558,1,started,
378645,100,378645,1,378746,1031472,378754,1,378757,1243942,378759,320000,378761,0,378763,63,378771,28,378742,1267200,378747,1958400,378751,0,378755,0,378744,20,378750,100,378754,0,378756,0,378645,1,started,
378758,100,378759,1,378844,1031472,378845,1,378846,1828178,378846,320000,378847,0,378847,75,378850,31,378842,1958400,378844,1958400,378845,0,378845,0,378843,58,378845,100,378845,0,378846,0,378757,1,started,
378846,100,378846,1,378945,1032024,378950,1,378954,1286997,378956,320000,378958,0,378961,68,378972,28,378943,1267200,378945,1958400,378948,0,378951,0,378944,30,378946,100,378948,0,378953,0,378846,1,started,
378954,100,378954,1,379047,1033388,379050,1,379051,1747274,379052,320000,379054,0,379055,75,379060,32,379043,1958400,379047,1958400,379049,0,379051,0,379046,63,379049,88,379050,0,379051,0,378953,1,started,
379051,100,379051,1,379145,1033316,379147,1,379148,633682,379149,320000,379150,0,379150,30,379154,12,379143,1574400,379145,1958400,379147,0,379148,0,379144,45,379146,27,379147,0,379148,0,379051,1,started,
379148,100,379149,1,379245,1033316,379247,1,379248,464370,379249,320000,379250,0,379250,19,379253,7,379243,1958400,379246,1958400,379247,0,379248,0,379245,30,379246,10,379247,0,379248,0,379148,1,started,
379249,100,379249,1,379346,1030152,379348,1,379349,485196,379349,320000,379350,0,379351,52,379354,18,379344,1958400,379346,1267200,379347,0,379348,0,379345,12,379347,80,379348,0,379349,0,379248,1,started,
379349,100,379349,1,379446,1030476,379448,1,379450,1200887,379451,320000,379451,0,379452,59,379456,22,379444,1958400,379446,1267200,379448,0,379449,0,379445,100,379447,10,379448,0,379449,0,379349,1,started,
379450,100,379450,1,379551,1030900,379554,1,379555,1373107,379556,320000,379557,0,379558,71,379562,27,379545,1958400,379552,1267200,379553,0,379555,0,379550,100,379553,50,379554,0,379555,0,379450,1,started,
379556,100,379556,1,379646,1031012,379648,1,379648,1504563,379649,320000,379649,0,379653,60,379655,24,379645,1958400,379646,1958400,379647,0,379648,0,379646,30,379647,100,379647,0,379648,0,379555,1,started,
379648,100,379649,1,379746,1031628,379749,1,379750,1296524,379750,320000,379751,0,379752,62,379755,27,379745,1958400,379747,1958400,379748,0,379749,0,379746,12,379748,100,379748,0,379749,0,379648,1,started,
379750,100,379750,1,379847,1031628,379849,1,379850,1312830,379850,320000,379851,0,379852,66,379855,26,379845,1267200,379847,1958400,379848,0,379849,0,379846,36,379848,100,379849,0,379850,0,379750,1,started,
379850,100,379850,1,379947,1032392,379950,1,379950,1243942,379951,320000,379951,0,379955,60,379959,24,379946,1267200,379948,1958400,379949,0,379950,0,379947,20,379949,100,379949,0,379950,0,379850,1,started,
379950,100,379951,1,380047,1033764,380049,1,380050,1735716,380051,320000,380052,0,380055,77,380066,31,380046,1958400,380048,1958400,380048,0,380049,0,380047,60,380048,90,380049,0,380049,0,379950,1,started,
380050,100,380050,1,380149,1034440,380155,1,380156,2040517,380157,320000,380157,0,380158,74,380163,34,380147,1958400,380149,1958400,380153,960000,380155,0,380148,80,380152,81,380155,81,380156,0,380050,1,started,
380156,100,380157,1,380248,1034720,380253,1,380254,1916166,380255,320000,380256,0,380257,76,380261,40,380247,1958400,380249,1958400,380251,960000,380253,0,380248,81,380250,70,380252,77,380254,0,380156,1,started,
380255,100,380255,1,380348,1034696,380351,1,380351,432733,380352,320000,380353,0,380353,20,380356,9,380347,1958400,380349,1958400,380350,960000,380351,0,380348,20,380349,11,380350,33,380351,0,380254,1,started,
380351,100,380352,1,380449,1034108,380451,1,380452,369546,380452,320000,380453,0,380453,16,380456,8,380447,1958400,380449,1958400,380450,960000,380451,0,380448,10,380450,18,380451,20,380452,0,380351,1,started,
380452,100,380452,1,380550,1031440,380553,1,380554,316365,380554,320000,380555,0,380556,46,380559,15,380548,1267200,380550,1267200,380552,0,380553,0,380549,18,380551,55,380552,0,380553,0,380452,1,started,
380554,100,380554,1,380651,1031788,380654,1,380655,1235331,380656,320000,380657,0,380665,59,380669,19,380648,1958400,380651,1267200,380653,0,380654,0,380650,100,380652,18,380653,0,380655,0,380554,1,started,
380655,100,380656,1,380750,1027764,380754,1,380754,2683447,380755,320000,380755,0,380756,75,380759,36,380748,1958400,380750,1958400,380753,1958400,380754,0,380749,77,380752,100,380753,55,380754,0,380655,1,started,
380754,100,380755,1,380850,1028160,380854,1,380855,1365870,380855,320000,380856,0,380857,40,380860,25,380849,1958400,380851,1958400,380852,960000,380854,0,380850,100,380852,18,380853,0,380854,0,380754,1,started,
380855,100,380855,1,380951,1028532,380954,1,380956,1747274,380956,320000,380957,0,380958,51,380962,29,380949,1958400,380951,1958400,380953,1958400,380955,0,380950,100,380952,11,380954,40,380955,0,380854,1,started,
380956,100,380956,1,381051,1028636,381053,1,381053,1504563,381054,320000,381054,0,381055,57,381058,21,381049,1958400,381051,1958400,381052,0,381053,0,381050,40,381052,90,381052,0,381053,0,380955,1,started,
381053,100,381054,1,381151,1028812,381153,1,381153,1473037,381154,320000,381154,0,381155,66,381158,29,381149,1728000,381151,1958400,381152,0,381153,0,381150,36,381152,100,381152,0,381153,0,381053,1,started,
381153,100,381154,1,381252,1030260,381255,1,381256,1458332,381256,320000,381261,0,381262,60,381272,23,381250,1958400,381253,1958400,381254,0,381255,0,381251,90,381254,36,381255,0,381255,0,381153,1,started,
381256,100,381256,1,381351,1031548,381354,1,381354,1678043,381355,320000,381355,0,381356,72,381359,30,381350,1958400,381352,1574400,381353,1958400,381354,0,381351,77,381352,70,381353,25,381354,0,381256,1,started,
381354,100,381355,1,381452,1031796,381455,1,381456,221659,381457,320000,381458,0,381459,6,381463,3,381450,1958400,381452,1574400,381454,1958400,381455,0,381451,10,381453,0,381455,9,381456,0,381354,1,started,
381456,100,381457,1,381552,1029016,381555,1,381556,619846,381562,320000,381563,0,381564,25,381567,15,381551,1958400,381553,1267200,381554,1728000,381555,0,381552,27,381553,10,381555,30,381556,0,381456,1,started,
381556,100,381556,1,381652,1028836,381654,1,381655,1042927,381656,320000,381656,0,381657,55,381659,21,381651,1958400,381653,1267200,381654,0,381655,0,381652,80,381654,27,381654,0,381655,0,381556,1,started,
381655,100,381655,1,381753,1029456,381755,1,381755,1252553,381756,320000,381756,0,381757,63,381760,24,381751,1958400,381753,1267200,381754,0,381755,0,381752,100,381754,22,381754,0,381755,0,381655,1,started,
381755,100,381755,1,381853,1029844,381855,1,381856,1446774,381857,320000,381858,0,381858,66,381861,25,381852,1958400,381854,1958400,381855,0,381856,0,381853,25,381855,100,381855,0,381856,0,381755,1,started,
381857,100,381857,1,381957,1030216,381965,1,381968,1274081,381970,320000,381974,0,381976,68,381985,28,381952,1267200,381957,1958400,381963,0,381966,0,381956,27,381961,100,381963,0,381968,0,381856,1,started,
381968,100,381970,1,382054,1030712,382056,1,382057,1793505,382058,320000,382058,0,382059,73,382061,28,382052,1958400,382054,1958400,382056,0,382056,0,382053,55,382055,100,382056,0,382057,0,381968,1,started,
382057,100,382058,1,382156,1031084,382165,1,382169,1205192,382172,320000,382174,0,382177,65,382181,26,382153,1267200,382158,1958400,382163,0,382167,0,382154,11,382161,100,382163,0,382167,0,382057,1,started,
382170,100,382170,1,382254,1032820,382256,1,382256,1666370,382257,320000,382257,0,382258,66,382260,27,382253,1958400,382255,1958400,382255,0,382256,0,382254,44,382255,100,382256,0,382256,0,382169,1,started,
382257,100,382257,1,382357,1033484,382360,1,382361,1506345,382362,320000,382363,0,382377,82,382392,35,382356,1574400,382358,1958400,382359,0,382360,0,382357,80,382359,81,382360,0,382361,0,382256,1,started,
382361,100,382362,1,382458,1034260,382460,1,382462,1627354,382462,320000,382463,0,382464,52,382468,30,382456,1958400,382458,1958400,382459,960000,382461,1497600,382457,60,382459,50,382460,40,382462,42,382361,1,started,
382462,100,382462,1,382559,1034348,382564,1,382566,687003,382567,200000,382568,0,382569,22,382576,15,382556,1958400,382560,1958400,382562,960000,382564,960000,382558,20,382561,33,382563,0,382565,33,382462,1,started,
382566,100,382566,1,382659,1032004,382663,1,382665,699824,382665,200000,382666,0,382667,30,382673,17,382657,1958400,382659,1958400,382661,960000,382663,960000,382658,27,382661,18,382662,44,382664,37,382565,1,started,
382665,100,382665,1,382760,1032260,382770,1,382774,489252,382775,320000,382775,0,382776,45,382779,21,382757,1497600,382760,1267200,382764,300000,382772,0,382759,77,382762,0,382768,27,382773,0,382664,1,started,
382774,100,382774,1,382859,1032856,382862,1,382863,1382634,382864,320000,382864,0,382865,44,382869,26,382857,1958400,382859,1267200,382861,1958400,382862,0,382858,100,382860,20,382862,12,382863,0,382774,1,started,
382863,100,382863,1,382961,1033388,382965,1,382966,1122561,382967,320000,382967,0,382969,51,382975,27,382958,1958400,382961,1267200,382963,960000,382965,0,382959,70,382963,54,382964,36,382966,0,382863,1,started,
382966,100,382966,1,383061,1032448,383067,1,383069,1851293,383070,320000,383071,0,383073,48,383077,33,383059,1958400,383062,1958400,383064,1958400,383067,0,383060,40,383064,100,383066,20,383068,0,382966,1,started,
383069,100,383069,1,383160,1032768,383162,1,383163,1616735,383164,320000,383165,0,383166,53,383170,32,383158,1267200,383160,1958400,383161,1958400,383163,0,383159,18,383161,100,383162,33,383163,0,383069,1,started,
383164,100,383164,1,383264,1032220,383271,1,383275,1235331,383277,320000,383278,0,383279,51,383285,26,383259,1267200,383264,1958400,383270,0,383273,0,383262,18,383268,100,383271,0,383273,0,383163,1,started,
383275,100,383276,1,383360,1033504,383362,1,383363,1781947,383363,320000,383364,0,383365,72,383367,31,383359,1958400,383361,1958400,383362,0,383362,0,383360,54,383361,100,383362,0,383363,0,383275,1,started,
383363,100,383363,1,383461,1033928,383463,1,383463,1296524,383464,320000,383464,0,383465,52,383467,22,383459,1958400,383461,1958400,383462,0,383463,0,383460,62,383462,50,383462,0,383463,0,383363,1,started,
383463,100,383463,1,383561,1034016,383563,1,383564,65446,383564,320000,383565,0,383565,10,383568,4,383560,1958400,383561,1497600,383563,0,383563,0,383561,0,383563,10,383563,0,383564,0,383463,1,started,
383564,100,383564,1,383661,1030984,383663,1,383664,1562351,383665,320000,383665,0,383666,66,383668,25,383660,1958400,383662,1958400,383663,0,383664,0,383661,60,383663,75,383663,0,383664,0,383564,1,started,
383664,100,383664,1,383762,1031412,383765,1,383767,1273409,383768,320000,383770,0,383771,55,383776,23,383760,1958400,383762,1958400,383764,0,383766,0,383761,100,383764,10,383765,0,383767,0,383664,1,started,
383767,100,383768,1,383862,1031640,383864,1,383864,1781947,383865,320000,383865,0,383866,76,383868,33,383861,1958400,383862,1958400,383863,0,383864,0,383861,54,383863,100,383864,0,383864,0,383767,1,started,
383864,100,383865,1,383964,1032012,383969,1,383971,1446770,383974,320000,383976,0,383978,65,383987,28,383961,1728000,383965,1958400,383968,0,383971,0,383963,33,383967,100,383969,0,383971,0,383864,1,started,
383972,100,383972,1,384063,1032384,384065,1,384065,1851293,384066,320000,384066,0,384067,78,384069,32,384061,1958400,384063,1958400,384064,0,384065,0,384062,60,384064,100,384064,0,384065,0,383971,1,started,
384065,100,384065,1,384164,1032508,384168,1,384170,1243942,384172,320000,384173,0,384174,61,384179,25,384162,1267200,384164,1958400,384167,0,384168,0,384163,20,384166,100,384167,0,384169,0,384065,1,started,
384170,100,384171,1,384265,1033004,384267,1,384268,1620140,384269,320000,384269,0,384270,66,384272,28,384262,1958400,384265,1958400,384267,0,384267,0,384263,40,384266,100,384267,0,384268,0,384170,1,started,
384268,100,384268,1,384364,1034488,384369,1,384373,1243593,384375,320000,384375,0,384376,68,384387,28,384362,1497600,384364,1958400,384366,0,384370,0,384364,50,384366,80,384368,0,384371,0,384268,1,started,
384373,100,384373,1,384464,1034904,384466,1,384466,1909082,384467,320000,384467,0,384468,76,384470,33,384463,1958400,384464,1958400,384465,0,384466,0,384464,77,384465,88,384466,0,384466,0,384371,1,started,
384467,100,384467,1,384565,1034904,384568,1,384569,116152,384570,320000,384571,0,384572,9,384577,4,384563,1497600,384565,1958400,384567,0,384568,0,384564,18,384567,0,384568,0,384569,0,384466,1,started,
384569,100,384570,1,384665,1031900,384667,1,384668,234560,384669,320000,384669,0,384670,33,384673,6,384663,1267200,384665,1958400,384667,0,384667,0,384665,54,384666,0,384667,0,384668,0,384569,1,started,
384668,100,384668,1,384765,1032280,384767,1,384768,1068760,384769,320000,384769,0,384770,57,384774,23,384764,1267200,384766,1958400,384767,0,384768,0,384765,33,384767,80,384767,0,384768,0,384668,1,started,
384768,100,384768,1,384866,1032792,384868,1,384869,1330052,384869,320000,384870,0,384871,70,384874,27,384864,1267200,384866,1958400,384867,0,384868,0,384865,40,384867,100,384868,0,384869,0,384768,1,started,
384869,100,384869,1,384969,1032916,384978,1,384980,1252553,384983,320000,384985,0,384987,69,384995,26,384965,1267200,384969,1958400,384975,0,384978,0,384967,22,384974,100,384976,0,384979,0,384869,1,started,
384981,100,384981,1,385066,1033164,385068,1,385068,1851293,385069,320000,385069,0,385070,75,385072,30,385065,1958400,385066,1958400,385067,0,385068,0,385066,60,385067,100,385067,0,385068,0,384979,1,started,
385068,100,385068,1,385167,1033412,385173,1,385174,1299914,385174,320000,385175,0,385176,66,385178,29,385165,1267200,385169,1958400,385172,0,385173,0,385166,33,385171,100,385172,0,385173,0,385068,1,started,
385174,100,385174,1,385267,1033872,385268,1,385269,1342755,385269,320000,385270,0,385271,64,385273,21,385265,1958400,385267,1958400,385268,0,385269,0,385266,16,385268,100,385268,0,385269,0,385174,1,started,
385269,100,385269,1,385367,1035212,385369,1,385370,1284598,385370,320000,385371,0,385371,60,385378,25,385366,1497600,385367,1958400,385368,0,385369,0,385367,20,385368,100,385369,0,385369,0,385269,1,started,
385370,100,385370,1,385467,1035468,385469,1,385469,1388986,385470,320000,385470,0,385471,60,385474,22,385466,1958400,385467,1958400,385468,0,385469,0,385467,80,385468,40,385469,0,385469,0,385370,1,started,
385469,100,385470,1,385567,1035592,385569,1,385570,418139,385570,320000,385570,0,385571,19,385584,7,385566,1958400,385568,1958400,385569,0,385569,0,385567,36,385568,0,385569,0,385569,0,385469,1,started,
385570,100,385570,1,385668,1031436,385670,1,385671,616952,385672,320000,385674,0,385676,47,385679,17,385666,1728000,385669,1267200,385670,0,385671,0,385668,54,385669,33,385670,0,385671,0,385570,1,started,
385671,100,385672,1,385768,1031808,385770,1,385770,1234880,385771,320000,385771,0,385772,55,385774,20,385767,1728000,385768,1958400,385769,0,385770,0,385768,22,385769,90,385770,0,385770,0,385671,1,started,
385771,100,385771,1,385868,1032180,385870,1,385871,1469890,385872,320000,385872,0,385873,63,385875,26,385867,1958400,385869,1958400,385870,0,385870,0,385868,27,385869,100,385870,0,385871,0,385770,1,started,
385871,100,385871,1,385969,1032552,385971,1,385971,1197253,385972,320000,385982,0,385983,65,385986,27,385967,1267200,385969,1958400,385970,0,385971,0,385968,36,385970,90,385970,0,385971,0,385871,1,started,
385971,100,385971,1,386069,1032676,386071,1,386071,1585466,386072,320000,386073,0,386074,70,386076,28,386068,1958400,386069,1958400,386070,0,386071,0,386069,37,386070,100,386071,0,386071,0,385971,1,started,
386072,100,386072,1,386170,1033048,386173,1,386174,1274081,386176,320000,386177,0,386180,61,386188,26,386168,1267200,386170,1958400,386171,0,386173,0,386169,27,386171,100,386172,0,386174,0,386071,1,started,
386175,100,386175,1,386270,1033016,386271,1,386273,1735716,386273,320000,386274,0,386275,77,386277,30,386268,1958400,386270,1958400,386271,0,386272,0,386269,50,386271,100,386271,0,386272,0,386174,1,started,
386273,100,386273,1,386371,1034320,386374,1,386375,1243942,386378,320000,386379,0,386381,60,386391,26,386369,1267200,386371,1958400,386373,0,386374,0,386370,20,386372,100,386373,0,386375,0,386272,1,started,
386376,100,386376,1,386470,1034848,386481,1,386482,2001543,386482,320000,386483,0,386484,83,386487,34,386469,1958400,386471,1958400,386472,0,386481,0,386470,90,386471,83,386480,0,386481,0,386375,1,started,
386482,100,386482,1,386571,1035144,386574,1,386575,1368485,386576,320000,386576,0,386577,42,386581,24,386570,1958400,386571,1958400,386573,960000,386574,0,386571,58,386572,57,386574,17,386575,0,386482,1,started,
386575,100,386575,1,386671,1035144,386674,1,386674,949793,386675,320000,386675,0,386676,27,386679,16,386670,1958400,386671,1958400,386673,960000,386674,0,386671,36,386672,46,386673,0,386674,0,386575,1,started,
386674,100,386675,1,386775,1031676,386784,1,386786,254282,386788,320000,386790,0,386791,27,386797,13,386770,1267200,386777,1497600,386781,0,386784,0,386773,10,386781,33,386783,0,386786,0,386674,1,started,
386787,100,386788,1,386872,1032228,386874,1,386875,1735716,386876,320000,386876,0,386877,72,386879,26,386871,1958400,386872,1958400,386874,0,386875,0,386872,100,386873,50,386874,0,386875,0,386786,1,started,
386875,100,386876,1,386976,1032600,386983,1,386985,1196581,386987,320000,386989,0,386991,56,386997,24,386972,1958400,386978,1267200,386981,0,386984,0,386976,100,386980,9,386982,0,386985,0,386875,1,started,
386986,100,386987,1,387072,1032792,387074,1,387075,1816620,387075,320000,387076,0,387076,77,387078,31,387071,1958400,387073,1958400,387074,0,387074,0,387072,77,387073,80,387074,0,387075,0,386985,1,started,
387075,100,387075,1,387175,1033288,387181,1,387184,1205192,387186,320000,387188,0,387190,61,387193,25,387172,1958400,387175,1267200,387179,0,387183,0,387174,100,387178,11,387181,0,387183,0,387075,1,started,
387185,100,387186,1,387273,1033412,387276,1,387276,1735716,387277,320000,387278,0,387278,70,387281,30,387272,1958400,387274,1958400,387275,0,387276,0,387273,100,387275,50,387275,0,387276,0,387184,1,started,
387277,100,387277,1,387374,1033784,387381,1,387382,1252553,387383,320000,387384,0,387385,66,387388,27,387372,1958400,387375,1267200,387379,0,387381,0,387374,100,387377,22,387380,0,387382,0,387276,1,started,
387382,100,387383,1,387474,1035360,387476,1,387478,1539236,387480,320000,387480,0,387481,64,387489,26,387473,1958400,387474,1958400,387475,0,387477,0,387474,100,387475,33,387476,0,387477,0,387382,1,started,
387478,100,387479,1,387574,1035840,387576,1,387577,698887,387578,320000,387578,0,387579,38,387581,15,387573,1958400,387575,1497600,387576,0,387577,0,387574,40,387576,37,387576,0,387577,0,387477,1,started,
387577,100,387577,1,387675,1035840,387677,1,387678,169306,387678,320000,387679,0,387680,11,387683,3,387673,1958400,387675,1267200,387677,0,387677,0,387674,10,387676,12,387677,0,387678,0,387577,1,started,
387678,100,387678,1,387776,1032956,387779,1,387781,411086,387782,320000,387783,0,387784,52,387788,17,387774,1267200,387776,1267200,387778,0,387780,0,387775,50,387778,45,387779,0,387780,0,387678,1,started,
387781,100,387781,1,387875,1033452,387877,1,387877,1504563,387878,320000,387878,0,387879,61,387881,22,387874,1958400,387876,1958400,387876,0,387877,0,387875,30,387876,100,387877,0,387877,0,387780,1,started,
387878,100,387878,1,387975,1033944,387977,1,387978,1209498,387978,320000,387979,0,387979,61,387981,24,387974,1267200,387976,1958400,387977,0,387977,0,387975,12,387976,100,387977,0,387978,0,387877,1,started,
387978,100,387978,1,388076,1033792,388078,1,388078,1296524,388079,320000,388079,0,388080,57,388093,23,388074,1958400,388076,1958400,388077,0,388078,0,388075,12,388077,100,388077,0,388078,0,387978,1,started,
388078,100,388078,1,388176,1034040,388186,1,388187,1243942,388188,320000,388189,0,388203,72,388206,29,388175,1267200,388177,1958400,388183,0,388187,0,388176,20,388183,100,388184,0,388187,0,388078,1,started,
388187,100,388188,1,388276,1033252,388278,1,388279,1735716,388279,320000,388279,0,388280,66,388283,28,388275,1958400,388277,1958400,388278,0,388278,0,388276,100,388277,50,388278,0,388278,0,388187,1,started,
388279,100,388279,1,388377,1033280,388380,1,388381,1273409,388382,320000,388383,0,388384,57,388387,25,388375,1958400,388378,1958400,388379,0,388381,0,388377,10,388379,100,388380,0,388381,0,388279,1,started,
388382,100,388382,1,388477,1033856,388479,1,388479,1504563,388480,320000,388480,0,388481,56,388483,26,388476,1958400,388477,1958400,388478,0,388479,0,388477,100,388478,30,388479,0,388479,0,388381,1,started,
388479,100,388480,1,388581,1034868,388586,1,388587,1758832,388589,320000,388589,0,388591,77,388593,32,388576,1958400,388581,1958400,388584,0,388586,0,388578,72,388583,80,388585,0,388587,0,388479,1,started,
388587,100,388588,1,388678,1034832,388680,1,388681,1850955,388682,320000,388683,0,388683,48,388687,27,388676,1958400,388678,1958400,388679,1958400,388680,960000,388677,66,388679,66,388680,20,388681,42,388587,1,started,
388681,100,388681,1,388778,1034832,388781,1,388783,354388,388783,320000,388784,0,388785,9,388790,4,388777,1497600,388779,1497600,388780,1958400,388781,1958400,388778,10,388779,0,388781,0,388782,25,388681,1,started,
388783,100,388783,1,388879,1032624,388883,1,388884,828995,388885,320000,388885,0,388886,22,388891,15,388877,1267200,388879,1267200,388881,1958400,388883,1958400,388878,20,388880,11,388882,27,388884,33,388783,1,started,
388884,100,388884,1,388979,1032704,388980,1,388981,753984,388982,320000,388983,0,388983,48,388986,13,388977,1958400,388979,1267200,388980,0,388981,0,388978,55,388980,27,388980,0,388981,0,388884,1,started,
388981,100,388981,1,389079,1032764,389081,1,389081,1504563,389082,320000,389083,0,389084,65,389086,25,389078,1958400,389079,1958400,389080,0,389081,0,389079,30,389080,100,389081,0,389081,0,388981,1,started,
389082,100,389082,1,389180,1032728,389182,1,389184,1366996,389185,320000,389185,0,389187,68,389193,27,389178,1497600,389180,1958400,389181,0,389183,0,389179,33,389181,100,389182,0,389183,0,389081,1,started,
389184,100,389184,1,389280,1032976,389282,1,389283,1573909,389284,320000,389284,0,389285,66,389288,28,389279,1958400,389280,1958400,389281,0,389282,0,389279,36,389281,100,389281,0,389283,0,389184,1,started,
389283,100,389283,1,389380,1033184,389382,1,389383,1539236,389384,320000,389385,0,389385,68,389388,28,389379,1958400,389380,1958400,389381,0,389383,0,389380,33,389381,100,389382,0,389383,0,389283,1,started,
389384,100,389384,1,389481,1033660,389483,1,389484,1573909,389485,320000,389485,0,389486,66,389489,29,389479,1958400,389481,1958400,389482,0,389483,0,389480,36,389482,100,389483,0,389484,0,389383,1,started,
389484,100,389484,1,389585,1035152,389602,1,389606,1252553,389609,320000,389610,0,389610,66,389622,26,389580,1267200,389589,1958400,389601,0,389604,0,389581,22,389591,100,389602,0,389604,0,389484,1,started,
389607,100,389607,1,389681,1035300,389683,1,389684,1204063,389684,320000,389685,0,389686,42,389688,18,389680,1958400,389682,1958400,389683,0,389684,0,389681,60,389683,44,389683,0,389684,0,389606,1,started,
389684,100,389684,1,389782,1035412,389785,1,389786,231729,389787,320000,389787,0,389788,14,389791,5,389780,1958400,389783,1497600,389784,0,389785,0,389781,10,389784,18,389784,0,389786,0,389684,1,started,
389786,100,389786,1,389882,1032908,389884,1,389884,926678,389885,320000,389885,0,389886,41,389888,16,389881,1958400,389882,1958400,389883,0,389884,0,389882,25,389883,55,389883,0,389884,0,389786,1,started,
389884,100,389884,1,389983,1033268,389986,1,389988,1299914,389989,320000,389989,0,389990,61,389993,26,389981,1267200,389984,1958400,389985,0,389987,0,389983,33,389985,100,389986,0,389987,0,389884,1,started,
389988,100,389988,1,390086,1033640,390091,1,390093,1243942,390095,320000,390097,0,390099,63,390110,25,390082,1267200,390087,1958400,390090,0,390092,0,390085,20,390089,100,390091,0,390093,0,389987,1,started,
390094,100,390095,1,390183,1033680,390184,1,390185,1885966,390186,320000,390186,0,390186,78,390189,33,390181,1958400,390183,1958400,390184,0,390185,0,390182,63,390184,100,390184,0,390185,0,390093,1,started,
390185,100,390185,1,390285,1034052,390289,1,390293,1273409,390293,320000,390295,0,390297,59,390301,25,390282,1958400,390285,1958400,390288,0,390291,0,390283,10,390287,100,390289,0,390291,0,390185,1,started,
390293,100,390293,1,390383,1033948,390385,1,390386,1781947,390386,320000,390387,0,390387,73,390389,31,390382,1958400,390384,1958400,390385,0,390385,0,390383,54,390384,100,390385,0,390386,0,390291,1,started,
390386,100,390386,1,390486,1035080,390491,1,390493,1284966,390495,320000,390497,0,390499,57,390505,23,390483,1958400,390487,1958400,390490,0,390493,0,390485,11,390489,100,390491,0,390493,0,390386,1,started,
390495,100,390495,1,390585,1036196,390587,1,390588,969260,390589,320000,390592,0,390593,70,390595,26,390583,1267200,390585,1958400,390586,0,390588,0,390584,77,390586,55,390587,0,390588,0,390493,1,started,
390589,100,390589,1,390687,1036356,390691,1,390693,1966870,390694,320000,390694,0,390695,85,390709,35,390685,1958400,390687,1958400,390688,0,390692,0,390686,90,390688,80,390691,0,390692,0,390588,1,started,
390693,100,390693,1,390787,1036516,390789,1,390790,2406063,390790,320000,390791,0,390791,46,390795,25,390785,1958400,390787,1958400,390788,1958400,390789,1958400,390786,60,390788,70,390789,18,390790,60,390692,1,started,
390790,100,390790,1,390888,1036516,390890,1,390891,139573,390892,320000,390892,0,390893,7,390897,5,390886,1958400,390888,1958400,390889,1958400,390890,960000,390887,0,390889,10,390890,0,390891,10,390790,1,started,
390891,100,390891,1,390988,1034076,390992,1,390994,504198,390995,320000,390996,0,390997,21,391002,14,390986,1267200,390989,1267200,390990,960000,390992,1958400,390987,11,390990,20,390991,10,390993,30,390891,1,started,
390994,100,390994,1,391088,1033396,391090,1,391091,834216,391091,320000,391092,0,391092,42,391095,11,391086,1958400,391088,1958400,391089,0,391090,0,391088,12,391089,60,391090,0,391090,0,390994,1,started,
391091,100,391091,1,391188,1033324,391191,1,391191,1205192,391192,320000,391193,0,391194,60,391197,23,391187,1958400,391189,1267200,391190,0,391191,0,391188,100,391190,11,391190,0,391191,0,391091,1,started,
391191,100,391191,1,391289,1033332,391291,1,391292,1049492,391293,320000,391295,0,391297,61,391303,22,391287,1958400,391289,1267200,391290,0,391291,0,391288,72,391290,50,391291,0,391292,0,391191,1,started,
391292,100,391293,1,391389,1033516,391391,1,391392,1446774,391393,320000,391394,0,391394,66,391396,26,391387,1958400,391389,1958400,391391,0,391392,0,391389,100,391390,25,391391,0,391392,0,391292,1,started,
391392,100,391393,1,391489,1033888,391491,1,391492,1412101,391493,320000,391494,0,391494,63,391497,26,391488,1958400,391490,1958400,391491,0,391492,0,391489,100,391490,22,391491,0,391492,0,391392,1,started,
391493,100,391493,1,391593,1033888,391600,1,391602,1235331,391605,320000,391606,0,391609,59,391622,24,391589,1958400,391593,1267200,391597,0,391600,0,391591,100,391597,18,391599,0,391602,0,391492,1,started,
391603,100,391604,1,391642,1034552,391647,1,391649,2024659,391651,320000,391652,0,391654,88,391659,36,391638,1958400,391643,1958400,391646,0,391648,0,391640,100,391646,75,391646,0,391649,0,391602,1,started,
391650,100,391650,1,391740,1035868,391744,1,391745,1839736,391746,320000,391752,0,391753,76,391755,33,391738,1958400,391740,1958400,391743,0,391744,0,391739,72,391743,87,391743,0,391745,0,391649,1,started,
391745,100,391746,1,391840,1036108,391842,1,391843,811101,391844,320000,391844,0,391845,23,391847,10,391839,1958400,391840,1958400,391841,0,391842,0,391840,40,391841,30,391842,0,391843,0,391745,1,started,
391843,100,391843,1,391940,1036108,391942,1,391944,348793,391945,320000,391945,0,391946,15,391950,6,391939,1958400,391941,1958400,391942,0,391943,0,391940,10,391941,20,391942,0,391943,0,391843,1,started,
391944,100,391944,1,392041,1033184,392042,1,392043,1204063,392044,320000,392045,0,392045,57,392048,21,392039,1958400,392041,1958400,392042,0,392043,0,392040,44,392042,60,392042,0,392043,0,391943,1,started,
392044,100,392044,1,392142,1033680,392146,1,392147,1365870,392149,320000,392151,0,392153,55,392157,25,392140,1958400,392142,1958400,392145,0,392147,0,392141,100,392144,18,392145,0,392147,0,392043,1,started,
392148,100,392149,1,392242,1034016,392245,1,392246,1334358,392247,320000,392248,0,392249,68,392252,26,392240,1958400,392242,1267200,392244,0,392245,0,392241,100,392243,41,392244,0,392246,0,392147,1,started,
392246,100,392247,1,392342,1034084,392344,1,392345,1469890,392345,320000,392346,0,392346,63,392349,22,392340,1958400,392342,1958400,392343,0,392344,0,392341,50,392343,77,392343,0,392344,0,392246,1,started,
392345,100,392345,1,392442,1034580,392444,1,392444,1504563,392445,320000,392445,0,392446,63,392448,26,392441,1958400,392442,1958400,392443,0,392444,0,392442,30,392443,100,392444,0,392444,0,392344,1,started,
392444,100,392445,1,392542,1034580,392544,1,392545,1469890,392545,320000,392545,0,392546,65,392548,27,392541,1958400,392543,1958400,392543,0,392544,0,392542,72,392543,55,392544,0,392544,0,392444,1,started,
392545,100,392545,1,392643,1035248,392645,1,392646,1273409,392647,320000,392648,0,392648,55,392651,23,392641,1958400,392643,1958400,392645,0,392646,0,392642,100,392644,10,392645,0,392646,0,392544,1,started,
392646,100,392647,1,392744,1036584,392746,1,392747,1127678,392748,320000,392748,0,392749,61,392767,25,392742,1958400,392744,1267200,392746,0,392746,0,392743,81,392745,44,392746,0,392747,0,392646,1,started,
392747,100,392747,1,392844,1037192,392847,1,392848,2137873,392848,320000,392849,0,392850,90,392854,38,392842,1958400,392844,1958400,392845,960000,392847,0,392843,81,392845,100,392846,20,392848,0,392747,1,started,
392848,100,392848,1,392944,1037728,392947,1,392949,1937055,392950,320000,392950,0,392951,64,392955,39,392943,1958400,392945,1958400,392946,1497600,392948,0,392944,70,392946,70,392947,50,392948,0,392848,1,started,
392949,100,392949,1,393044,1037964,393047,1,393048,2544755,393049,320000,393051,0,393053,78,393063,46,393043,1958400,393044,1958400,393046,1958400,393047,0,393044,77,393045,66,393046,77,393047,0,392948,1,started,
393048,100,393049,1,393145,1036984,393148,1,393149,1070577,393150,320000,393151,0,393152,27,393156,19,393143,1958400,393146,1267200,393147,1958400,393148,0,393145,45,393147,20,393148,40,393149,0,393047,1,started,
393149,100,393150,1,393245,1032660,393248,1,393249,361023,393250,320000,393250,0,393251,16,393255,7,393243,1958400,393246,1267200,393247,1958400,393248,0,393245,12,393246,27,393248,9,393249,0,393149,1,started,
393249,100,393249,1,393346,1030444,393350,1,393352,275749,393353,320000,393354,0,393355,38,393359,19,393344,1267200,393346,1267200,393348,960000,393351,0,393345,0,393348,33,393349,60,393351,0,393249,1,started,
393352,100,393352,1,393446,1030656,393447,1,393448,1504563,393449,320000,393449,0,393450,66,393452,19,393444,1958400,393446,1958400,393447,0,393448,0,393445,40,393447,90,393447,0,393448,0,393351,1,started,
393448,100,393448,1,393548,1030780,393551,1,393553,1089616,393554,320000,393554,0,393563,57,393566,25,393546,1958400,393549,1267200,393550,0,393552,0,393548,90,393550,11,393551,0,393552,0,393448,1,started,
393553,100,393553,1,393646,1031152,393648,1,393648,1620140,393649,320000,393649,0,393650,64,393654,20,393645,1958400,393646,1958400,393647,0,393648,0,393646,50,393647,90,393648,0,393648,0,393553,1,started,
393648,100,393649,1,393747,1031400,393749,1,393749,1157832,393750,320000,393750,0,393751,58,393758,21,393745,1497600,393747,1958400,393748,0,393749,0,393746,0,393748,100,393748,0,393749,0,393648,1,started,
393749,100,393750,1,393847,1031648,393848,1,393849,1573909,393849,320000,393850,0,393850,66,393853,29,393845,1958400,393847,1958400,393848,0,393849,0,393846,36,393848,100,393848,0,393849,0,393749,1,started,
393849,100,393849,1,393947,1032292,393950,1,393951,1252553,393953,320000,393955,0,393956,66,393963,27,393946,1267200,393948,1958400,393949,0,393950,0,393947,22,393949,100,393949,0,393951,0,393849,1,started,
393951,100,393952,1,394048,1033676,394050,1,394051,1631697,394051,320000,394052,0,394053,71,394075,29,394047,1958400,394048,1958400,394049,0,394050,0,394048,75,394049,66,394050,0,394050,0,393951,1,started,
394051,100,394051,1,394148,1034072,394151,1,394152,1007582,394153,320000,394153,0,394154,40,394156,16,394146,1958400,394148,1958400,394150,0,394151,0,394147,37,394149,50,394150,0,394151,0,394050,1,started,
394152,100,394152,1,394248,1034112,394251,1,394252,337236,394253,320000,394253,0,394254,15,394256,6,394247,1958400,394249,1958400,394250,0,394251,0,394248,11,394250,18,394250,0,394251,0,394151,1,started,
394252,100,394252,1,394349,1031316,394351,1,394353,479834,394354,320000,394355,0,394356,45,394359,17,394347,1267200,394349,1497600,394351,0,394352,0,394348,30,394350,55,394351,0,394352,0,394251,1,started,
394353,100,394353,1,394450,1031668,394457,1,394459,1243942,394461,320000,394463,0,394465,63,394472,24,394448,1267200,394451,1958400,394455,0,394458,0,394450,20,394455,100,394457,0,394459,0,394352,1,started,
394460,100,394460,1,394549,1032164,394553,1,394554,1299914,394555,320000,394556,0,394557,64,394560,25,394548,1267200,394550,1958400,394552,0,394553,0,394549,33,394551,100,394553,0,394554,0,394459,1,started,
394554,100,394555,1,394650,1032512,394653,1,394654,979688,394655,320000,394655,0,394656,61,394659,21,394648,1267200,394650,1958400,394652,0,394653,0,394649,66,394652,60,394653,0,394654,0,394554,1,started,
394654,100,394654,1,394750,1033004,394754,1,394755,1209498,394756,320000,394756,0,394757,61,394761,23,394748,1267200,394750,1958400,394752,0,394754,0,394749,12,394751,100,394753,0,394754,0,394654,1,started,
394755,100,394755,1,394850,1033376,394853,1,394854,1299914,394855,320000,394856,0,394857,68,394860,26,394849,1267200,394851,1958400,394852,0,394854,0,394850,33,394852,100,394853,0,394854,0,394755,1,started,
394855,100,394855,1,394956,1034168,394963,1,394967,1243942,394970,320000,394972,0,394974,66,394980,26,394949,1267200,394957,1958400,394961,0,394965,0,394952,20,394959,100,394961,0,394965,0,394854,1,started,
394967,100,394968,1,395051,1035692,395053,1,395059,1677928,395059,320000,395060,0,395066,68,395071,30,395049,1958400,395051,1958400,395052,0,395055,0,395050,55,395052,90,395052,0,395056,0,394967,1,started,
395059,100,395059,1,395151,1036196,395157,1,395158,1946453,395159,320000,395159,0,395160,74,395164,31,395150,1958400,395151,1958400,395154,960000,395157,0,395151,63,395154,91,395156,75,395157,0,395056,1,started,
395158,100,395158,1,395251,1036768,395254,1,395254,2198024,395255,320000,395255,0,395256,62,395259,39,395250,1958400,395252,1958400,395253,1958400,395254,0,395251,50,395252,80,395254,60,395254,0,395158,1,started,
395255,100,395255,1,395352,1036932,395354,1,395355,152734,395355,320000,395356,0,395357,9,395360,5,395350,1267200,395352,1958400,395353,960000,395354,0,395351,0,395353,10,395354,16,395355,0,395254,1,started,
395355,100,395355,1,395452,1034468,395455,1,395455,344917,395456,320000,395456,0,395457,31,395460,12,395451,1267200,395452,1958400,395454,960000,395455,0,395452,30,395453,9,395454,50,395455,0,395355,1,started,
395456,100,395456,1,395553,1034428,395555,1,395556,837606,395557,320000,395557,0,395562,44,395565,18,395551,1958400,395553,1267200,395555,0,395556,0,395552,60,395554,33,395555,0,395556,0,395455,1,started,
395556,100,395556,1,395652,1033932,395654,1,395654,1781947,395655,320000,395655,0,395656,76,395658,31,395651,1958400,395653,1958400,395653,0,395654,0,395652,54,395653,100,395654,0,395654,0,395556,1,started,
395655,100,395655,1,395753,1034056,395760,1,395763,1236003,395765,320000,395765,0,395768,68,395782,28,395751,1267200,395755,1958400,395758,0,395760,0,395753,45,395756,90,395758,0,395761,0,395654,1,started,
395763,100,395764,1,395853,1034304,395855,1,395855,1793505,395856,320000,395856,0,395856,76,395859,30,395852,1958400,395853,1958400,395854,0,395855,0,395853,55,395854,100,395854,0,395855,0,395762,1,started,
395855,100,395855,1,395954,1034552,395960,1,395964,1200887,395967,320000,395968,0,395972,59,395977,26,395952,1267200,395955,1958400,395958,0,395961,0,395954,10,395956,100,395959,0,395963,0,395855,1,started,
395965,100,395965,1,396054,1034676,396055,1,396056,1781947,396056,320000,396057,0,396057,73,396060,31,396052,1958400,396054,1958400,396055,0,396055,0,396053,54,396055,100,396055,0,396056,0,395963,1,started,
396056,100,396056,1,396154,1035808,396156,1,396157,1286997,396162,320000,396162,0,396168,68,396171,28,396153,1267200,396155,1958400,396156,0,396157,0,396154,30,396156,100,396156,0,396157,0,396056,1,started,
396159,100,396160,1,396254,1036396,396256,1,396256,1180947,396257,320000,396257,0,396258,47,396260,19,396253,1958400,396254,1958400,396255,0,396256,0,396254,44,396255,58,396256,0,396256,0,396157,1,started,
396256,100,396257,1,396355,1036320,396357,1,396358,96784,396358,320000,396359,0,396360,10,396363,4,396353,1267200,396355,1958400,396357,0,396357,0,396354,22,396356,0,396357,0,396358,0,396256,1,started,
396358,100,396358,1,396455,1033692,396457,1,396457,430827,396458,320000,396458,0,396459,22,396461,7,396454,1958400,396455,1267200,396456,0,396457,0,396454,33,396456,11,396456,0,396457,0,396358,1,started,
396457,100,396457,1,396555,1034144,396557,1,396557,1539236,396558,320000,396558,0,396559,68,396561,23,396554,1958400,396555,1958400,396556,0,396557,0,396555,33,396556,100,396557,0,396557,0,396457,1,started,
396557,100,396558,1,396656,1034516,396661,1,396664,1388986,396666,320000,396666,0,396668,63,396675,27,396654,1958400,396657,1958400,396660,0,396662,0,396655,20,396659,100,396660,0,396663,0,396557,1,started,
396664,100,396664,1,396756,1034764,396758,1,396759,1345006,396760,320000,396760,0,396761,66,396764,27,396755,1497600,396757,1958400,396758,0,396758,0,396756,66,396757,80,396758,0,396759,0,396663,1,started,
396759,100,396759,1,396857,1035012,396859,1,396860,1128365,396861,320000,396861,0,396864,60,396872,25,396855,1267200,396857,1958400,396859,0,396860,0,396857,20,396858,90,396859,0,396860,0,396759,1,started,
396860,100,396860,1,396957,1035136,396959,1,396961,1335304,396961,320000,396962,0,396963,73,396966,27,396955,1497600,396957,1958400,396959,0,396960,0,396956,28,396958,100,396959,0,396960,0,396860,1,started,
396961,100,396961,1,397058,1035612,397063,1,397064,1286997,397065,320000,397066,0,397066,65,397070,25,397055,1267200,397059,1958400,397062,0,397063,0,397057,30,397061,100,397062,0,397064,0,396960,1,started,
397064,100,397064,1,397157,1037224,397159,1,397159,1781947,397160,320000,397160,0,397161,72,397164,32,397156,1958400,397157,1958400,397158,0,397159,0,397157,54,397158,100,397158,0,397159,0,397064,1,started,
397159,100,397159,1,397258,1037404,397260,1,397260,2198024,397261,320000,397261,0,397262,95,397265,41,397256,1958400,397258,1958400,397259,0,397260,0,397257,100,397259,90,397259,0,397260,0,397159,1,started,
397260,100,397260,1,397358,1036052,397359,1,397360,2313601,397360,320000,397361,0,397361,100,397376,43,397356,1958400,397358,1958400,397359,0,397360,0,397357,100,397359,100,397359,0,397360,0,397260,1,started,
397360,100,397360,1,397458,1036464,397460,1,397461,1943755,397462,320000,397463,0,397464,35,397469,30,397457,1958400,397458,1958400,397459,1958400,397460,1958400,397457,60,397459,30,397460,25,397461,53,397360,1,started,
397462,100,397462,1,397559,1036588,397563,1,397565,26190,397566,320000,397566,0,397567,2,397573,1,397557,1497600,397560,1958400,397561,960000,397563,1958400,397558,0,397561,0,397562,11,397564,0,397461,1,started,
397565,100,397565,1,397659,1033220,397661,1,397662,730197,397662,320000,397663,0,397663,27,397666,13,397657,1958400,397659,1958400,397660,1958400,397661,0,397658,33,397660,0,397661,30,397662,0,397565,1,started,
397662,100,397662,1,397762,1033304,397769,1,397771,645644,397773,320000,397775,0,397777,54,397792,24,397758,1728000,397762,1267200,397767,0,397769,0,397760,44,397765,60,397767,0,397770,0,397662,1,started,
397772,100,397773,1,397860,1033480,397862,1,397863,1585466,397863,320000,397864,0,397865,68,397867,27,397858,1958400,397860,1958400,397861,0,397862,0,397859,37,397861,100,397861,0,397862,0,397771,1,started,
397863,100,397863,1,397960,1033480,397962,1,397963,1243593,397963,320000,397972,0,397973,68,397975,28,397958,1497600,397960,1958400,397961,0,397962,0,397959,50,397961,80,397962,0,397963,0,397862,1,started,
397963,100,397963,1,398060,1033020,398061,1,398062,1735716,398063,320000,398063,0,398064,72,398066,31,398059,1958400,398060,1958400,398061,0,398062,0,398059,50,398061,100,398061,0,398062,0,397963,1,started,
398062,100,398062,1,398160,1033020,398162,1,398163,1470292,398163,320000,398164,0,398165,73,398167,30,398159,1574400,398161,1958400,398162,0,398163,0,398160,44,398161,100,398162,0,398163,0,398062,1,started,
398163,100,398163,1,398262,1033660,398269,1,398272,1235331,398276,320000,398278,0,398281,60,398290,26,398259,1267200,398264,1958400,398267,0,398270,0,398261,18,398266,100,398269,0,398272,0,398163,1,started,
398272,100,398274,1,398361,1034800,398363,1,398363,1943755,398364,320000,398364,0,398365,82,398367,31,398360,1958400,398361,1958400,398362,0,398363,0,398361,80,398362,88,398362,0,398363,0,398272,1,started,
398363,100,398363,1,398463,1034800,398466,1,398467,418139,398468,320000,398468,0,398469,20,398472,7,398460,1958400,398464,1958400,398465,0,398466,0,398461,36,398465,0,398465,0,398466,0,398363,1,started,
398467,100,398467,1,398561,1034380,398565,1,398566,614620,398567,320000,398567,0,398569,26,398573,11,398560,1958400,398562,1958400,398564,0,398565,0,398561,20,398564,33,398565,0,398566,0,398467,1,started,
398566,100,398566,1,398662,1031536,398664,1,398664,1180947,398665,320000,398665,0,398666,50,398668,19,398660,1958400,398662,1958400,398663,0,398664,0,398661,30,398663,72,398663,0,398664,0,398566,1,started,
398664,100,398664,1,398762,1032120,398764,1,398764,1157832,398765,320000,398765,0,398766,50,398768,21,398761,1958400,398762,1958400,398763,0,398764,0,398762,0,398763,100,398764,0,398764,0,398664,1,started,
398764,100,398765,1,398862,1032368,398864,1,398865,1446774,398865,320000,398865,0,398866,70,398868,26,398861,1958400,398863,1958400,398864,0,398864,0,398862,25,398863,100,398864,0,398864,0,398764,1,started,
398865,100,398865,1,398963,1032456,398965,1,398965,1180947,398966,320000,398966,0,398967,57,398969,22,398961,1958400,398963,1958400,398964,0,398965,0,398962,90,398964,12,398964,0,398965,0,398865,1,started,
398965,100,398965,1,399063,1032952,399065,1,399066,1481447,399066,320000,399066,0,399067,63,399069,27,399062,1958400,399063,1958400,399064,0,399065,0,399063,40,399064,88,399065,0,399065,0,398965,1,started,
399066,100,399066,1,399164,1033076,399166,1,399166,1147400,399167,320000,399167,0,399168,57,399171,23,399162,1958400,399164,1497600,399165,0,399166,0,399163,81,399165,33,399165,0,399166,0,399065,1,started,
399167,100,399167,1,399264,1033716,399266,1,399266,1365870,399267,320000,399267,0,399268,60,399270,25,399263,1958400,399264,1958400,399265,0,399266,0,399264,18,399265,100,399266,0,399266,0,399166,1,started,
399267,100,399267,1,399364,1034824,399366,1,399367,774138,399367,320000,399367,0,399368,57,399370,21,399363,1267200,399365,1958400,399366,0,399366,0,399364,80,399365,37,399366,0,399366,0,399266,1,started,
399367,100,399367,1,399465,1035084,399471,1,399475,2105563,399478,320000,399479,0,399480,79,399484,33,399464,1958400,399465,1958400,399467,1958400,399472,0,399465,90,399466,72,399470,20,399473,0,399367,1,started,
399477,100,399478,1,399565,1035352,399568,1,399569,1361145,399569,320000,399569,0,399570,48,399573,25,399564,1958400,399566,1958400,399567,960000,399568,0,399565,60,399567,50,399568,40,399568,0,399474,1,started,
399569,100,399569,1,399666,1035352,399669,1,399670,429697,399671,320000,399671,0,399672,12,399675,9,399664,1958400,399666,1958400,399668,960000,399669,0,399665,27,399667,10,399668,0,399670,0,399568,1,started,
399670,100,399670,1,399767,1032324,399770,1,399771,324976,399771,320000,399773,0,399776,29,399780,14,399765,1267200,399767,1267200,399768,960000,399770,0,399766,30,399768,45,399769,0,399770,0,399670,1,started,
399771,100,399771,1,399867,1032592,399869,1,399870,1299914,399870,320000,399871,0,399872,66,399877,23,399865,1267200,399867,1958400,399868,0,399869,0,399866,33,399868,100,399869,0,399869,0,399771,1,started,
399870,100,399870,1,399967,1032964,399968,1,399969,1504563,399969,320000,399970,0,399970,65,399973,26,399965,1958400,399967,1958400,399968,0,399968,0,399966,30,399968,100,399968,0,399969,0,399869,1,started,
399969,100,399969,1,400067,1033336,400069,1,400069,1620140,400070,320000,400070,0,400071,70,400075,30,400066,1958400,400067,1958400,400068,0,400069,0,400067,40,400068,100,400068,0,400069,0,399969,1,started,
400069,100,400069,1,400168,1033708,400170,1,400171,1218109,400171,320000,400172,0,400173,68,400176,26,400166,1267200,400168,1958400,400169,0,400170,0,400167,14,400169,100,400170,0,400171,0,400069,1,started,
400171,100,400171,1,400268,1033832,400270,1,400271,1312830,400272,320000,400273,0,400274,66,400277,26,400266,1267200,400268,1958400,400270,0,400271,0,400268,36,400269,100,400270,0,400271,0,400171,1,started,
400271,100,400271,1,400375,1034316,400382,1,400385,1274081,400389,320000,400389,0,400390,63,400394,25,400369,1267200,400375,1958400,400380,0,400383,0,400373,27,400378,100,400382,0,400383,0,400271,1,started,
400385,100,400388,1,400469,1035940,400471,1,400472,2082447,400476,320000,400477,0,400478,88,400499,36,400468,1958400,400469,1958400,400470,0,400471,0,400469,80,400470,100,400471,0,400471,0,400385,1,started,
400472,100,400472,1,400569,1035276,400571,1,400572,984466,400573,320000,400574,0,400575,41,400577,16,400568,1958400,400569,1958400,400570,0,400571,0,400569,60,400570,25,400571,0,400572,0,400472,1,started,
400573,100,400573,1,400669,1031576,400671,1,400672,429697,400672,320000,400673,0,400673,19,400676,8,400668,1958400,400670,1958400,400671,0,400671,0,400669,10,400670,27,400671,0,400672,0,400572,1,started,
400672,100,400672,1,400770,1028336,400774,1,400775,312059,400776,320000,400777,0,400778,40,400781,14,400768,1267200,400771,1267200,400773,0,400774,0,400770,22,400772,50,400773,0,400774,0,400672,1,started,
400775,100,400775,1,400870,1028764,400872,1,400872,1539236,400873,320000,400873,0,400874,64,400876,23,400869,1958400,400870,1958400,400871,0,400872,0,400870,100,400871,33,400871,0,400872,0,400775,1,started,
400872,100,400873,1,400971,1029072,400975,1,400977,1118487,400978,320000,400981,0,400984,65,400996,28,400969,1497600,400971,1728000,400973,0,400975,0,400970,38,400973,100,400974,0,400976,0,400872,1,started,
400977,100,400977,1,401071,1029428,401073,1,401074,1735716,401074,320000,401075,0,401076,58,401079,27,401069,1958400,401071,1958400,401072,960000,401073,0,401070,100,401072,50,401073,0,401074,0,400977,1,started,
401074,100,401074,1,401171,1029800,401175,1,401176,1328966,401176,320000,401177,0,401178,41,401181,26,401170,1497600,401172,1958400,401173,960000,401175,0,401171,27,401173,100,401174,0,401175,0,401074,1,started,
401176,100,401176,1,401272,1030420,401275,1,401278,1235331,401280,320000,401281,0,401286,42,401289,25,401270,1267200,401272,1958400,401274,960000,401277,0,401271,18,401273,100,401275,0,401277,0,401175,1,started,
401278,100,401279,1,401372,1030600,401373,1,401374,1885966,401374,320000,401375,0,401375,78,401378,32,401370,1958400,401372,1958400,401373,0,401373,0,401371,63,401373,100,401373,0,401374,0,401278,1,started,
401374,100,401374,1,401472,1032188,401474,1,401474,1169390,401475,320000,401476,0,401477,55,401480,22,401471,1958400,401472,1958400,401473,0,401474,0,401472,11,401473,90,401474,0,401474,0,401374,1,started,
401475,100,401475,1,401573,1032912,401578,1,401580,1671234,401583,320000,401585,0,401587,90,401597,37,401571,1497600,401573,1958400,401575,0,401579,0,401573,81,401574,100,401577,0,401580,0,401474,1,started,
401581,100,401582,1,401673,1033240,401677,1,401678,1319640,401678,320000,401679,0,401680,50,401683,21,401671,1958400,401674,1958400,401675,0,401677,0,401672,54,401674,60,401675,0,401677,0,401580,1,started,
401678,100,401678,1,401775,1033240,401780,1,401783,288352,401785,200000,401786,0,401789,33,401795,11,401772,1267200,401777,1574400,401779,0,401780,0,401774,50,401778,10,401779,0,401781,0,401677,1,started,
401783,100,401784,1,401873,1030096,401875,1,401876,1105693,401876,200000,401877,0,401877,65,401879,21,401872,1958400,401874,1267200,401875,0,401875,0,401873,75,401874,55,401875,0,401875,0,401782,1,started,
401876,100,401876,1,401975,1030632,401977,1,401978,1209498,401978,320000,401979,0,401980,61,401984,20,401973,1267200,401975,1958400,401976,0,401977,0,401974,12,401976,100,401976,0,401977,0,401876,1,started,
401978,100,401978,1,402074,1031128,402076,1,402076,1446774,402077,320000,402077,0,402078,66,402081,25,402073,1958400,402074,1958400,402075,0,402076,0,402073,25,402075,100,402076,0,402076,0,401977,1,started,
402076,100,402076,1,402175,1031500,402177,1,402178,1330052,402178,320000,402179,0,402180,70,402184,28,402173,1267200,402175,1958400,402176,0,402177,0,402174,40,402176,100,402177,0,402177,0,402076,1,started,
402178,100,402178,1,402274,1032120,402276,1,402277,1620140,402277,320000,402278,0,402278,70,402280,28,402273,1958400,402275,1958400,402276,0,402276,0,402274,40,402275,100,402276,0,402277,0,402177,1,started,
402277,100,402277,1,402375,1029512,402377,1,402377,1388986,402378,320000,402378,0,402379,57,402381,23,402373,1958400,402375,1958400,402376,0,402377,0,402374,100,402376,20,402376,0,402377,0,402277,1,started,
402377,100,402377,1,402475,1029760,402477,1,402477,1573909,402478,320000,402478,0,402479,66,402481,29,402474,1958400,402475,1958400,402476,0,402477,0,402475,36,402476,100,402477,0,402477,0,402377,1,started,
402477,100,402478,1,402575,1031484,402579,1,402580,1539236,402582,320000,402585,0,402588,71,402591,29,402574,1958400,402576,1958400,402577,0,402579,0,402575,33,402576,100,402577,0,402580,0,402477,1,started,
402581,100,402581,1,402676,1031708,402678,1,402679,845774,402680,320000,402680,0,402681,29,402684,12,402674,1958400,402676,1958400,402678,0,402678,0,402675,33,402677,40,402678,0,402679,0,402580,1,started,
402679,100,402680,1,402776,1031920,402778,1,402779,173197,402779,320000,402780,0,402781,14,402784,5,402775,1958400,402776,1497600,402778,0,402778,0,402776,0,402777,27,402778,0,402779,0,402679,1,started,
402779,100,402779,1,402876,1028724,402878,1,402879,456889,402879,320000,402879,0,402880,23,402883,7,402875,1267200,402876,1958400,402877,0,402878,0,402876,9,402877,36,402878,0,402878,0,402779,1,started,
402879,100,402879,1,402977,1029244,402978,1,402979,1184337,402980,320000,402980,0,402981,61,402986,23,402975,1267200,402977,1958400,402978,0,402979,0,402976,33,402978,90,402978,0,402979,0,402879,1,started,
402979,100,402979,1,403077,1028868,403079,1,403080,1781947,403081,320000,403082,0,403085,78,403087,32,403076,1958400,403077,1958400,403079,0,403080,0,403077,54,403078,100,403079,0,403080,0,402979,1,started,
403081,100,403081,1,403177,1029148,403179,1,403180,1411364,403183,320000,403183,0,403184,72,403187,28,403176,1497600,403178,1958400,403179,0,403179,0,403177,40,403178,100,403179,0,403179,0,403080,1,started,
403180,100,403182,1,403280,1029396,403287,1,403291,1205192,403294,320000,403296,0,403299,63,403307,25,403277,1267200,403280,1958400,403285,0,403289,0,403279,11,403285,100,403287,0,403290,0,403180,1,started,
403292,100,403292,1,403378,1029596,403380,1,403380,1643255,403381,320000,403381,0,403382,69,403384,28,403377,1958400,403378,1958400,403379,0,403380,0,403378,42,403379,100,403379,0,403380,0,403290,1,started,
403380,100,403380,1,403479,1029720,403483,1,403486,1388986,403486,320000,403489,0,403489,63,403496,25,403477,1958400,403479,1958400,403481,0,403484,0,403478,20,403480,100,403482,0,403484,0,403380,1,started,
403486,100,403486,1,403579,1030868,403586,1,403588,1366996,403589,320000,403589,0,403590,68,403599,27,403577,1497600,403579,1958400,403585,0,403587,0,403579,33,403585,100,403586,0,403587,0,403484,1,started,
403588,100,403588,1,403681,1031600,403688,1,403693,1373779,403695,320000,403696,0,403698,82,403704,30,403679,1267200,403681,1958400,403685,960000,403689,0,403680,77,403684,90,403686,0,403693,0,403587,1,started,
403694,100,403694,1,403782,1032012,403786,1,403788,1200519,403789,320000,403790,0,403791,29,403795,15,403780,1958400,403783,1958400,403785,960000,403787,0,403781,44,403784,54,403786,30,403787,0,403693,1,started,
403788,100,403788,1,403882,1032012,403887,1,403889,161508,403890,320000,403891,0,403892,10,403897,5,403880,1958400,403883,1958400,403885,960000,403887,0,403881,0,403884,10,403886,20,403888,0,403788,1,started,
403889,100,403889,1,403984,1028492,403987,1,403988,144144,403989,320000,403989,0,403990,18,403994,5,403980,1267200,403985,1267200,403986,0,403987,0,403982,11,403986,22,403987,0,403988,0,403888,1,started,
403988,100,403988,1,404082,1028536,404084,1,404085,1093921,404086,320000,404086,0,404087,61,404089,16,404080,1267200,404083,1958400,404084,0,404085,0,404081,12,404084,90,404084,0,404085,0,403988,1,started,
404085,100,404085,1,404182,1029124,404184,1,404184,1539236,404185,320000,404185,0,404186,66,404188,26,404181,1958400,404182,1958400,404183,0,404184,0,404182,33,404183,100,404184,0,404184,0,404085,1,started,
404185,100,404185,1,404283,1029372,404284,1,404285,1550793,404285,320000,404286,0,404286,66,404289,29,404281,1958400,404283,1958400,404284,0,404284,0,404282,54,404284,80,404284,0,404285,0,404184,1,started,
404285,100,404285,1,404383,1029584,404385,1,404387,1273409,404388,320000,404388,0,404389,55,404391,21,404382,1958400,404384,1958400,404385,0,404386,0,404383,100,404384,10,404385,0,404386,0,404285,1,started,
404387,100,404387,1,404483,1023064,404485,1,404485,1539236,404486,320000,404487,0,404487,68,404490,28,404482,1958400,404483,1958400,404484,0,404485,0,404483,33,404484,100,404485,0,404485,0,404386,1,started,
404486,100,404486,1,404584,1023064,404585,1,404586,1243942,404587,320000,404588,0,404588,60,404591,23,404582,1267200,404584,1958400,404585,0,404586,0,404583,20,404585,100,404585,0,404586,0,404485,1,started,
404587,100,404587,1,404684,1023732,404686,1,404687,1284966,404688,320000,404688,0,404689,57,404691,20,404683,1958400,404684,1958400,404685,0,404686,0,404684,100,404685,11,404686,0,404687,0,404586,1,started,
404687,100,404687,1,404786,1024772,404787,1,404791,1620140,404802,320000,404803,0,404806,73,404808,29,404784,1958400,404786,1958400,404787,0,404788,0,404785,77,404787,63,404787,0,404788,0,404687,1,started,
404792,100,404793,1,404886,1024968,404888,1,404888,764870,404889,320000,404889,0,404890,20,404892,8,404885,1958400,404886,1958400,404887,0,404888,0,404886,33,404887,33,404888,0,404888,0,404788,1,started,
404889,100,404889,1,404986,1024968,404988,1,404989,306731,404989,320000,404989,0,404990,16,404992,6,404985,1958400,404987,1574400,404987,0,404988,0,404986,11,404987,25,404988,0,404988,0,404888,1,started,
404989,100,404989,1,405093,1022236,405095,1,405095,996024,405096,320000,405097,0,405097,43,405099,17,405085,1958400,405093,1958400,405094,0,405095,0,405086,45,405094,41,405094,0,405095,0,404989,1,started,
405095,100,405096,1,405188,1022324,405190,1,405191,1209498,405191,320000,405192,0,405193,66,405196,25,405186,1267200,405188,1958400,405189,0,405190,0,405187,12,405189,100,405189,0,405190,0,405095,1,started,
405191,100,405191,1,405289,1022636,405296,1,405297,1235331,405299,320000,405303,0,405308,60,405323,25,405286,1267200,405290,1958400,405294,0,405296,0,405288,18,405294,100,405294,0,405297,0,405191,1,started,
405297,100,405298,1,405388,1022724,405390,1,405391,1851293,405392,320000,405394,0,405394,77,405397,33,405386,1958400,405388,1958400,405389,0,405390,0,405387,60,405389,100,405390,0,405391,0,405297,1,started,
405391,100,405391,1,405490,1023220,405497,1,405499,1388986,405500,320000,405501,0,405503,63,405508,27,405487,1958400,405491,1958400,405495,0,405497,0,405489,20,405494,100,405495,0,405497,0,405391,1,started,
405499,100,405499,1,405588,1022672,405590,1,405591,1601513,405592,320000,405593,0,405594,83,405597,33,405587,1497600,405589,1958400,405590,0,405591,0,405588,70,405590,100,405590,0,405591,0,405498,1,started,
405591,100,405591,1,405690,1023560,405697,1,405700,1330052,405703,320000,405706,0,405710,72,405719,27,405687,1267200,405690,1958400,405695,0,405698,0,405689,40,405693,100,405697,0,405700,0,405591,1,started,
405700,100,405701,1,405789,1024468,405791,1,405792,1701043,405793,320000,405794,0,405795,72,405798,30,405788,1958400,405789,1958400,405790,0,405791,0,405788,81,405790,66,405791,0,405792,0,405700,1,started,
405793,100,405793,1,405889,1024724,405891,1,405894,1955313,405895,320000,405896,0,405896,85,405903,36,405888,1958400,405890,1958400,405891,0,405892,0,405889,88,405890,81,405891,0,405893,0,405792,1,started,
405894,100,405894,1,405990,1024952,405996,1,405998,1637118,406003,320000,406004,0,406006,69,406009,41,405988,1958400,405991,1267200,405994,1958400,405997,0,405989,66,405993,63,405996,52,405997,0,405894,1,started,
405999,100,406003,1,406090,1025200,406092,1,406093,1269088,406094,200000,406094,0,406095,44,406098,25,406088,1958400,406090,1267200,406091,1958400,406092,0,406089,54,406091,50,406092,37,406093,0,405998,1,started,
406093,100,406094,1,406190,1025200,406195,1,406197,113807,406198,320000,406199,0,406200,6,406205,3,406189,1574400,406191,1267200,406193,1036800,406195,0,406190,9,406192,0,406194,18,406196,0,406093,1,started,
406197,100,406197,1,406291,1022580,406296,1,406297,657446,406298,320000,406299,0,406300,43,406303,11,406289,1958400,406292,1267200,406295,0,406296,0,406291,50,406294,18,406295,0,406297,0,406196,1,started,
406297,100,406298,1,406391,1022004,406393,1,406394,1435216,406394,320000,406395,0,406396,59,406398,21,406389,1958400,406391,1958400,406392,0,406393,0,406390,36,406392,88,406392,0,406393,0,406297,1,started,
406394,100,406394,1,406491,1022376,406493,1,406494,1365870,406494,320000,406495,0,406495,57,406497,24,406490,1958400,406491,1958400,406492,0,406493,0,406491,18,406492,100,406493,0,406493,0,406394,1,started,
406494,100,406494,1,406592,1022748,406594,1,406595,635217,406596,320000,406596,0,406597,57,406599,19,406590,1267200,406592,1958400,406593,0,406594,0,406591,88,406593,22,406594,0,406595,0,406493,1,started,
406595,100,406595,1,406692,1022872,406694,1,406695,1631697,406696,320000,406697,0,406697,68,406700,28,406691,1958400,406692,1958400,406694,0,406695,0,406692,100,406693,41,406694,0,406695,0,406595,1,started,
406695,100,406696,1,406794,1023368,406799,1,406801,1469890,406803,320000,406804,0,406806,65,406810,28,406791,1958400,406794,1958400,406798,0,406800,0,406793,100,406796,27,406798,0,406800,0,406695,1,started,
406802,100,406802,1,406893,1023368,406895,1,406896,1573909,406897,320000,406898,0,406898,63,406901,28,406891,1958400,406893,1958400,406894,0,406896,0,406892,100,406894,36,406895,0,406896,0,406801,1,started,
406897,100,406897,1,406993,1024312,406994,1,406995,1539236,406995,320000,406996,0,406996,68,406999,28,406991,1958400,406993,1958400,406994,0,406995,0,406992,100,406994,33,406994,0,406995,0,406896,1,started,
406995,100,406995,1,407093,1025588,407095,1,407096,1469890,407096,320000,407097,0,407097,65,407099,27,407092,1958400,407094,1958400,407095,0,407095,0,407093,72,407094,55,407095,0,407096,0,406995,1,started,
407096,100,407096,1,407194,1025588,407196,1,407197,550480,407198,320000,407198,0,407199,28,407202,11,407192,1958400,407194,1267200,407196,0,407196,0,407193,40,407195,20,407196,0,407197,0,407096,1,started,
407197,100,407197,1,407295,1022332,407298,1,407299,280577,407300,320000,407301,0,407302,16,407306,9,407293,1958400,407295,1267200,407297,0,407298,0,407294,20,407297,11,407298,0,407299,0,407197,1,started,
407300,100,407300,1,407395,1022852,407397,1,407398,518724,407399,320000,407399,0,407400,60,407403,15,407393,1267200,407395,1267200,407397,0,407397,0,407394,50,407396,70,407397,0,407398,0,407299,1,started,
407398,100,407398,1,407495,1022852,407497,1,407498,1128365,407499,320000,407499,0,407500,55,407503,18,407493,1958400,407495,1267200,407497,0,407497,0,407494,90,407496,20,407497,0,407498,0,407398,1,started,
407498,100,407498,1,407595,1023100,407596,1,407597,1516120,407597,320000,407598,0,407598,65,407601,23,407593,1958400,407595,1958400,407596,0,407597,0,407594,54,407596,77,407596,0,407597,0,407498,1,started,
407597,100,407597,1,407695,1023532,407697,1,407697,1377428,407698,320000,407698,0,407699,61,407701,25,407694,1958400,407695,1958400,407696,0,407697,0,407695,75,407696,44,407697,0,407697,0,407597,1,started,
407698,100,407698,1,407796,1023656,407797,1,407798,1469890,407798,320000,407799,0,407799,61,407802,26,407794,1958400,407796,1958400,407797,0,407798,0,407795,27,407797,100,407797,0,407798,0,407697,1,started,
407798,100,407798,1,407896,1024276,407897,1,407898,1481447,407899,320000,407899,0,407900,60,407902,25,407894,1958400,407896,1958400,407897,0,407898,0,407895,88,407897,40,407897,0,407898,0,407798,1,started,
407898,100,407898,1,407996,1024276,407998,1,408002,1157832,408003,320000,408004,0,408004,55,408014,21,407995,1958400,407997,1958400,407998,0,407998,0,407996,0,407997,100,407998,0,407999,0,407898,1,started,
408002,100,408003,1,408097,1020300,408099,1,408099,1966870,408100,320000,408100,0,408101,85,408103,36,408095,1958400,408097,1958400,408098,0,408099,0,408096,80,408098,90,408098,0,408099,0,407999,1,started,
408099,100,408099,1,408198,1021176,408205,1,408208,1265470,408209,320000,408210,0,408212,70,408221,28,408196,1267200,408198,1958400,408201,0,408205,0,408197,25,408199,100,408202,0,408206,0,408099,1,started,
408208,100,408209,1,408300,1021660,408306,1,408307,2199710,408309,320000,408310,0,408312,86,408316,36,408296,1958400,408301,1958400,408303,960000,408306,0,408298,90,408302,88,408306,64,408307,0,408208,1,started,
408308,100,408308,1,408398,1021964,408400,1,408401,857332,408401,320000,408402,0,408402,20,408405,8,408396,1958400,408398,1958400,408399,1958400,408400,0,408397,20,408399,27,408400,27,408400,0,408307,1,started,
408401,100,408401,1,408498,1022088,408501,1,408501,348793,408502,320000,408502,0,408503,16,408507,8,408497,1958400,408498,1958400,408500,1958400,408501,0,408498,0,408499,10,408500,20,408501,0,408401,1,started,
408501,100,408502,1,408599,1019876,408602,1,408603,848706,408604,320000,408604,0,408605,33,408609,20,408597,1267200,408599,1267200,408601,1958400,408603,0,408598,9,408600,40,408602,55,408603,0,408501,1,started,
408603,100,408603,1,408699,1020452,408703,1,408703,1524502,408704,320000,408705,0,408706,46,408709,27,408698,1958400,408700,1267200,408701,1958400,408703,0,408699,28,408701,10,408702,100,408703,0,408603,1,started,
408704,100,408704,1,408800,1020948,408804,1,408812,1278386,408813,320000,408814,0,408815,47,408819,28,408798,1267200,408800,1267200,408802,1958400,408804,0,408799,18,408801,10,408803,100,408805,0,408703,1,started,
408812,100,408812,1,408900,1021320,408904,1,408906,1424774,408907,320000,408907,0,408909,52,408913,28,408898,1267200,408901,1267200,408903,1958400,408905,0,408900,40,408902,22,408904,100,408905,0,408807,1,started,
408906,100,408906,1,409000,1021940,409004,1,409006,1475096,409007,320000,409007,0,409008,45,409013,27,408999,1958400,409001,1267200,409002,1958400,409005,0,409000,20,409002,20,409004,100,409005,0,408905,1,started,
409006,100,409006,1,409101,1022064,409104,1,409105,1505235,409106,320000,409106,0,409107,48,409111,29,409099,1958400,409101,1267200,409103,1958400,409104,0,409100,20,409102,27,409104,100,409105,0,409005,1,started,
409105,100,409105,1,409201,1023652,409204,1,409205,1330052,409206,320000,409207,0,409207,46,409212,27,409199,1267200,409202,1267200,409203,1958400,409205,0,409201,20,409203,20,409204,100,409205,0,409105,1,started,
409205,100,409206,1,409302,1023936,409304,1,409305,363726,409306,320000,409307,0,409308,48,409312,12,409300,1267200,409302,1267200,409304,0,409305,0,409301,40,409303,44,409304,0,409305,0,409205,1,started,
409305,100,409306,1,409401,1024168,409403,1,409404,723846,409404,320000,409405,0,409406,38,409408,11,409400,1267200,409402,1958400,409403,0,409404,0,409401,20,409402,55,409403,0,409404,0,409305,1,started,
409404,100,409404,1,409502,1021060,409504,1,409505,352183,409513,320000,409514,0,409516,27,409526,9,409500,1267200,409502,1958400,409503,0,409504,0,409501,33,409503,18,409504,0,409504,0,409404,1,started,
409513,100,409513,1,409602,1021728,409604,1,409605,1735716,409605,320000,409606,0,409606,75,409609,25,409601,1958400,409603,1958400,409604,0,409604,0,409602,50,409603,100,409604,0,409605,0,409504,1,started,
409605,100,409605,1,409703,1022216,409707,1,409710,1504563,409718,320000,409719,0,409721,63,409730,27,409701,1958400,409704,1958400,409707,0,409709,0,409703,30,409705,100,409707,0,409709,0,409605,1,started,
409711,100,409711,1,409803,1022448,409805,1,409805,1781947,409806,320000,409806,0,409807,80,409809,30,409801,1958400,409803,1958400,409804,0,409805,0,409803,88,409804,66,409805,0,409805,0,409709,1,started,
409805,100,409806,1,409904,1023188,409909,1,409911,1388986,409911,320000,409913,0,409914,63,409920,27,409902,1958400,409906,1958400,409908,0,409909,0,409904,20,409907,100,409908,0,409911,0,409805,1,started,
409911,100,409911,1,410004,1023436,410007,1,410009,1355885,410010,320000,410010,0,410011,66,410014,28,410002,1267200,410005,1958400,410006,0,410008,0,410004,46,410006,100,410007,0,410008,0,409911,1,started,
410009,100,410009,1,410104,1024104,410107,1,410107,1299914,410108,320000,410108,0,410109,68,410116,26,410103,1267200,410105,1958400,410106,0,410107,0,410104,33,410106,100,410106,0,410107,0,410008,1,started,
410107,100,410107,1,410204,1025756,410206,1,410206,1527678,410207,320000,410207,0,410208,72,410210,28,410203,1958400,410204,1958400,410205,0,410206,0,410204,42,410205,90,410206,0,410206,0,410107,1,started,
410206,100,410207,1,410305,1026192,410308,1,410312,1978428,410313,320000,410313,0,410314,86,410317,35,410303,1958400,410306,1958400,410307,0,410310,0,410304,90,410307,81,410308,0,410310,0,410206,1,started,
410312,100,410312,1,410405,1026352,410407,1,410408,707082,410409,320000,410409,0,410410,30,410413,13,410403,1958400,410405,1958400,410407,0,410407,0,410404,50,410406,11,410407,0,410408,0,410312,1,started,
410408,100,410409,1,410505,1022372,410507,1,410507,996024,410508,320000,410508,0,410509,42,410511,18,410504,1958400,410505,1958400,410506,0,410507,0,410505,50,410506,36,410506,0,410507,0,410408,1,started,
410507,100,410508,1,410606,1022504,410608,1,410609,697310,410610,320000,410610,0,410611,57,410614,18,410604,1728000,410606,1267200,410607,0,410608,0,410605,44,410607,72,410608,0,410609,0,410507,1,started,
410609,100,410609,1,410706,1022628,410708,1,410709,1043599,410713,320000,410713,0,410715,66,410719,21,410704,1958400,410706,1267200,410708,0,410709,0,410706,70,410707,54,410708,0,410709,0,410609,1,started,
410712,100,410712,1,410806,1023000,410808,1,410808,1412101,410809,320000,410809,0,410809,61,410813,25,410805,1958400,410806,1958400,410807,0,410808,0,410806,22,410807,100,410807,0,410808,0,410709,1,started,
410808,100,410808,1,410906,1023124,410908,1,410909,1273409,410909,320000,410909,0,410910,55,410913,23,410905,1958400,410907,1958400,410908,0,410908,0,410906,50,410907,60,410908,0,410908,0,410808,1,started,
410909,100,410909,1,411007,1023352,411010,1,411011,1068760,411011,320000,411012,0,411013,60,411016,24,411005,1267200,411007,1958400,411009,0,411010,0,411007,33,411008,80,411009,0,411011,0,410908,1,started,
411011,100,411011,1,411107,1023600,411108,1,411109,1412101,411110,320000,411110,0,411110,58,411113,24,411106,1958400,411107,1958400,411108,0,411109,0,411106,22,411108,100,411108,0,411109,0,411011,1,started,
411109,100,411109,1,411208,1023724,411211,1,411212,1205192,411213,320000,411214,0,411215,61,411218,25,411206,1267200,411208,1958400,411210,0,411211,0,411207,11,411209,100,411210,0,411212,0,411109,1,started,
411212,100,411213,1,411307,1024780,411309,1,411310,1388986,411310,320000,411310,0,411311,55,411315,25,411306,1958400,411308,1958400,411309,0,411309,0,411307,20,411308,100,411309,0,411310,0,411212,1,started,
411310,100,411310,1,411408,1026008,411411,1,411413,1279058,411414,320000,411415,0,411416,77,411421,27,411407,1267200,411409,1958400,411410,0,411412,0,411408,55,411410,90,411410,0,411413,0,411310,1,started,
411413,100,411414,1,411510,1025924,411519,1,411521,287600,411523,320000,411523,0,411525,18,411527,5,411507,1267200,411514,1958400,411518,0,411520,0,411510,18,411517,18,411519,0,411521,0,411413,1,started,
411522,100,411522,1,411609,1025924,411611,1,411622,707082,411623,320000,411623,0,411625,30,411627,12,411607,1958400,411609,1958400,411610,0,411611,0,411608,50,411610,11,411611,0,411612,0,411521,1,started,
411622,100,411622,1,411709,1022892,411711,1,411711,1238736,411712,320000,411712,0,411713,55,411715,25,411707,1958400,411709,1958400,411710,0,411711,0,411708,27,411710,80,411710,0,411711,0,411622,1,started,
411711,100,411711,1,411809,1023524,411811,1,411811,1620140,411812,320000,411822,0,411823,63,411825,24,411808,1958400,411809,1958400,411810,0,411811,0,411809,40,411810,100,411810,0,411811,0,411711,1,started,
411811,100,411811,1,411910,1023772,411918,1,411919,1469890,411920,320000,411921,0,411922,68,411925,31,411908,1958400,411910,1958400,411912,0,411919,0,411909,27,411911,100,411918,0,411919,0,411811,1,started,
411920,100,411920,1,412010,1024004,412013,1,412014,1347274,412014,320000,412015,0,412016,73,412019,26,412009,1267200,412011,1958400,412012,0,412013,0,412010,44,412011,100,412013,0,412013,0,411919,1,started,
412014,100,412014,1,412113,1024376,412120,1,412124,1243942,412124,320000,412126,0,412128,63,412133,25,412109,1267200,412115,1958400,412118,0,412120,0,412111,20,412117,100,412119,0,412122,0,412013,1,started,
412124,100,412124,1,412211,1024476,412213,1,412214,1677928,412215,320000,412215,0,412216,68,412218,30,412209,1958400,412211,1958400,412213,0,412213,0,412210,45,412212,100,412213,0,412214,0,412124,1,started,
412214,100,412215,1,412311,1025632,412313,1,412314,1446774,412315,320000,412316,0,412316,66,412319,27,412309,1958400,412311,1958400,412313,0,412314,0,412310,25,412312,100,412313,0,412314,0,412214,1,started,
412314,100,412315,1,412411,1026760,412413,1,412413,1666370,412415,320000,412415,0,412416,72,412422,30,412410,1958400,412411,1958400,412412,0,412413,0,412411,54,412412,90,412413,0,412413,0,412314,1,started,
412414,100,412414,1,412511,1027116,412514,1,412515,2244255,412515,320000,412516,0,412516,62,412519,31,412510,1958400,412512,1958400,412513,1958400,412514,0,412511,66,412512,83,412513,45,412514,0,412413,1,started,
412515,100,412515,1,412612,1027116,412615,1,412615,161171,412616,320000,412617,0,412618,10,412622,6,412610,1267200,412612,1728000,412614,960000,412615,0,412611,10,412613,11,412614,9,412615,0,412515,1,started,
412616,100,412616,1,412712,1024284,412715,1,412715,801803,412716,320000,412716,0,412717,30,412720,16,412711,1267200,412712,1958400,412714,1958400,412715,0,412712,22,412713,20,412714,41,412715,0,412615,1,started,
412715,100,412716,1,412813,1024152,412814,1,412815,1312830,412816,320000,412816,0,412817,57,412819,25,412811,1267200,412813,1958400,412814,0,412815,0,412812,36,412814,100,412814,0,412815,0,412715,1,started,
412815,100,412815,1,412913,1024632,412915,1,412915,1446774,412916,320000,412916,0,412917,66,412919,25,412912,1958400,412913,1958400,412914,0,412915,0,412913,25,412914,100,412915,0,412915,0,412815,1,started,
412916,100,412916,1,413013,1023960,413015,1,413016,1352252,413016,320000,413017,0,413018,80,413020,31,413012,1267200,413014,1958400,413015,0,413015,0,413013,72,413014,90,413015,0,413015,0,412915,1,started,
413016,100,413016,1,413114,1023960,413115,1,413116,1631697,413116,320000,413117,0,413117,68,413120,29,413112,1958400,413114,1958400,413115,0,413116,0,413113,100,413115,41,413115,0,413116,0,413016,1,started,
413116,100,413116,1,413214,1023960,413217,1,413219,1504563,413220,320000,413221,0,413222,65,413227,29,413213,1958400,413215,1958400,413216,0,413217,0,413214,100,413216,30,413216,0,413218,0,413116,1,started,
413219,100,413219,1,413314,1024084,413316,1,413316,1412101,413317,320000,413317,0,413318,63,413320,24,413313,1958400,413315,1958400,413315,0,413316,0,413314,100,413315,22,413316,0,413316,0,413218,1,started,
413317,100,413317,1,413415,1025612,413417,1,413418,1312830,413419,320000,413419,0,413420,66,413426,27,413413,1958400,413416,1267200,413417,0,413418,0,413415,100,413416,36,413417,0,413418,0,413316,1,started,
413418,100,413418,1,413515,1026292,413518,1,413518,1388986,413519,320000,413519,0,413520,50,413523,24,413514,1958400,413515,1958400,413516,1267200,413518,0,413515,70,413516,50,413517,0,413518,0,413418,1,started,
413519,100,413519,1,413616,1026292,413618,1,413619,291005,413619,320000,413620,0,413620,12,413623,5,413614,1958400,413617,1958400,413618,0,413618,0,413616,0,413617,25,413618,0,413619,0,413518,1,started,
413619,100,413619,1,413716,1023132,413718,1,413719,834216,413719,320000,413719,0,413720,38,413724,16,413715,1958400,413717,1958400,413717,0,413718,0,413716,18,413717,54,413718,0,413718,0,413619,1,started,
413719,100,413719,1,413817,1023316,413819,1,413820,667231,413820,320000,413821,0,413822,57,413829,19,413815,1267200,413817,1497600,413818,0,413819,0,413816,22,413818,90,413819,0,413820,0,413718,1,started,
413820,100,413820,1,413917,1023688,413918,1,413919,1735716,413919,320000,413920,0,413920,75,413923,29,413915,1958400,413917,1958400,413918,0,413919,0,413916,50,413918,100,413918,0,413919,0,413820,1,started,
413919,100,413919,1,414018,1023836,414023,1,414026,1252553,414027,320000,414029,0,414033,66,414042,27,414016,1267200,414019,1958400,414020,0,414024,0,414017,22,414020,100,414021,0,414026,0,413919,1,started,
414026,100,414027,1,414117,1024144,414119,1,414120,1620140,414120,320000,414120,0,414121,66,414124,25,414116,1958400,414118,1958400,414119,0,414119,0,414117,40,414118,100,414119,0,414119,0,414026,1,started,
414120,100,414120,1,414218,1024624,414223,1,414225,1252553,414226,320000,414227,0,414229,66,414235,25,414216,1267200,414218,1958400,414221,0,414223,0,414218,22,414220,100,414221,0,414224,0,414120,1,started,
414225,100,414225,1,414318,1025108,414320,1,414320,1735716,414321,320000,414321,0,414322,70,414325,32,414317,1958400,414318,1958400,414319,0,414320,0,414318,50,414319,100,414319,0,414320,0,414225,1,started,
414320,100,414320,1,414419,1026352,414430,1,414431,1299914,414432,320000,414432,0,414434,72,414437,28,414417,1267200,414419,1958400,414420,0,414430,0,414418,33,414420,100,414421,0,414431,0,414320,1,started,
414431,100,414431,1,414519,1026956,414521,1,414521,1851293,414522,320000,414522,0,414524,78,414534,30,414517,1958400,414519,1958400,414520,0,414521,0,414518,90,414520,70,414520,0,414521,0,414431,1,started,
414521,100,414521,1,414620,1027400,414624,1,414626,1092113,414627,320000,414628,0,414629,40,414634,21,414618,1958400,414620,1958400,414622,960000,414624,0,414619,44,414621,45,414623,28,414625,0,414521,1,started,
414626,100,414626,1,414720,1027400,414725,1,414726,508238,414727,320000,414728,0,414729,16,414734,8,414718,1958400,414721,1958400,414723,960000,414725,0,414720,10,414722,30,414724,20,414726,0,414625,1,started,
414727,100,414727,1,414820,1024148,414824,1,414827,673539,414829,320000,414830,0,414832,40,414838,18,414818,1267200,414821,1958400,414823,0,414824,0,414820,11,414822,54,414823,0,414826,0,414726,1,started,
414827,100,414828,1,414920,1024284,414921,1,414923,1735716,414924,320000,414925,0,414925,75,414929,29,414919,1958400,414920,1958400,414921,0,414922,0,414919,50,414921,100,414921,0,414923,0,414826,1,started,
414923,100,414923,1,415021,1024760,415027,1,415028,1274081,415029,320000,415030,0,415031,61,415034,25,415019,1267200,415021,1958400,415024,0,415027,0,415020,27,415023,100,415025,0,415028,0,414923,1,started,
415028,100,415029,1,415120,1025008,415123,1,415124,1851293,415125,320000,415125,0,415126,80,415129,32,415119,1958400,415121,1958400,415122,0,415123,0,415120,60,415121,100,415122,0,415124,0,415028,1,started,
415124,100,415124,1,415223,1025504,415230,1,415234,1243942,415237,320000,415239,0,415241,63,415249,26,415220,1267200,415225,1958400,415228,0,415232,0,415222,20,415228,100,415230,0,415233,0,415124,1,started,
415235,100,415236,1,415321,1025512,415323,1,415324,1920640,415325,320000,415326,0,415326,80,415329,32,415320,1958400,415321,1958400,415323,0,415324,0,415321,66,415322,100,415323,0,415324,0,415234,1,started,
415325,100,415325,1,415423,1026428,415429,1,415431,1388986,415434,320000,415435,0,415437,63,415457,27,415420,1958400,415423,1958400,415427,0,415429,0,415421,20,415426,100,415427,0,415430,0,415324,1,started,
415433,100,415433,1,415522,1026252,415535,1,415539,2216245,415540,320000,415541,0,415542,79,415546,36,415520,1958400,415532,1958400,415533,960000,415535,960000,415521,90,415533,90,415534,16,415536,45,415431,1,started,
415539,100,415539,1,415623,1026440,415626,1,415627,308323,415628,320000,415629,0,415629,11,415633,4,415621,1267200,415623,1958400,415624,960000,415626,960000,415622,36,415624,11,415625,0,415627,11,415536,1,started,
415628,100,415628,1,415724,1023072,415727,1,415730,664241,415731,320000,415731,0,415733,23,415738,17,415721,1958400,415724,1267200,415726,960000,415728,960000,415723,45,415725,33,415727,0,415729,0,415627,1,started,
415730,100,415730,1,415824,1023792,415826,1,415828,303448,415828,320000,415829,0,415830,35,415834,9,415822,1267200,415824,1267200,415826,0,415827,0,415823,20,415825,50,415826,0,415827,0,415729,1,started,
415828,100,415828,1,415924,1023968,415926,1,415927,1299914,415927,320000,415928,0,415929,68,415932,23,415922,1958400,415924,1267200,415925,0,415926,0,415923,100,415925,33,415926,0,415926,0,415827,1,started,
415927,100,415927,1,416024,1024252,416027,1,416030,1286997,416032,320000,416033,0,416035,68,416043,26,416022,1958400,416025,1267200,416027,0,416028,0,416024,100,416026,30,416027,0,416029,0,415927,1,started,
416030,100,416030,1,416124,1024500,416126,1,416126,1539236,416127,320000,416127,0,416128,64,416130,26,416123,1958400,416124,1958400,416125,0,416126,0,416124,100,416125,33,416125,0,416126,0,416030,1,started,
416126,100,416126,1,416224,1024872,416226,1,416226,1504563,416227,320000,416227,0,416228,65,416230,26,416223,1958400,416224,1958400,416225,0,416226,0,416224,100,416225,30,416226,0,416226,0,416126,1,started,
416226,100,416227,1,416324,1024872,416326,1,416327,1504563,416327,320000,416328,0,416328,65,416331,28,416323,1958400,416325,1958400,416326,0,416326,0,416324,100,416325,30,416326,0,416327,0,416226,1,started,
416327,100,416327,1,416425,1025748,416428,1,416429,1286997,416429,320000,416430,0,416431,65,416434,26,416424,1958400,416426,1267200,416427,0,416428,0,416425,100,416427,30,416428,0,416428,0,416327,1,started,
416429,100,416429,1,416526,1027220,416531,1,416533,1236003,416536,320000,416537,0,416538,69,416544,29,416524,1958400,416527,1267200,416530,0,416532,0,416526,90,416530,45,416531,0,416533,0,416429,1,started,
416536,100,416536,1,416626,1027400,416629,1,416630,2833697,416631,320000,416631,0,416632,75,416635,32,416625,1958400,416626,1958400,416627,1958400,416629,0,416625,77,416627,88,416628,80,416629,0,416533,1,started,
416630,100,416630,1,416726,1027400,416728,1,416729,707082,416730,320000,416730,0,416730,21,416735,8,416725,1958400,416726,1958400,416727,1958400,416729,0,416726,18,416727,10,416728,33,416729,0,416629,1,started,
416729,100,416729,1,416827,1024536,416831,1,416833,403038,416834,320000,416835,0,416836,23,416840,13,416825,1497600,416827,1267200,416829,1958400,416831,0,416826,20,416829,10,416831,20,416832,0,416729,1,started,
416833,100,416833,1,416927,1024864,416929,1,416929,1247318,416930,320000,416930,0,416931,55,416933,18,416925,1497600,416927,1958400,416928,0,416929,0,416926,36,416928,88,416928,0,416929,0,416832,1,started,
416929,100,416929,1,417027,1025108,417029,1,417029,1331197,417030,320000,417030,0,417031,57,417033,21,417026,1958400,417027,1958400,417028,0,417029,0,417027,55,417028,60,417029,0,417029,0,416929,1,started,
417030,100,417030,1,417132,1025232,417138,1,417140,1119754,417142,320000,417144,0,417145,58,417152,26,417127,1958400,417134,1267200,417136,0,417138,0,417131,90,417136,18,417137,0,417138,0,417029,1,started,
417140,100,417140,1,417228,1025356,417230,1,417230,1666370,417231,320000,417231,0,417232,68,417234,30,417227,1958400,417228,1958400,417229,0,417230,0,417228,100,417229,44,417229,0,417230,0,417139,1,started,
417230,100,417230,1,417330,1025656,417334,1,417336,1205192,417337,320000,417338,0,417340,61,417344,23,417327,1958400,417330,1267200,417332,0,417334,0,417328,100,417331,11,417333,0,417334,0,417230,1,started,
417336,100,417336,1,417429,1025780,417431,1,417433,1299914,417434,320000,417434,0,417435,68,417438,26,417427,1958400,417429,1267200,417431,0,417432,0,417429,100,417430,33,417431,0,417432,0,417335,1,started,
417433,100,417433,1,417529,1026420,417532,1,417533,1205192,417536,320000,417536,0,417538,57,417545,23,417528,1958400,417530,1267200,417531,0,417532,0,417529,100,417531,11,417531,0,417533,0,417432,1,started,
417534,100,417535,1,417630,1027872,417632,1,417633,1701043,417638,320000,417638,0,417639,76,417641,29,417629,1958400,417631,1958400,417632,0,417633,0,417630,57,417631,90,417632,0,417633,0,417533,1,started,
417633,100,417638,1,417730,1027680,417732,1,417733,926678,417733,320000,417734,0,417735,38,417743,16,417729,1958400,417730,1958400,417731,0,417732,0,417730,50,417731,30,417732,0,417733,0,417633,1,started,
417733,100,417733,1,417832,1026820,417834,1,417835,629797,417836,320000,417837,0,417837,33,417840,13,417829,1267200,417833,1958400,417834,0,417835,0,417831,25,417833,45,417834,0,417835,0,417733,1,started,
417835,100,417836,1,417931,1023184,417934,1,417935,945473,417936,320000,417936,0,417937,55,417940,21,417929,1958400,417932,1267200,417933,0,417934,0,417931,63,417933,50,417934,0,417935,0,417835,1,started,
417935,100,417935,1,418031,1023548,418034,1,418035,1089616,418035,320000,418036,0,418036,55,418039,21,418030,1958400,418032,1267200,418033,0,418034,0,418031,90,418033,11,418033,0,418034,0,417935,1,started,
418035,100,418035,1,418131,1023912,418133,1,418134,1446774,418134,320000,418135,0,418135,64,418138,21,418130,1958400,418132,1958400,418133,0,418133,0,418131,25,418132,100,418133,0,418133,0,418034,1,started,
418134,100,418134,1,418232,1024148,418233,1,418234,1539236,418235,320000,418235,0,418236,66,418239,30,418230,1958400,418232,1958400,418233,0,418234,0,418231,45,418233,88,418233,0,418234,0,418134,1,started,
418234,100,418234,1,418332,1024640,418334,1,418334,1412101,418335,320000,418335,0,418336,61,418338,24,418331,1958400,418332,1958400,418333,0,418334,0,418331,22,418333,100,418333,0,418334,0,418234,1,started,
418334,100,418334,1,418432,1024624,418434,1,418435,1273409,418435,320000,418435,0,418436,55,418438,22,418431,1958400,418433,1958400,418433,0,418434,0,418432,80,418433,30,418434,0,418434,0,418334,1,started,
418435,100,418435,1,418534,1024996,418537,1,418538,1200887,418539,320000,418540,0,418541,55,418545,23,418531,1958400,418534,1267200,418536,0,418537,0,418533,100,418535,10,418536,0,418538,0,418434,1,started,
418538,100,418539,1,418633,1025864,418635,1,418635,1504563,418636,320000,418636,0,418637,65,418640,21,418631,1958400,418633,1958400,418634,0,418635,0,418633,40,418634,90,418634,0,418635,0,418538,1,started,
418635,100,418635,1,418734,1026936,418736,1,418737,1551134,418738,320000,418738,0,418739,76,418741,32,418733,1958400,418734,1728000,418735,0,418736,0,418734,81,418735,70,418736,0,418737,0,418635,1,started,
418737,100,418737,1,418834,1027324,418836,1,418837,1862851,418837,320000,418838,0,418839,82,418846,35,418833,1958400,418834,1958400,418835,0,418836,0,418834,71,418835,90,418836,0,418836,0,418737,1,started,
418837,100,418837,1,418935,1027432,418937,1,418938,1851293,418939,200000,418940,0,418941,76,418945,31,418933,1958400,418935,1958400,418936,0,418938,0,418934,80,418936,80,418937,0,418938,0,418837,1,started,
418939,100,418939,1,419035,1027416,419037,1,419037,672409,419038,200000,419038,0,419039,30,419041,13,419033,1958400,419035,1958400,419036,0,419037,0,419034,33,419036,25,419036,0,419037,0,418938,1,started,
419037,100,419037,1,419135,1024136,419137,1,419139,321617,419140,200000,419140,0,419141,31,419144,12,419134,1497600,419136,1267200,419137,0,419138,0,419135,28,419136,33,419137,0,419138,0,419037,1,started,
419139,100,419139,1,419235,1024560,419237,1,419238,1085310,419238,320000,419238,0,419239,52,419243,17,419234,1958400,419236,1267200,419236,0,419237,0,419235,90,419236,10,419237,0,419237,0,419138,1,started,
419238,100,419238,1,419336,1024864,419337,1,419338,1562351,419338,320000,419339,0,419339,68,419342,28,419334,1958400,419336,1958400,419337,0,419338,0,419335,45,419336,90,419337,0,419338,0,419237,1,started,
419338,100,419338,1,419436,1024988,419438,1,419438,1585466,419439,320000,419440,0,419441,72,419444,29,419435,1958400,419436,1958400,419437,0,419438,0,419435,37,419437,100,419437,0,419438,0,419338,1,started,
419438,100,419439,1,419536,1025236,419539,1,419540,1365870,419540,320000,419541,0,419542,57,419545,27,419535,1958400,419537,1958400,419538,0,419539,0,419536,18,419538,100,419538,0,419539,0,419438,1,started,
419540,100,419540,1,419637,1025608,419642,1,419646,1286997,419648,320000,419649,0,419651,68,419660,26,419636,1267200,419638,1958400,419641,0,419643,0,419637,30,419639,100,419641,0,419644,0,419539,1,started,
419646,100,419646,1,419737,1025732,419739,1,419740,1620140,419741,320000,419741,0,419743,70,419746,28,419736,1958400,419737,1958400,419739,0,419740,0,419737,40,419738,100,419739,0,419740,0,419644,1,started,
419740,100,419741,1,419838,1026756,419840,1,419841,1299914,419841,320000,419843,0,419844,68,419849,26,419836,1267200,419838,1958400,419839,0,419840,0,419837,33,419839,100,419840,0,419841,0,419740,1,started,
419841,100,419841,1,419938,1027880,419939,1,419940,1666370,419941,320000,419941,0,419942,70,419945,30,419936,1958400,419938,1958400,419939,0,419939,0,419937,72,419939,72,419939,0,419940,0,419841,1,started,
419940,100,419941,1,420038,1027972,420041,1,420042,348793,420043,320000,420043,0,420044,19,420046,6,420037,1958400,420039,1958400,420040,0,420041,0,420038,30,420040,0,420040,0,420041,0,419940,1,started,
420042,100,420042,1,420142,1024536,420147,1,420149,172252,420149,320000,420150,0,420151,10,420157,4,420138,1958400,420143,1267200,420145,0,420147,0,420141,11,420144,10,420146,0,420148,0,420041,1,started,
420149,100,420149,1,420239,1024916,420240,1,420241,958832,420242,320000,420242,0,420243,70,420245,23,420237,1958400,420239,1267200,420240,0,420241,0,420238,50,420240,88,420240,0,420241,0,420148,1,started,
420241,100,420241,1,420340,1025492,420343,1,420345,1398687,420346,320000,420347,0,420350,65,420358,27,420338,1497600,420341,1958400,420342,0,420344,0,420339,38,420341,100,420342,0,420345,0,420241,1,started,
420345,100,420345,1,420440,1025068,420441,1,420442,1920640,420443,320000,420443,0,420444,84,420446,35,420438,1958400,420440,1958400,420441,0,420441,0,420439,66,420440,100,420441,0,420442,0,420345,1,started,
420442,100,420442,1,420541,1021760,420547,1,420551,1286997,420553,320000,420555,0,420556,68,420564,28,420539,1267200,420542,1958400,420546,0,420548,0,420540,30,420545,100,420546,0,420549,0,420442,1,started,
420551,100,420551,1,420641,1022180,420643,1,420644,1620140,420644,320000,420645,0,420646,66,420648,28,420639,1958400,420641,1958400,420642,0,420643,0,420640,40,420642,100,420642,0,420643,0,420550,1,started,
420644,100,420644,1,420741,1022180,420744,1,420746,1334358,420747,320000,420747,0,420748,68,420751,29,420739,1267200,420742,1958400,420743,0,420745,0,420741,41,420743,100,420744,0,420745,0,420643,1,started,
420746,100,420746,1,420847,1023040,420856,1,420860,1243942,420864,320000,420865,0,420867,65,420876,25,420841,1267200,420849,1958400,420854,0,420858,0,420845,20,420852,100,420855,0,420858,0,420745,1,started,
420860,100,420860,1,420942,1024364,420945,1,420946,2486967,420947,320000,420948,0,420949,76,420953,33,420940,1958400,420942,1958400,420944,1958400,420946,0,420941,77,420943,81,420945,57,420946,0,420858,1,started,
420947,100,420947,1,421042,1024908,421044,1,421045,1250293,421045,320000,421046,0,421046,33,421049,21,421040,1958400,421042,1958400,421043,1958400,421044,0,421041,50,421043,36,421044,22,421044,0,420946,1,started,
421045,100,421045,1,421142,1025112,421145,1,421146,357175,421147,320000,421147,0,421148,13,421152,7,421141,1574400,421142,1267200,421144,1958400,421146,0,421142,0,421144,10,421145,27,421146,0,421045,1,started,
421146,100,421146,1,421243,1021688,421247,1,421248,308567,421249,320000,421249,0,421250,30,421255,14,421241,1267200,421244,1267200,421245,960000,421247,0,421242,11,421245,50,421246,20,421247,0,421146,1,started,
421248,100,421248,1,421343,1022660,421347,1,421348,1370347,421348,320000,421349,0,421350,54,421354,27,421341,1958400,421344,1267200,421345,960000,421347,0,421343,100,421345,30,421346,38,421347,0,421248,1,started,
421348,100,421348,1,421444,1023156,421447,1,421448,1296015,421449,320000,421449,0,421451,45,421455,26,421442,1958400,421444,1267200,421445,960000,421447,0,421443,100,421445,27,421446,10,421447,0,421347,1,started,
421448,100,421448,1,421545,1023520,421547,1,421548,911472,421549,320000,421549,0,421550,53,421554,21,421542,1958400,421545,1267200,421547,0,421548,0,421544,50,421546,77,421547,0,421548,0,421448,1,started,
421548,100,421549,1,421644,1023768,421647,1,421649,1136976,421650,320000,421650,0,421651,57,421655,22,421642,1958400,421645,1267200,421646,0,421648,0,421644,90,421646,22,421647,0,421648,0,421548,1,started,
421649,100,421649,1,421745,1024260,421748,1,421750,1235331,421751,320000,421751,0,421752,57,421755,25,421743,1958400,421745,1267200,421747,0,421749,0,421744,100,421747,18,421748,0,421749,0,421648,1,started,
421750,100,421750,1,421845,1024384,421848,1,421850,1205192,421851,320000,421851,0,421852,57,421855,23,421843,1958400,421846,1267200,421847,0,421849,0,421845,100,421847,11,421848,0,421849,0,421749,1,started,
421850,100,421850,1,421945,1025376,421948,1,421948,1235331,421949,320000,421953,0,421955,59,421961,24,421943,1958400,421946,1267200,421947,0,421948,0,421945,100,421947,18,421947,0,421948,0,421849,1,started,
421949,100,421949,1,422045,1026908,422047,1,422047,1701043,422048,320000,422048,0,422049,75,422051,30,422044,1958400,422045,1958400,422046,0,422047,0,422045,57,422046,90,422047,0,422047,0,421948,1,started,
422047,100,422048,1,422146,1027140,422148,1,422148,495887,422149,320000,422149,0,422150,25,422153,10,422144,1728000,422146,1958400,422147,0,422148,0,422145,30,422147,20,422147,0,422148,0,422047,1,started,
422148,100,422148,1,422246,1027264,422247,1,422248,383466,422249,320000,422249,0,422250,15,422252,6,422244,1958400,422246,1958400,422247,0,422248,0,422245,33,422247,0,422247,0,422248,0,422148,1,started,
422248,100,422248,1,422347,1024088,422349,1,422350,561992,422351,320000,422351,0,422354,47,422363,20,422345,1267200,422347,1497600,422348,0,422349,0,422346,27,422348,70,422349,0,422350,0,422248,1,started,
422350,100,422350,1,422447,1024688,422449,1,422450,1317136,422451,320000,422451,0,422452,72,422456,25,422445,1267200,422447,1958400,422449,0,422450,0,422446,37,422448,100,422449,0,422450,0,422350,1,started,
422450,100,422450,1,422547,1025184,422549,1,422550,1286997,422551,320000,422551,0,422554,65,422567,25,422545,1267200,422547,1958400,422549,0,422550,0,422547,30,422548,100,422549,0,422550,0,422450,1,started,
422550,100,422550,1,422647,1025680,422649,1,422650,1666370,422650,320000,422651,0,422651,73,422655,29,422646,1958400,422648,1958400,422649,0,422649,0,422647,44,422648,100,422649,0,422650,0,422550,1,started,
422650,100,422650,1,422697,1026300,422699,1,422700,1388986,422700,320000,422701,0,422701,60,422712,25,422696,1958400,422697,1958400,422698,0,422699,0,422697,20,422698,100,422699,0,422699,0,422650,1,started,
422700,100,422700,1,422797,1025436,422799,1,422800,2313601,422800,320000,422801,0,422801,100,422809,39,422796,1958400,422798,1958400,422799,0,422799,0,422797,100,422798,100,422799,0,422800,0,422699,1,started,
422800,100,422800,1,422898,1025808,422900,1,422900,1504563,422901,320000,422901,0,422902,65,422905,29,422897,1958400,422898,1958400,422899,0,422900,0,422898,30,422899,100,422900,0,422900,0,422800,1,started,
422901,100,422901,1,422999,1027148,423001,1,423002,1351580,423003,320000,423004,0,423005,72,423011,28,422997,1267200,422999,1958400,423000,0,423001,0,422998,45,423000,100,423000,0,423001,0,422900,1,started,
423002,100,423002,1,423099,1027452,423105,1,423111,1282677,423114,320000,423116,0,423118,83,423129,30,423097,1267200,423100,1958400,423104,0,423107,0,423099,80,423103,81,423105,0,423109,0,423001,1,started,
423111,100,423111,1,423199,1027708,423201,1,423202,2264838,423204,320000,423205,0,423206,81,423219,32,423198,1958400,423199,1958400,423200,960000,423201,0,423199,100,423200,88,423201,41,423202,0,423110,1,started,
423202,100,423204,1,423299,1028028,423302,1,423304,1319640,423305,320000,423305,0,423306,28,423309,23,423298,1958400,423300,1958400,423301,1958400,423303,1958400,423299,30,423301,36,423302,27,423303,21,423202,1,started,
423304,100,423304,1,423400,1027972,423403,1,423404,295081,423405,320000,423406,0,423406,7,423410,6,423398,1267200,423400,1958400,423402,960000,423403,1958400,423399,9,423401,0,423403,0,423404,22,423304,1,started,
423405,100,423405,1,423500,1024620,423503,1,423504,730064,423505,320000,423506,0,423506,32,423510,19,423499,1958400,423500,1267200,423502,960000,423503,0,423499,46,423501,40,423502,11,423504,0,423404,1,started,
423504,100,423505,1,423601,1024660,423604,1,423605,1544044,423605,320000,423606,0,423607,48,423610,24,423599,1958400,423601,1958400,423602,960000,423604,0,423600,30,423602,100,423603,18,423604,0,423504,1,started,
423605,100,423605,1,423701,1025236,423704,1,423705,1296524,423706,320000,423706,0,423707,40,423710,24,423699,1958400,423701,1958400,423703,960000,423704,0,423700,12,423702,100,423703,0,423704,0,423604,1,started,
423705,100,423705,1,423807,1025452,423816,1,423819,1274081,423821,320000,423824,0,423828,58,423837,26,423801,1267200,423808,1958400,423813,0,423817,0,423805,27,423811,100,423814,0,423817,0,423705,1,started,
423819,100,423821,1,423901,1025824,423903,1,423903,1920640,423904,320000,423904,0,423905,81,423907,32,423900,1958400,423901,1958400,423902,0,423903,0,423901,66,423902,100,423903,0,423903,0,423819,1,started,
423904,100,423904,1,424002,1025824,424004,1,424005,1265470,424006,320000,424006,0,424007,59,424010,25,424000,1267200,424003,1958400,424004,0,424005,0,424001,25,424003,100,424004,0,424005,0,423903,1,started,
424005,100,424005,1,424102,1026660,424104,1,424104,1735716,424105,320000,424105,0,424106,75,424108,31,424100,1958400,424102,1958400,424103,0,424104,0,424101,50,424103,100,424104,0,424104,0,424005,1,started,
424105,100,424105,1,424203,1028060,424205,1,424206,1197253,424207,320000,424207,0,424217,66,424221,26,424201,1267200,424203,1958400,424205,0,424205,0,424202,36,424204,90,424205,0,424206,0,424104,1,started,
424206,100,424206,1,424303,1028156,424305,1,424306,1019139,424307,320000,424307,0,424308,36,424310,13,424301,1958400,424303,1958400,424304,0,424305,0,424302,58,424304,30,424305,0,424305,0,424206,1,started,
424306,100,424306,1,424404,1028116,424407,1,424408,276271,424409,320000,424410,0,424411,15,424414,6,424401,1958400,424404,1267200,424406,0,424407,0,424403,20,424405,10,424406,0,424408,0,424306,1,started,
424408,100,424409,1,424503,1025308,424505,1,424505,1354313,424506,320000,424506,0,424507,57,424509,25,424502,1958400,424503,1958400,424504,0,424505,0,424503,77,424504,40,424505,0,424505,0,424408,1,started,
424505,100,424506,1,424604,1025792,424607,1,424608,1243942,424609,320000,424610,0,424611,60,424614,24,424602,1958400,424605,1267200,424606,0,424607,0,424603,100,424606,20,424606,0,424608,0,424505,1,started,
424608,100,424609,1,424707,1026020,424713,1,424717,1205192,424719,320000,424721,0,424723,65,424727,25,424703,1958400,424708,1267200,424710,0,424715,0,424706,100,424709,11,424712,0,424715,0,424608,1,started,
424717,100,424717,1,424804,1026268,424806,1,424807,1781947,424807,320000,424807,0,424808,70,424810,31,424803,1958400,424805,1958400,424806,0,424806,0,424804,100,424805,54,424806,0,424806,0,424717,1,started,
424807,100,424807,1,424905,1026716,424906,1,424907,1157832,424907,320000,424908,0,424908,50,424911,21,424903,1958400,424905,1958400,424906,0,424907,0,424904,0,424906,100,424906,0,424907,0,424807,1,started,
424907,100,424907,1,425005,1026716,425007,1,425007,1246568,425008,320000,425008,0,425009,64,425011,24,425004,1497600,425005,1958400,425006,0,425007,0,425005,14,425006,100,425006,0,425007,0,424907,1,started,
425007,100,425007,1,425105,1027480,425107,1,425108,1243942,425108,320000,425109,0,425109,60,425112,24,425104,1267200,425106,1958400,425107,0,425107,0,425105,20,425106,100,425107,0,425107,0,425007,1,started,
425108,100,425108,1,425206,1028220,425208,1,425209,1824213,425213,320000,425216,0,425217,72,425222,33,425205,1958400,425206,1958400,425207,960000,425209,0,425205,55,425207,100,425208,14,425209,0,425108,1,started,
425209,100,425209,1,425307,1028328,425311,1,425312,1391853,425312,320000,425313,0,425314,53,425319,26,425305,1958400,425307,1958400,425309,960000,425311,0,425306,70,425309,40,425310,54,425311,0,425209,1,started,
425312,100,425312,1,425408,1028328,425412,1,425414,280459,425415,320000,425416,0,425417,10,425421,5,425405,1958400,425408,1958400,425410,960000,425413,0,425407,22,425409,0,425411,11,425413,0,425312,1,started,
425414,100,425414,1,425508,1025716,425511,1,425513,303044,425513,320000,425514,0,425515,26,425520,11,425506,1958400,425508,1267200,425510,960000,425512,0,425507,11,425509,20,425511,40,425512,0,425413,1,started,
425513,100,425513,1,425608,1025564,425612,1,425613,475669,425617,320000,425618,0,425622,52,425628,19,425606,1267200,425609,1267200,425611,0,425612,0,425608,66,425610,44,425611,0,425613,0,425512,1,started,
425615,100,425615,1,425708,1025564,425709,1,425710,1666370,425710,320000,425711,0,425711,70,425714,27,425706,1958400,425708,1958400,425709,0,425709,0,425707,44,425708,100,425709,0,425710,0,425613,1,started,
425710,100,425710,1,425809,1025848,425812,1,425814,1299914,425817,320000,425817,0,425820,71,425827,28,425807,1267200,425809,1958400,425811,0,425812,0,425808,33,425810,100,425811,0,425813,0,425710,1,started,
425814,100,425815,1,425908,1026072,425910,1,425910,1735716,425911,320000,425911,0,425912,72,425914,30,425907,1958400,425908,1958400,425909,0,425910,0,425908,50,425909,100,425910,0,425910,0,425814,1,started,
425910,100,425911,1,426010,1026320,426014,1,426016,1243942,426017,320000,426018,0,426020,63,426025,24,426007,1267200,426010,1958400,426012,0,426014,0,426009,20,426011,100,426013,0,426015,0,425910,1,started,
426016,100,426017,1,426109,1026444,426111,1,426111,1573909,426112,320000,426112,0,426113,66,426115,29,426108,1958400,426109,1958400,426110,0,426111,0,426108,36,426110,100,426110,0,426111,0,426016,1,started,
426111,100,426111,1,426209,1027544,426211,1,426211,1197253,426212,320000,426213,0,426214,61,426220,25,426208,1267200,426209,1958400,426210,0,426211,0,426209,36,426210,90,426210,0,426211,0,426111,1,started,
426211,100,426211,1,426309,1028520,426311,1,426312,1712601,426313,320000,426314,0,426314,68,426317,29,426308,1958400,426310,1958400,426311,0,426312,0,426309,88,426310,60,426311,0,426312,0,426211,1,started,
426312,100,426313,1,426410,1028448,426412,1,426414,510601,426415,320000,426415,0,426416,23,426419,9,426408,1958400,426410,1958400,426412,0,426413,0,426409,33,426411,11,426412,0,426413,0,426312,1,started,
426414,100,426414,1,426510,1025208,426513,1,426513,215307,426514,320000,426515,0,426515,15,426519,5,426509,1958400,426511,1267200,426512,0,426513,0,426510,11,426512,20,426512,0,426513,0,426413,1,started,
426514,100,426514,1,426611,1025524,426613,1,426614,518724,426615,320000,426616,0,426616,61,426620,17,426609,1267200,426611,1267200,426613,0,426614,0,426610,40,426612,80,426613,0,426614,0,426513,1,started,
426614,100,426615,1,426711,1025864,426713,1,426714,1274081,426715,320000,426715,0,426716,60,426719,20,426709,1958400,426711,1267200,426713,0,426714,0,426711,100,426712,27,426713,0,426714,0,426614,1,started,
426714,100,426714,1,426811,1026096,426814,1,426814,1124503,426815,320000,426815,0,426816,65,426819,24,426810,1958400,426812,1267200,426813,0,426814,0,426811,77,426813,54,426813,0,426814,0,426714,1,started,
426814,100,426815,1,426912,1026340,426916,1,426918,1299914,426919,320000,426920,0,426921,68,426925,26,426910,1958400,426913,1267200,426915,0,426916,0,426911,100,426914,33,426915,0,426917,0,426814,1,started,
426918,100,426918,1,427012,1026588,427014,1,427015,1388986,427016,320000,427017,0,427017,60,427020,25,427010,1958400,427012,1958400,427014,0,427015,0,427011,100,427013,20,427014,0,427015,0,426918,1,started,
427016,100,427016,1,427112,1026836,427114,1,427115,1620140,427116,320000,427117,0,427117,70,427120,30,427111,1958400,427113,1958400,427114,0,427115,0,427112,100,427113,40,427114,0,427115,0,427015,1,started,
427116,100,427116,1,427216,1027456,427222,1,427224,1226720,427224,320000,427226,0,427227,58,427232,25,427211,1958400,427218,1267200,427222,0,427223,0,427215,100,427220,16,427222,0,427224,0,427115,1,started,
427224,100,427224,1,427312,1028996,427314,1,427315,1781947,427316,320000,427317,0,427318,75,427321,32,427311,1958400,427313,1958400,427314,0,427314,0,427312,88,427313,66,427314,0,427315,0,427224,1,started,
427315,100,427315,1,427416,1029632,427423,1,427425,1793505,427426,320000,427427,0,427428,80,427431,34,427413,1958400,427416,1958400,427421,0,427423,0,427415,80,427420,75,427421,0,427424,0,427315,1,started,
427425,100,427425,1,427515,1029532,427520,1,427522,1889172,427523,320000,427523,0,427524,60,427528,33,427513,1958400,427516,1958400,427518,960000,427520,1958400,427514,90,427518,71,427519,12,427521,0,427424,1,started,
427522,100,427522,1,427616,1029688,427619,1,427621,365159,427622,320000,427623,0,427624,14,427629,11,427614,1958400,427616,1958400,427618,960000,427620,960000,427615,10,427617,18,427619,0,427621,18,427522,1,started,
427621,100,427622,1,427715,1026544,427718,1,427719,1216632,427719,320000,427720,0,427720,21,427726,17,427714,1958400,427716,1958400,427717,960000,427718,1958400,427715,33,427716,37,427717,11,427719,33,427621,1,started,
427719,100,427719,1,427819,1022756,427822,1,427823,389559,427824,320000,427824,0,427825,50,427828,14,427817,1267200,427819,1267200,427821,0,427823,0,427818,20,427820,70,427821,0,427823,0,427719,1,started,
427823,100,427823,1,427919,1022684,427921,1,427923,1573909,427924,320000,427924,0,427925,66,427928,25,427917,1958400,427920,1958400,427921,0,427922,0,427919,100,427920,36,427921,0,427922,0,427823,1,started,
427923,100,427923,1,428019,1022792,428021,1,428023,1351580,428024,320000,428024,0,428025,71,428029,27,428018,1958400,428020,1267200,428021,0,428022,0,428019,100,428021,45,428021,0,428022,0,427922,1,started,
428023,100,428023,1,428123,1023012,428129,1,428131,1243942,428132,320000,428132,0,428133,61,428137,24,428118,1958400,428123,1267200,428129,0,428130,0,428122,100,428128,20,428129,0,428130,0,428023,1,started,
428131,100,428131,1,428219,1023632,428221,1,428222,1539236,428222,320000,428223,0,428223,66,428225,27,428218,1958400,428220,1958400,428221,0,428221,0,428219,100,428220,33,428221,0,428222,0,428130,1,started,
428222,100,428222,1,428320,1023756,428325,1,428327,1284966,428329,320000,428331,0,428332,57,428340,25,428319,1958400,428321,1958400,428323,0,428325,0,428320,100,428322,11,428323,0,428327,0,428222,1,started,
428329,100,428329,1,428420,1024800,428422,1,428423,1735716,428423,320000,428423,0,428424,75,428426,29,428419,1958400,428420,1958400,428421,0,428422,0,428420,100,428421,50,428422,0,428422,0,428327,1,started,
428423,100,428423,1,428521,1026084,428523,1,428524,1227178,428525,320000,428525,0,428526,47,428530,20,428519,1958400,428521,1958400,428522,0,428523,0,428520,66,428522,40,428522,0,428523,0,428422,1,started,
428524,100,428524,1,428621,1026312,428624,1,428625,206696,428625,320000,428626,0,428627,11,428630,4,428620,1958400,428622,1267200,428623,0,428624,0,428621,11,428623,18,428623,0,428624,0,428524,1,started,
428625,100,428625,1,428722,1023240,428725,1,428727,327938,428728,320000,428728,0,428729,21,428733,7,428720,1958400,428722,1267200,428724,0,428725,0,428721,20,428724,22,428725,0,428726,0,428624,1,started,
428727,100,428727,1,428821,1024084,428823,1,428824,1299914,428824,320000,428825,0,428826,68,428828,26,428820,1267200,428822,1958400,428823,0,428823,0,428821,33,428823,100,428823,0,428824,0,428726,1,started,
428824,100,428824,1,428922,1024456,428924,1,428924,1227178,428925,320000,428925,0,428926,52,428928,20,428920,1958400,428922,1958400,428923,0,428924,0,428921,66,428923,40,428923,0,428924,0,428824,1,started,
428924,100,428924,1,429022,1024828,429024,1,429025,1204063,429025,320000,429026,0,429026,55,429028,23,429021,1958400,429022,1958400,429023,0,429024,0,429022,60,429023,44,429024,0,429024,0,428924,1,started,
429025,100,429025,1,429123,1025076,429124,1,429125,1585466,429126,320000,429126,0,429127,70,429129,27,429121,1958400,429123,1958400,429124,0,429125,0,429122,37,429124,100,429124,0,429125,0,429025,1,started,
429125,100,429125,1,429223,1025692,429226,1,429227,1273409,429227,320000,429228,0,429229,55,429231,22,429221,1958400,429223,1958400,429225,0,429226,0,429223,100,429225,10,429225,0,429226,0,429125,1,started,
429227,100,429227,1,429324,1025916,429326,1,429326,1017296,429327,320000,429327,0,429328,61,429331,28,429322,1958400,429324,1497600,429325,0,429326,0,429323,33,429325,100,429325,0,429326,0,429226,1,started,
429327,100,429327,1,429424,1026584,429427,1,429429,1235331,429430,320000,429430,0,429432,57,429435,23,429422,1958400,429425,1267200,429427,0,429428,0,429424,100,429426,18,429427,0,429428,0,429326,1,started,
429429,100,429429,1,429524,1028072,429526,1,429527,1504563,429527,320000,429528,0,429529,65,429531,21,429523,1958400,429524,1958400,429526,0,429527,0,429524,60,429525,70,429526,0,429527,0,429429,1,started,
429527,100,429527,1,429625,1028308,429627,1,429628,291005,429628,320000,429629,0,429630,12,429632,5,429623,1958400,429625,1958400,429626,0,429627,0,429624,14,429626,11,429626,0,429627,0,429518,2,stopped,
429628,100,429628,1,429726,1028308,429729,1,429730,118311,429731,320000,429732,0,429733,17,429737,7,429723,1267200,429726,1267200,429728,0,429729,0,429725,9,429727,18,429728,0,429730,0,429527,2,stopped,
429731,100,429731,1,429826,1025380,429828,1,429829,333587,429830,320000,429830,0,429832,35,429835,11,429824,1267200,429826,1267200,429827,0,429828,0,429825,37,429827,40,429828,0,429829,0,429627,2,stopped,
429829,100,429829,1,429926,1025756,429928,1,429929,677844,429929,320000,429930,0,429931,36,429934,9,429924,1958400,429926,1267200,429927,0,429928,0,429925,54,429927,12,429928,0,429929,0,429730,2,stopped,
429929,100,429929,1,430026,1025812,430027,1,430028,1504563,430029,320000,430029,0,430030,61,430032,17,430024,1958400,430026,1958400,430027,0,430028,0,430025,50,430027,80,430027,0,430028,0,429829,2,stopped,
430028,100,430028,1,430126,1026040,430128,1,430128,1504563,430129,320000,430129,0,430130,65,430142,28,430124,1958400,430126,1958400,430127,0,430128,0,430125,30,430127,100,430127,0,430128,0,429929,2,stopped,
430128,100,430128,1,430226,1026288,430228,1,430229,1469890,430229,320000,430230,0,430230,65,430255,27,430225,1958400,430226,1958400,430227,0,430228,0,430226,27,430227,100,430228,0,430228,0,430028,2,stopped,
430229,100,430229,1,430327,1025432,430329,1,430330,1446774,430330,320000,430331,0,430331,66,430334,25,430325,1958400,430327,1958400,430328,0,430329,0,430326,25,430328,100,430328,0,430329,0,430128,2,stopped,
430330,100,430330,1,430427,1025412,430429,1,430430,1412101,430431,320000,430431,0,430432,63,430434,28,430425,1958400,430427,1958400,430428,0,430429,0,430426,22,430428,100,430429,0,430430,0,430229,2,stopped,
430430,100,430430,1,430530,1025412,430537,1,430541,1299914,430543,320000,430545,0,430547,69,430556,29,430526,1267200,430531,1958400,430535,0,430539,0,430529,33,430535,100,430537,0,430539,0,430329,2,stopped,
430541,100,430541,1,430627,1025412,430629,1,430629,1885966,430630,320000,430630,0,430631,76,430633,32,430626,1958400,430627,1958400,430628,0,430629,0,430627,63,430628,100,430629,0,430629,0,430430,2,stopped,
430629,100,430629,1,430730,1025536,430738,1,430741,1243942,430743,320000,430745,0,430748,66,430756,28,430726,1267200,430731,1958400,430736,0,430739,0,430728,20,430734,100,430737,0,430739,0,430539,2,stopped,
430741,100,430741,1,430828,1025536,430829,1,430830,1735716,430830,320000,430831,0,430831,66,430834,29,430826,1958400,430828,1958400,430829,0,430829,0,430827,50,430829,100,430829,0,430830,0,430629,2,stopped,
430830,100,430830,1,430929,1025536,430934,1,430936,1252553,430939,320000,430941,0,430943,66,430946,28,430927,1267200,430929,1958400,430931,0,430934,0,430928,22,430930,100,430933,0,430936,0,430741,2,stopped,
430936,100,430938,1,431028,1025660,431030,1,431030,1735716,431031,320000,431031,0,431032,72,431035,30,431027,1958400,431029,1958400,431029,0,431030,0,431028,50,431029,100,431030,0,431030,0,430830,2,stopped,
431031,100,431031,1,431129,1025660,431131,1,431134,1412101,431137,320000,431139,0,431141,66,431148,27,431127,1958400,431129,1958400,431130,0,431132,0,431128,22,431130,100,431131,0,431132,0,430936,2,stopped,
431135,100,431135,1,431229,1025784,431230,1,431231,1504563,431231,320000,431232,0,431233,65,431235,25,431228,1958400,431229,1958400,431230,0,431231,0,431228,30,431230,100,431230,0,431231,0,431030,2,stopped,
431231,100,431231,1,431329,1025784,431331,1,431331,1620140,431332,320000,431333,0,431334,70,431337,30,431328,1958400,431330,1958400,431330,0,431331,0,431329,40,431330,100,431331,0,431331,0,431134,2,stopped,
431332,100,431332,1,431431,1025784,431439,1,431441,1200887,431442,320000,431442,0,431443,59,431446,24,431428,1267200,431433,1958400,431436,0,431440,0,431430,10,431435,100,431439,0,431440,0,431231,2,stopped,
431441,100,431441,1,431530,1025908,431531,1,431532,1920640,431533,320000,431533,0,431534,80,431536,33,431528,1958400,431530,1958400,431531,0,431532,0,431529,66,431531,100,431531,0,431532,0,431331,2,stopped,
431532,100,431533,1,431630,1025908,431635,1,431637,1388986,431639,320000,431639,0,431641,60,431647,27,431629,1958400,431631,1958400,431633,0,431635,0,431630,20,431632,100,431634,0,431636,0,431440,2,stopped,
431637,100,431637,1,431730,1025908,431733,1,431733,1308082,431734,320000,431735,0,431735,55,431738,21,431729,1958400,431731,1958400,431732,0,431733,0,431730,50,431731,63,431732,0,431733,0,431532,2,stopped,
431734,100,431734,1,431831,1025760,431833,1,431834,926678,431834,320000,431835,0,431836,42,431838,14,431829,1958400,431831,1958400,431832,0,431833,0,431830,50,431832,30,431833,0,431833,0,431637,2,stopped,
431834,100,431834,1,431931,1025876,431934,1,431934,730197,431935,320000,431936,0,431936,28,431939,12,431930,1958400,431931,1958400,431933,0,431934,0,431931,36,431933,27,431933,0,431934,0,431733,2,stopped,
431935,100,431935,1,432031,1026008,432034,1,432034,1388986,432035,320000,432035,0,432036,57,432038,16,432030,1958400,432032,1958400,432033,0,432034,0,432031,66,432033,54,432033,0,432034,0,431833,2,stopped,
432034,100,432035,1,432133,1026008,432137,1,432139,233216,432141,320000,432141,0,432143,15,432147,6,432130,1958400,432133,1958400,432136,0,432138,0,432132,11,432135,9,432136,0,432138,0,431934,2,stopped,
432139,100,432140,1,432232,1026368,432234,1,432234,1597024,432235,320000,432235,0,432236,66,432238,27,432231,1958400,432232,1958400,432233,0,432234,0,432232,58,432233,80,432234,0,432234,0,432034,2,stopped,
432234,100,432235,1,432333,1026692,432344,1,432347,1205664,432351,320000,432351,0,432355,62,432365,26,432331,1036800,432335,1958400,432339,0,432344,0,432333,18,432337,100,432341,0,432346,0,432139,2,stopped,
432347,100,432349,1,432433,1027064,432434,1,432435,1851293,432435,320000,432436,0,432436,75,432439,31,432431,1958400,432433,1958400,432434,0,432434,0,432432,60,432434,100,432434,0,432435,0,432234,2,stopped,
432435,100,432435,1,432534,1027188,432539,1,432542,1269233,432545,320000,432546,0,432548,68,432558,28,432532,1190400,432535,1958400,432537,0,432540,0,432533,30,432536,100,432537,0,432542,0,432346,2,stopped,
432544,100,432544,1,432633,1027436,432635,1,432636,1666370,432636,320000,432636,0,432637,70,432639,28,432632,1958400,432634,1958400,432635,0,432635,0,432633,44,432634,100,432635,0,432635,0,432435,2,stopped,
432636,100,432636,1,432735,1027808,432738,1,432739,1201700,432740,320000,432741,0,432742,60,432746,26,432733,960000,432735,1958400,432737,0,432738,0,432734,20,432736,100,432737,0,432738,0,432542,2,stopped,
432739,100,432740,1,432835,1029268,432838,1,432839,1108057,432840,320000,432840,0,432841,60,432853,22,432833,960000,432836,1958400,432837,0,432838,0,432834,30,432837,90,432838,0,432839,0,432635,2,stopped,
432839,100,432839,1,432942,1029588,432954,1,432955,719765,432955,320000,432956,0,432956,34,432959,11,432933,1958400,432943,1497600,432953,0,432954,0,432935,44,432953,33,432954,0,432954,0,432739,2,stopped,
432955,100,432955,1,433037,1028688,433039,1,433040,741755,433040,320000,433040,0,433041,35,433044,14,433034,1958400,433038,1958400,433039,0,433039,0,433035,36,433038,28,433039,0,433039,0,432839,2,stopped,
433040,100,433040,1,433135,1025284,433137,1,433138,518810,433138,320000,433139,0,433139,44,433142,18,433134,1728000,433136,960000,433137,0,433137,0,433135,50,433136,36,433137,0,433138,0,432954,2,stopped,
433138,100,433138,1,433237,1025380,433247,1,433252,1181959,433255,320000,433257,0,433261,65,433273,22,433235,960000,433239,1958400,433245,0,433249,0,433236,11,433244,100,433247,0,433250,0,433040,2,stopped,
433252,100,433253,1,433336,1025856,433338,1,433339,1851293,433340,320000,433340,0,433341,75,433343,30,433335,1958400,433337,1958400,433338,0,433339,0,433336,60,433337,100,433338,0,433339,0,433138,2,stopped,
433339,100,433340,1,433439,1026104,433444,1,433447,1388986,433448,320000,433450,0,433452,63,433458,28,433436,1958400,433440,1958400,433442,0,433444,0,433438,20,433442,100,433443,0,433446,0,433252,2,stopped,
433448,100,433448,1,433537,1026600,433539,1,433540,1343501,433541,320000,433541,0,433542,72,433545,30,433535,1190400,433537,1958400,433539,0,433540,0,433536,50,433538,100,433539,0,433540,0,433339,2,stopped,
433540,100,433540,1,433638,1026600,433647,1,433649,1184153,433651,320000,433653,0,433654,68,433663,24,433636,960000,433639,1958400,433644,0,433647,0,433638,12,433642,100,433645,0,433649,0,433446,2,stopped,
433649,100,433649,1,433737,1027144,433739,1,433739,1781947,433740,320000,433740,0,433741,70,433745,30,433736,1958400,433737,1958400,433738,0,433739,0,433737,54,433738,100,433739,0,433739,0,433540,2,stopped,
433739,100,433740,1,433838,1028408,433841,1,433842,1121217,433844,320000,433845,0,433846,66,433850,24,433836,960000,433839,1958400,433840,0,433841,0,433838,36,433840,90,433841,0,433842,0,433649,2,stopped,
433842,100,433843,1,433939,1028408,433941,1,433943,194999,433943,320000,433944,0,433945,16,433948,3,433937,960000,433939,1958400,433940,0,433941,0,433938,30,433940,11,433941,0,433942,0,433739,2,stopped,
433943,100,433943,1,434041,1028408,434054,1,434061,91276,434064,320000,434066,0,434068,36,434074,9,434038,960000,434043,652800,434053,0,434054,0,434040,33,434045,22,434053,0,434061,0,433842,2,stopped,
434062,100,434063,1,434143,1025640,434145,1,434146,781285,434146,320000,434147,0,434147,37,434150,14,434137,1497600,434143,1958400,434144,0,434145,0,434141,50,434144,40,434145,0,434146,0,433942,2,stopped,
434146,100,434146,1,434239,1025948,434241,1,434241,811101,434242,320000,434243,0,434243,38,434249,15,434238,1958400,434239,1958400,434240,0,434241,0,434239,33,434240,37,434240,0,434241,0,434061,2,stopped,
434241,100,434241,1,434339,1025920,434341,1,434342,346699,434343,320000,434343,0,434344,33,434347,13,434338,1574400,434340,1190400,434341,0,434342,0,434339,25,434341,45,434341,0,434342,0,434146,2,stopped,
434342,100,434342,1,434441,1026012,434445,1,434448,201662,434450,320000,434451,0,434454,50,434460,11,434439,960000,434441,960000,434444,0,434446,0,434440,55,434443,36,434445,0,434447,0,434241,2,stopped,
434448,100,434449,1,434540,1026240,434542,1,434542,1447115,434543,320000,434543,0,434544,68,434546,25,434539,1958400,434540,1728000,434541,0,434542,0,434540,72,434541,70,434542,0,434542,0,434342,2,stopped,
434543,100,434543,1,434641,1026240,434642,1,434643,348793,434643,320000,434644,0,434644,15,434647,6,434639,1958400,434641,1728000,434642,0,434643,0,434640,30,434642,0,434642,0,434643,0,434448,2,stopped,
434643,100,434643,1,434741,1026240,434747,1,434749,152734,434750,320000,434751,0,434753,17,434760,6,434739,1958400,434742,960000,434745,0,434748,0,434741,10,434745,16,434746,0,434748,0,434542,2,stopped,
434749,100,434749,1,434842,1026240,434845,1,434846,134875,434847,320000,434848,0,434849,31,434854,6,434840,883200,434843,960000,434844,0,434846,0,434841,44,434844,25,434845,0,434846,0,434643,2,stopped,
434847,100,434847,1,434943,1026240,434946,1,434947,140247,434948,320000,434949,0,434950,28,434954,6,434940,960000,434943,960000,434945,0,434946,0,434942,45,434944,18,434945,0,434947,0,434748,2,stopped,
434947,100,434947,1,435043,1026240,435046,1,435048,52199,435049,320000,435050,0,435051,31,435056,5,435041,422400,435044,960000,435046,0,435047,0,435043,44,435045,20,435046,0,435047,0,434846,2,stopped,
435048,100,435048,1,435144,1026240,435147,1,435149,554469,435150,320000,435150,0,435152,31,435155,10,435141,1958400,435144,960000,435146,0,435148,0,435143,44,435146,20,435147,0,435148,0,434947,2,stopped,
435149,100,435149,1,435252,1026240,435266,1,435276,217,435277,320000,435277,0,435278,42,435281,8,435243,300000,435254,300000,435261,0,435268,0,435250,25,435259,33,435264,0,435270,0,435047,2,stopped,
435276,100,435277,1,435344,1025596,435346,1,435347,961351,435348,320000,435348,0,435349,26,435351,9,435342,1958400,435344,1958400,435345,0,435346,0,435343,58,435345,25,435346,0,435347,0,435148,2,stopped,
435347,100,435347,1,435444,1025596,435447,1,435448,117639,435448,320000,435449,0,435450,5,435452,2,435443,1958400,435445,1958400,435446,0,435447,0,435444,10,435445,0,435446,0,435447,0,435276,2,stopped,
435448,100,435448,1,435546,1025504,435549,1,435550,339260,435551,320000,435551,0,435553,22,435556,8,435544,1958400,435547,960000,435548,0,435549,0,435545,25,435548,22,435549,0,435550,0,435347,2,stopped,
435550,100,435550,1,435652,1025876,435661,1,435667,20753,435668,320000,435669,0,435671,32,435677,5,435646,960000,435654,300000,435659,0,435662,0,435649,9,435658,33,435660,0,435666,0,435447,2,stopped,
435667,100,435667,1,435746,1025304,435748,1,435748,1388986,435749,320000,435749,0,435750,53,435752,13,435745,1958400,435746,1958400,435747,0,435748,0,435746,70,435747,50,435748,0,435748,0,435550,2,stopped,
435749,100,435749,1,435846,1025304,435848,1,435849,117639,435849,320000,435850,0,435850,5,435854,2,435845,1958400,435847,1958400,435848,0,435848,0,435846,10,435848,0,435848,0,435849,0,435666,2,stopped,
435849,100,435849,1,435948,1025304,435950,1,435951,282653,435952,320000,435954,0,435955,22,435958,7,435946,1958400,435948,960000,435950,0,435951,0,435947,22,435949,12,435950,0,435951,0,435748,2,stopped,
435951,100,435951,1,436049,1025304,436054,1,436055,23997,436057,320000,436058,0,436059,5,436064,1,436046,960000,436050,960000,436052,0,436054,0,436048,0,436051,10,436053,0,436055,0,435849,2,stopped,
436056,100,436056,1,436148,1025304,436150,1,436150,218732,436151,320000,436151,0,436152,25,436156,7,436146,1958400,436148,883200,436149,0,436150,0,436147,12,436149,44,436149,0,436150,0,435951,2,stopped,
436150,100,436150,1,436250,1025428,436255,1,436256,41544,436258,320000,436259,0,436261,17,436265,3,436247,960000,436251,883200,436253,0,436255,0,436249,18,436252,0,436254,0,436256,0,436055,2,stopped,
436257,100,436257,1,436349,1025428,436350,1,436351,745498,436351,320000,436352,0,436353,40,436355,9,436347,1958400,436349,652800,436350,0,436351,0,436348,63,436350,20,436350,0,436351,0,436150,2,stopped,
436351,100,436351,1,436449,1025428,436452,1,436453,233216,436454,320000,436454,0,436456,10,436462,4,436448,1958400,436450,652800,436451,0,436452,0,436449,20,436451,0,436451,0,436452,0,436256,2,stopped,
436453,100,436453,1,436550,1025644,436552,1,436553,624463,436554,320000,436554,0,436555,45,436558,14,436549,1190400,436551,1958400,436552,0,436553,0,436550,40,436551,41,436552,0,436553,0,436351,2,stopped,
436553,100,436554,1,436650,1026100,436653,1,436654,1284966,436654,320000,436655,0,436656,57,436658,18,436649,1958400,436651,1958400,436652,0,436653,0,436650,100,436652,11,436652,0,436653,0,436453,2,stopped,
436654,100,436654,1,436750,1026428,436753,1,436754,1469890,436755,320000,436756,0,436757,61,436760,27,436749,1958400,436751,1958400,436752,0,436753,0,436750,100,436751,27,436752,0,436754,0,436553,2,stopped,
436754,100,436754,1,436854,1026676,436857,1,436859,1197313,436860,320000,436861,0,436862,55,436866,23,436850,1958400,436854,960000,436856,0,436858,0,436852,100,436856,18,436857,0,436858,0,436653,2,stopped,
436859,100,436860,1,436953,1026800,436957,1,436959,1206087,436961,320000,436962,0,436963,66,436969,23,436950,1958400,436953,960000,436955,0,436957,0,436952,100,436955,22,436956,0,436958,0,436754,2,stopped,
436959,100,436960,1,437052,1027172,437054,1,437055,1539236,437056,320000,437056,0,437057,64,437059,26,437050,1958400,437052,1958400,437053,0,437054,0,437051,100,437053,33,437054,0,437055,0,436859,2,stopped,
437055,100,437055,1,437153,1027172,437156,1,437157,1223634,437157,320000,437158,0,437159,65,437163,26,437151,1958400,437153,960000,437155,0,437156,0,437152,100,437154,30,437155,0,437156,0,436959,2,stopped,
437157,100,437157,1,437262,1028452,437265,1,437267,1223634,437268,320000,437269,0,437270,66,437273,24,437252,1958400,437262,960000,437264,0,437266,0,437257,100,437264,30,437265,0,437266,0,437055,2,stopped,
437267,100,437267,1,437365,1014172,437369,1,437371,2025080,437372,320000,437373,0,437374,80,437379,35,437362,1958400,437365,1958400,437367,960000,437370,0,437364,72,437366,100,437369,16,437370,0,437156,2,stopped,
437371,100,437371,1,437455,1013908,437461,1,437462,1254342,437463,320000,437464,0,437466,50,437487,27,437453,1958400,437456,1958400,437459,960000,437461,0,437455,45,437459,55,437460,44,437462,0,437266,2,stopped,
437462,100,437462,1,437556,1014084,437565,1,437567,2120579,437569,320000,437570,0,437572,78,437577,42,437554,1958400,437556,1728000,437564,960000,437566,1190400,437555,90,437563,71,437565,88,437567,71,437371,2,stopped,
437567,100,437567,1,437657,1010660,437660,1,437662,1080522,437663,200000,437664,0,437664,36,437669,21,437655,1958400,437657,1958400,437658,960000,437661,1190400,437656,37,437658,40,437660,25,437662,36,437462,2,stopped,
437662,100,437663,1,437760,1010660,437765,1,437770,370291,437771,200000,437771,0,437772,24,437779,16,437756,1497600,437761,1036800,437763,960000,437766,960000,437758,22,437763,44,437765,11,437769,40,437567,2,stopped,
437770,100,437770,1,437859,1010196,437862,1,437864,248212,437865,200000,437865,0,437867,22,437871,8,437857,1497600,437859,1036800,437862,0,437863,0,437858,25,437861,33,437862,0,437863,0,437662,2,stopped,
437864,100,437864,1,437961,1010124,437968,1,437972,66326,437974,200000,437975,0,437978,50,437989,9,437958,652800,437962,652800,437965,0,437969,0,437960,40,437965,44,437967,0,437970,0,437770,2,stopped,
437973,100,437973,1,438059,1010124,438060,1,438061,859356,438062,200000,438062,0,438063,41,438066,11,438057,1958400,438059,960000,438060,0,438061,0,438058,70,438060,22,438060,0,438061,0,437864,2,stopped,
438061,100,438061,1,438161,1010124,438174,1,438176,117639,438177,320000,438182,0,438184,13,438189,4,438158,1958400,438165,960000,438173,0,438174,0,438160,10,438172,0,438173,0,438175,0,437971,2,stopped,
438176,100,438176,1,438259,1008800,438261,1,438262,1412101,438262,320000,438263,0,438264,52,438266,20,438258,1958400,438260,1958400,438261,0,438261,0,438259,60,438260,62,438261,0,438262,0,438061,2,stopped,
438262,100,438262,1,438360,1008888,438365,1,438367,129197,438368,320000,438368,0,438369,5,438372,2,438359,1958400,438360,1958400,438365,0,438366,0,438360,11,438361,0,438365,0,438366,0,438175,2,stopped,
438367,100,438367,1,438461,1008824,438463,1,438464,440073,438465,320000,438466,0,438466,25,438469,9,438459,1958400,438461,960000,438463,0,438464,0,438460,36,438462,10,438463,0,438464,0,438262,2,stopped,
438465,100,438465,1,438561,1008824,438564,1,438565,173065,438566,320000,438566,0,438567,15,438570,4,438559,1958400,438561,960000,438563,0,438564,0,438560,11,438563,20,438563,0,438564,0,438367,2,stopped,
438565,100,438565,1,438661,1009032,438663,1,438664,880447,438665,320000,438665,0,438666,42,438669,18,438659,1958400,438661,1958400,438663,0,438664,0,438660,36,438662,40,438663,0,438664,0,438464,2,stopped,
438664,100,438665,1,438763,1009332,438770,1,438775,1202392,438778,320000,438780,0,438783,65,438793,26,438760,1190400,438764,1958400,438768,0,438772,0,438761,12,438767,100,438770,0,438773,0,438565,2,stopped,
438775,100,438775,1,438862,1009704,438864,1,438865,1735716,438866,320000,438866,0,438867,72,438869,27,438860,1958400,438862,1958400,438863,0,438864,0,438861,50,438863,100,438864,0,438865,0,438664,2,stopped,
438865,100,438865,1,438966,1009828,438976,1,438978,1206087,438978,320000,438980,0,438982,65,438988,26,438961,960000,438968,1958400,438973,0,438976,0,438965,22,438971,100,438974,0,438976,0,438775,2,stopped,
438978,100,438978,1,439063,1010324,439065,1,439066,1666370,439067,320000,439067,0,439068,72,439070,29,439061,1958400,439063,1958400,439064,0,439065,0,439062,44,439064,100,439065,0,439065,0,438865,2,stopped,
439066,100,439066,1,439164,1010324,439171,1,439183,1291514,439183,320000,439184,0,439184,66,439186,27,439161,1190400,439164,1958400,439167,0,439182,0,439163,36,439165,100,439168,0,439182,0,438977,2,stopped,
439183,100,439183,1,,,,,,,,,,,,,,,,,,,,,,,,,,,,,,,439066,2,stopped,
,,,,,,,,,,,,,,,,,,,,,,,,,,,,,,,,,,439183,2,stopped,

System Statistics:
Sensor Id,Name,Type,Average
205,"Battery Remaining (%)",Battery Remaining [%],100.0
206,"Battery Status",Battery Status,1.0
328,"Memory Usage",Memory Usage [KB],1020020.9580291971
331,"Screen Brightness",Brightness,1.0
332,"Battery Power*",Power [uW],1303700.9213047444
400,"GPU Frequency",GPU Frequency [KHz],318029.197080292
401,"GPU Load",GPU Load [%],0.0
600,"CPU Load",CPU Load [%],55.39507299270073
601,"CPU Load (Normalized)",CPU Load [%],23.345574817518248
1000,"CPU1 Frequency",CPU Frequency [kHz],1834447.99270073
1001,"CPU2 Frequency",CPU Frequency [kHz],1839174.6350364964
1002,"CPU3 Frequency",CPU Frequency [kHz],223466.60583941606
1003,"CPU4 Frequency",CPU Frequency [kHz],50916.788321167885
1096,"CPU1 Load",CPU Load [%],51.590784671532845
1097,"CPU2 Load",CPU Load [%],60.268932481751825
1098,"CPU3 Load",CPU Load [%],4.413549270072993
1099,"CPU4 Load",CPU Load [%],0.7595802919708029

Application State Statistics:
App State 0,"App State 0",Start Time: 0.00 s,End Time: 3.92 s
Sensor Id,Name,Type,Average
205,"Battery Remaining (%)",Battery Remaining [%],100.0
206,"Battery Status",Battery Status,1.0
328,"Memory Usage",Memory Usage [KB],1007096.2105263158
331,"Screen Brightness",Brightness,1.0
332,"Battery Power*",Power [uW],593311.5789473684
400,"GPU Frequency",GPU Frequency [KHz],320000.0
401,"GPU Load",GPU Load [%],0.0
600,"CPU Load",CPU Load [%],29.105263157894736
601,"CPU Load (Normalized)",CPU Load [%],10.368421052631579
1000,"CPU1 Frequency",CPU Frequency [kHz],1750231.5789473683
1001,"CPU2 Frequency",CPU Frequency [kHz],1605536.8421052631
1002,"CPU3 Frequency",CPU Frequency [kHz],0.0
1003,"CPU4 Frequency",CPU Frequency [kHz],0.0
1096,"CPU1 Load",CPU Load [%],34.921052631578945
1097,"CPU2 Load",CPU Load [%],22.026315789473685
1098,"CPU3 Load",CPU Load [%],0.0
1099,"CPU4 Load",CPU Load [%],0.0
App State 1,"started",Start Time: 3.92 s,End Time: 429.52 s
Sensor Id,Name,Type,Average
205,"Battery Remaining (%)",Battery Remaining [%],100.0
206,"Battery Status",Battery Status,1.0
328,"Memory Usage",Memory Usage [KB],1020062.131826742
331,"Screen Brightness",Brightness,1.0
332,"Battery Power*",Power [uW],1318046.6139359698
400,"GPU Frequency",GPU Frequency [KHz],318107.35969868174
401,"GPU Load",GPU Load [%],0.0
600,"CPU Load",CPU Load [%],55.803201506591336
601,"CPU Load (Normalized)",CPU Load [%],23.581214689265536
1000,"CPU1 Frequency",CPU Frequency [kHz],1839304.8717345258
1001,"CPU2 Frequency",CPU Frequency [kHz],1846797.7401129943
1002,"CPU3 Frequency",CPU Frequency [kHz],229490.95291902072
1003,"CPU4 Frequency",CPU Frequency [kHz],51760.45197740113
1096,"CPU1 Load",CPU Load [%],51.993645563662035
1097,"CPU2 Load",CPU Load [%],60.74176082862524
1098,"CPU3 Load",CPU Load [%],4.51153483992467
1099,"CPU4 Load",CPU Load [%],0.7492937853107344
App State 2,"stopped",Start Time: 429.52 s,End Time: 439.28 s
Sensor Id,Name,Type,Average
205,"Battery Remaining (%)",Battery Remaining [%],100.0
206,"Battery Status",Battery Status,1.0
328,"Memory Usage",Memory Usage [KB],1023248.4897959183
331,"Screen Brightness",Brightness,1.0
332,"Battery Power*",Power [uW],957316.4897959183
400,"GPU Frequency",GPU Frequency [KHz],313877.55102040817
401,"GPU Load",GPU Load [%],0.0
600,"CPU Load",CPU Load [%],47.89795918367347
601,"CPU Load (Normalized)",CPU Load [%],18.163265306122447
1000,"CPU1 Frequency",CPU Frequency [kHz],1654688.6597938144
1001,"CPU2 Frequency",CPU Frequency [kHz],1599330.612244898
1002,"CPU3 Frequency",CPU Frequency [kHz],48979.5918367347
1003,"CPU4 Frequency",CPU Frequency [kHz],34089.795918367345
1096,"CPU1 Load",CPU Load [%],40.47422680412371
1097,"CPU2 Load",CPU Load [%],54.60204081632653
1098,"CPU3 Load",CPU Load [%],1.8775510204081634
1099,"CPU4 Load",CPU Load [%],1.5

